0.00100001 1 2 28.9997
0.00100001 2 2 32.6275
0.00100001 3 2 10.2137
0.00100001 4 2 14.611
0.00100001 5 2 8.83705
0.00100001 6 2 12.1483
0.00260001 1 2 28.8615
0.00260001 2 2 32.5138
0.00260001 3 2 10.0939
0.00260001 4 2 15.8673
0.00260001 5 2 8.80695
0.00260001 6 2 12.2147
0.00420001 1 2 28.9853
0.00420001 2 2 32.5781
0.00420001 3 2 9.62023
0.00420001 4 2 16.198
0.00420001 5 2 8.73937
0.00420001 6 2 12.2137
0.00580001 1 2 28.9428
0.00580001 2 2 32.5398
0.00580001 3 2 10.1067
0.00580001 4 2 15.0884
0.00580001 5 2 8.62005
0.00580001 6 2 12.2536
0.00740001 1 2 29.0211
0.00740001 2 2 32.5698
0.00740001 3 2 9.98551
0.00740001 4 2 13.6986
0.00740001 5 2 8.54462
0.00740001 6 2 12.2784
0.00900001 1 2 28.9636
0.00900001 2 2 32.6688
0.00900001 3 2 10.0449
0.00900001 4 2 14.6774
0.00900001 5 2 8.4786
0.00900001 6 2 12.3204
0.0106 1 2 29.0238
0.0106 2 2 32.6939
0.0106 3 2 9.38088
0.0106 4 2 16.1947
0.0106 5 2 8.59388
0.0106 6 2 12.2493
0.0122 1 2 28.9733
0.0122 2 2 32.5866
0.0122 3 2 10.0026
0.0122 4 2 16.6659
0.0122 5 2 8.45186
0.0122 6 2 12.1311
0.0138 1 2 28.9946
0.0138 2 2 32.5616
0.0138 3 2 10.1357
0.0138 4 2 15.7017
0.0138 5 2 8.42517
0.0138 6 2 12.322
0.0154 1 2 28.9885
0.0154 2 2 32.5815
0.0154 3 2 10.302
0.0154 4 2 14.2711
0.0154 5 2 8.37467
0.0154 6 2 12.3153
0.017 1 2 29.0092
0.017 2 2 32.5921
0.017 3 2 9.74286
0.017 4 2 14.8045
0.017 5 2 8.32497
0.017 6 2 12.2574
0.0186 1 2 28.8716
0.0186 2 2 32.5386
0.0186 3 2 9.42041
0.0186 4 2 16.3
0.0186 5 2 8.25758
0.0186 6 2 12.278
0.0202 1 2 28.7404
0.0202 2 2 32.598
0.0202 3 2 9.93994
0.0202 4 2 17.1036
0.0202 5 2 8.25761
0.0202 6 2 12.4332
0.0218 1 2 28.7949
0.0218 2 2 32.6009
0.0218 3 2 9.64123
0.0218 4 2 16.1694
0.0218 5 2 8.20341
0.0218 6 2 12.4306
0.0234 1 2 28.8885
0.0234 2 2 32.606
0.0234 3 2 9.6021
0.0234 4 2 14.6482
0.0234 5 2 8.12393
0.0234 6 2 12.2969
0.025 1 2 28.8561
0.025 2 2 32.5898
0.025 3 2 9.57181
0.025 4 2 14.8343
0.025 5 2 8.13088
0.025 6 2 12.202
0.0266 1 2 28.8126
0.0266 2 2 32.5673
0.0266 3 2 9.91899
0.0266 4 2 16.2166
0.0266 5 2 8.18999
0.0266 6 2 12.3043
0.0282 1 2 28.8672
0.0282 2 2 32.5722
0.0282 3 2 9.6082
0.0282 4 2 17.177
0.0282 5 2 8.13341
0.0282 6 2 12.2904
0.0298 1 2 28.8052
0.0298 2 2 32.6419
0.0298 3 2 9.29625
0.0298 4 2 16.5471
0.0298 5 2 8.31166
0.0298 6 2 12.4866
0.0314 1 2 28.7082
0.0314 2 2 32.6916
0.0314 3 2 9.87187
0.0314 4 2 15.0634
0.0314 5 2 8.33471
0.0314 6 2 12.4859
0.033 1 2 28.7509
0.033 2 2 32.6941
0.033 3 2 9.86197
0.033 4 2 14.5961
0.033 5 2 8.26823
0.033 6 2 12.5425
0.0346 1 2 28.8901
0.0346 2 2 32.7716
0.0346 3 2 9.84483
0.0346 4 2 15.9021
0.0346 5 2 8.37049
0.0346 6 2 12.5054
0.0362 1 2 28.8337
0.0362 2 2 32.8419
0.0362 3 2 8.93408
0.0362 4 2 16.9913
0.0362 5 2 8.3489
0.0362 6 2 12.5487
0.0378 1 2 28.8426
0.0378 2 2 32.8695
0.0378 3 2 9.36591
0.0378 4 2 16.6882
0.0378 5 2 8.383
0.0378 6 2 12.6234
0.0394 1 2 28.8808
0.0394 2 2 32.9118
0.0394 3 2 9.77271
0.0394 4 2 15.2611
0.0394 5 2 8.46727
0.0394 6 2 12.5805
0.041 1 2 28.9632
0.041 2 2 32.8179
0.041 3 2 9.63005
0.041 4 2 14.5915
0.041 5 2 8.37168
0.041 6 2 12.5332
0.0426 1 2 29.0453
0.0426 2 2 32.7276
0.0426 3 2 9.5689
0.0426 4 2 15.8528
0.0426 5 2 8.39395
0.0426 6 2 12.4753
0.0442 1 2 29.1678
0.0442 2 2 32.6278
0.0442 3 2 9.32348
0.0442 4 2 17.014
0.0442 5 2 8.62288
0.0442 6 2 12.4829
0.0458 1 2 29.2356
0.0458 2 2 32.6049
0.0458 3 2 9.79719
0.0458 4 2 16.7708
0.0458 5 2 8.6788
0.0458 6 2 12.4904
0.0474 1 2 29.3221
0.0474 2 2 32.5221
0.0474 3 2 9.234
0.0474 4 2 15.5409
0.0474 5 2 8.76036
0.0474 6 2 12.6314
0.049 1 2 29.2335
0.049 2 2 32.412
0.049 3 2 9.46171
0.049 4 2 14.1013
0.049 5 2 8.79714
0.049 6 2 12.6793
0.0506 1 2 29.2222
0.0506 2 2 32.4517
0.0506 3 2 9.62301
0.0506 4 2 15.2514
0.0506 5 2 8.85563
0.0506 6 2 12.472
0.0522 1 2 29.2417
0.0522 2 2 32.4444
0.0522 3 2 9.87667
0.0522 4 2 16.5124
0.0522 5 2 8.98158
0.0522 6 2 12.2522
0.0538 1 2 29.3217
0.0538 2 2 32.4591
0.0538 3 2 9.36976
0.0538 4 2 16.7095
0.0538 5 2 9.00645
0.0538 6 2 12.0246
0.0554 1 2 29.3124
0.0554 2 2 32.3874
0.0554 3 2 9.09167
0.0554 4 2 15.4795
0.0554 5 2 8.86644
0.0554 6 2 12.2527
0.057 1 2 29.2941
0.057 2 2 32.3445
0.057 3 2 9.76834
0.057 4 2 14.3345
0.057 5 2 8.83755
0.057 6 2 12.2072
0.0586 1 2 29.3032
0.0586 2 2 32.3905
0.0586 3 2 9.81168
0.0586 4 2 15.167
0.0586 5 2 8.88831
0.0586 6 2 12.3555
0.0602 1 2 29.2463
0.0602 2 2 32.3724
0.0602 3 2 9.88676
0.0602 4 2 16.5694
0.0602 5 2 8.95136
0.0602 6 2 12.2338
0.0618 1 2 29.2682
0.0618 2 2 32.366
0.0618 3 2 9.10804
0.0618 4 2 16.7463
0.0618 5 2 8.91251
0.0618 6 2 12.1769
0.0634 1 2 29.3851
0.0634 2 2 32.3442
0.0634 3 2 9.52129
0.0634 4 2 15.6116
0.0634 5 2 8.90892
0.0634 6 2 11.9747
0.065 1 2 29.4141
0.065 2 2 32.2673
0.065 3 2 9.66783
0.065 4 2 14.0965
0.065 5 2 8.92579
0.065 6 2 12.168
0.0666 1 2 29.4776
0.0666 2 2 32.2083
0.0666 3 2 9.76653
0.0666 4 2 14.7043
0.0666 5 2 9.03561
0.0666 6 2 12.1566
0.0682 1 2 29.4881
0.0682 2 2 32.1495
0.0682 3 2 9.56872
0.0682 4 2 16.144
0.0682 5 2 9.00571
0.0682 6 2 12.15
0.0698 1 2 29.3953
0.0698 2 2 32.1229
0.0698 3 2 9.43265
0.0698 4 2 16.5246
0.0698 5 2 8.97226
0.0698 6 2 12.0607
0.0714 1 2 29.4422
0.0714 2 2 31.9748
0.0714 3 2 9.81227
0.0714 4 2 15.4415
0.0714 5 2 9.04363
0.0714 6 2 12.0525
0.073 1 2 29.4403
0.073 2 2 31.9525
0.073 3 2 9.15634
0.073 4 2 14.1847
0.073 5 2 9.07452
0.073 6 2 12.0733
0.0746 1 2 29.4405
0.0746 2 2 32.0231
0.0746 3 2 9.56483
0.0746 4 2 14.4499
0.0746 5 2 9.12486
0.0746 6 2 12.0594
0.0762 1 2 29.442
0.0762 2 2 32.0737
0.0762 3 2 9.82229
0.0762 4 2 15.8926
0.0762 5 2 9.02553
0.0762 6 2 12.148
0.0778 1 2 29.4553
0.0778 2 2 32.2066
0.0778 3 2 9.93237
0.0778 4 2 16.4806
0.0778 5 2 8.98484
0.0778 6 2 12.0627
0.0794 1 2 29.3667
0.0794 2 2 32.1985
0.0794 3 2 9.38324
0.0794 4 2 15.7568
0.0794 5 2 9.03703
0.0794 6 2 12.3034
0.081 1 2 29.3939
0.081 2 2 32.2245
0.081 3 2 9.17695
0.081 4 2 14.3104
0.081 5 2 9.07872
0.081 6 2 12.2274
0.0826 1 2 29.4146
0.0826 2 2 32.3038
0.0826 3 2 10.0031
0.0826 4 2 14.1601
0.0826 5 2 9.03587
0.0826 6 2 12.568
0.0842 1 2 29.3371
0.0842 2 2 32.2484
0.0842 3 2 9.90598
0.0842 4 2 15.9534
0.0842 5 2 8.95934
0.0842 6 2 12.5833
0.0858 1 2 29.3836
0.0858 2 2 32.3298
0.0858 3 2 9.91713
0.0858 4 2 16.6606
0.0858 5 2 8.89389
0.0858 6 2 12.5256
0.0874 1 2 29.4094
0.0874 2 2 32.3008
0.0874 3 2 9.38859
0.0874 4 2 16.2727
0.0874 5 2 8.89929
0.0874 6 2 12.4516
0.089 1 2 29.3203
0.089 2 2 32.3057
0.089 3 2 9.59678
0.089 4 2 14.6514
0.089 5 2 8.9391
0.089 6 2 12.5933
0.0906 1 2 29.2621
0.0906 2 2 32.3532
0.0906 3 2 9.76352
0.0906 4 2 14.251
0.0906 5 2 9.09958
0.0906 6 2 12.6424
0.0922 1 2 29.1625
0.0922 2 2 32.3133
0.0922 3 2 9.61
0.0922 4 2 15.726
0.0922 5 2 9.0103
0.0922 6 2 12.5882
0.0938 1 2 29.2591
0.0938 2 2 32.2997
0.0938 3 2 9.75846
0.0938 4 2 16.743
0.0938 5 2 9.01675
0.0938 6 2 12.88
0.0954 1 2 29.308
0.0954 2 2 32.317
0.0954 3 2 9.7165
0.0954 4 2 16.4471
0.0954 5 2 9.05318
0.0954 6 2 12.7629
0.097 1 2 29.3115
0.097 2 2 32.3121
0.097 3 2 9.89792
0.097 4 2 14.8725
0.097 5 2 9.07055
0.097 6 2 12.841
0.0986 1 2 29.2159
0.0986 2 2 32.3258
0.0986 3 2 9.08482
0.0986 4 2 14.27
0.0986 5 2 9.22577
0.0986 6 2 12.8519
0.1002 1 2 29.2124
0.1002 2 2 32.276
0.1002 3 2 9.43474
0.1002 4 2 15.6022
0.1002 5 2 9.20416
0.1002 6 2 12.899
0.1018 1 2 29.2029
0.1018 2 2 32.262
0.1018 3 2 9.71481
0.1018 4 2 16.8145
0.1018 5 2 9.18409
0.1018 6 2 12.7764
0.1034 1 2 29.0806
0.1034 2 2 29.4007
0.1034 3 2 9.48238
0.1034 4 2 14.6866
0.1034 5 2 9.04162
0.1034 6 2 15.6384
0.105 1 2 29.0926
0.105 2 2 29.4548
0.105 3 2 9.00665
0.105 4 2 13.9777
0.105 5 2 8.99779
0.105 6 2 15.8422
0.1066 1 2 29.0479
0.1066 2 2 29.4024
0.1066 3 2 9.11167
0.1066 4 2 13.8254
0.1066 5 2 8.92783
0.1066 6 2 15.8608
0.1082 1 2 29.0423
0.1082 2 2 29.4746
0.1082 3 2 9.52531
0.1082 4 2 14.3181
0.1082 5 2 8.97315
0.1082 6 2 15.8508
0.1098 1 2 29.0812
0.1098 2 2 29.4909
0.1098 3 2 9.58696
0.1098 4 2 14.8771
0.1098 5 2 8.93648
0.1098 6 2 15.5955
0.1114 1 2 29.1855
0.1114 2 2 29.4404
0.1114 3 2 9.24411
0.1114 4 2 14.802
0.1114 5 2 8.82239
0.1114 6 2 15.5112
0.113 1 2 29.215
0.113 2 2 29.5019
0.113 3 2 9.30812
0.113 4 2 13.962
0.113 5 2 9.08231
0.113 6 2 15.6235
0.1146 1 2 29.1949
0.1146 2 2 29.4603
0.1146 3 2 9.81377
0.1146 4 2 13.394
0.1146 5 2 9.5916
0.1146 6 2 15.7194
0.1162 1 2 29.2422
0.1162 2 2 29.4622
0.1162 3 2 10.0867
0.1162 4 2 13.7866
0.1162 5 2 9.39388
0.1162 6 2 15.6697
0.1178 1 2 29.2981
0.1178 2 2 29.4052
0.1178 3 2 9.63688
0.1178 4 2 14.715
0.1178 5 2 8.96596
0.1178 6 2 15.4205
0.1194 1 2 29.3008
0.1194 2 2 29.3855
0.1194 3 2 9.43688
0.1194 4 2 14.8491
0.1194 5 2 8.89677
0.1194 6 2 15.2186
0.121 1 2 29.3803
0.121 2 2 29.3462
0.121 3 2 9.75088
0.121 4 2 14.2285
0.121 5 2 9.16687
0.121 6 2 15.1764
0.1226 1 2 29.3907
0.1226 2 2 29.4145
0.1226 3 2 9.93912
0.1226 4 2 13.7453
0.1226 5 2 9.17353
0.1226 6 2 15.2598
0.1242 1 2 29.4329
0.1242 2 2 29.3812
0.1242 3 2 9.4905
0.1242 4 2 14.0958
0.1242 5 2 9.34242
0.1242 6 2 15.1967
0.1258 1 2 29.3192
0.1258 2 2 29.432
0.1258 3 2 9.05203
0.1258 4 2 14.6809
0.1258 5 2 9.52916
0.1258 6 2 15.1414
0.1274 1 2 29.2709
0.1274 2 2 29.516
0.1274 3 2 9.28517
0.1274 4 2 14.7882
0.1274 5 2 9.46025
0.1274 6 2 14.9459
0.129 1 2 29.2722
0.129 2 2 29.3866
0.129 3 2 9.51914
0.129 4 2 14.1101
0.129 5 2 9.1394
0.129 6 2 14.8144
0.1306 1 2 29.3368
0.1306 2 2 29.4651
0.1306 3 2 9.53051
0.1306 4 2 13.2281
0.1306 5 2 9.22848
0.1306 6 2 14.8792
0.1322 1 2 29.2871
0.1322 2 2 29.5136
0.1322 3 2 9.61891
0.1322 4 2 13.2401
0.1322 5 2 9.64682
0.1322 6 2 14.9013
0.1338 1 2 29.2605
0.1338 2 2 29.4895
0.1338 3 2 9.96691
0.1338 4 2 13.9159
0.1338 5 2 9.66845
0.1338 6 2 14.7225
0.1354 1 2 29.4062
0.1354 2 2 29.4582
0.1354 3 2 10.1179
0.1354 4 2 14.2563
0.1354 5 2 9.5188
0.1354 6 2 14.637
0.137 1 2 29.329
0.137 2 2 29.4549
0.137 3 2 10.0768
0.137 4 2 13.838
0.137 5 2 9.59544
0.137 6 2 14.6627
0.1386 1 2 29.3752
0.1386 2 2 29.4154
0.1386 3 2 10.1232
0.1386 4 2 13.3244
0.1386 5 2 9.64591
0.1386 6 2 14.7298
0.1402 1 2 29.4085
0.1402 2 2 29.3692
0.1402 3 2 10.2526
0.1402 4 2 13.386
0.1402 5 2 9.40781
0.1402 6 2 14.571
0.1418 1 2 29.3833
0.1418 2 2 29.4044
0.1418 3 2 10.0154
0.1418 4 2 14.2271
0.1418 5 2 9.48078
0.1418 6 2 14.6502
0.1434 1 2 29.4125
0.1434 2 2 29.3593
0.1434 3 2 9.84479
0.1434 4 2 14.4441
0.1434 5 2 9.75517
0.1434 6 2 14.6965
0.145 1 2 29.4128
0.145 2 2 29.2889
0.145 3 2 9.99501
0.145 4 2 14.1081
0.145 5 2 9.68511
0.145 6 2 14.6461
0.1466 1 2 29.4346
0.1466 2 2 29.363
0.1466 3 2 10.0688
0.1466 4 2 13.2988
0.1466 5 2 9.36108
0.1466 6 2 14.7475
0.1482 1 2 29.3946
0.1482 2 2 29.4004
0.1482 3 2 9.75933
0.1482 4 2 13.0468
0.1482 5 2 9.14411
0.1482 6 2 14.6129
0.1498 1 2 29.5611
0.1498 2 2 29.4332
0.1498 3 2 9.30054
0.1498 4 2 13.6363
0.1498 5 2 9.43486
0.1498 6 2 14.5819
0.1514 1 2 29.479
0.1514 2 2 29.4798
0.1514 3 2 9.62908
0.1514 4 2 14.245
0.1514 5 2 9.5211
0.1514 6 2 14.6258
0.153 1 2 29.5376
0.153 2 2 29.5236
0.153 3 2 10.2787
0.153 4 2 14.0901
0.153 5 2 9.34879
0.153 6 2 14.8412
0.1546 1 2 29.3746
0.1546 2 2 29.6686
0.1546 3 2 10.4609
0.1546 4 2 13.425
0.1546 5 2 9.46303
0.1546 6 2 14.8899
0.1562 1 2 29.3423
0.1562 2 2 29.7249
0.1562 3 2 10.217
0.1562 4 2 13.1993
0.1562 5 2 9.477
0.1562 6 2 14.8796
0.1578 1 2 29.2889
0.1578 2 2 29.7731
0.1578 3 2 10.2526
0.1578 4 2 14.0117
0.1578 5 2 9.33816
0.1578 6 2 14.7527
0.1594 1 2 29.2839
0.1594 2 2 29.6976
0.1594 3 2 10.8044
0.1594 4 2 14.7229
0.1594 5 2 9.24116
0.1594 6 2 14.7568
0.161 1 2 29.2272
0.161 2 2 29.7397
0.161 3 2 10.7152
0.161 4 2 14.6001
0.161 5 2 9.42246
0.161 6 2 14.8313
0.1626 1 2 29.2119
0.1626 2 2 29.7701
0.1626 3 2 10.2854
0.1626 4 2 13.9722
0.1626 5 2 9.5147
0.1626 6 2 14.9958
0.1642 1 2 29.1432
0.1642 2 2 29.7873
0.1642 3 2 10.2896
0.1642 4 2 13.4152
0.1642 5 2 9.20182
0.1642 6 2 15.0146
0.1658 1 2 29.0495
0.1658 2 2 29.8512
0.1658 3 2 10.6619
0.1658 4 2 13.735
0.1658 5 2 9.07672
0.1658 6 2 14.9896
0.1674 1 2 29.0513
0.1674 2 2 29.7678
0.1674 3 2 10.7516
0.1674 4 2 14.3201
0.1674 5 2 9.1534
0.1674 6 2 15.0968
0.169 1 2 29.028
0.169 2 2 29.8378
0.169 3 2 10.4777
0.169 4 2 14.4491
0.169 5 2 9.32253
0.169 6 2 15.0607
0.1706 1 2 28.9846
0.1706 2 2 29.7451
0.1706 3 2 10.2163
0.1706 4 2 14.0599
0.1706 5 2 9.17731
0.1706 6 2 15.0241
0.1722 1 2 29.0375
0.1722 2 2 29.7118
0.1722 3 2 10.3933
0.1722 4 2 13.5547
0.1722 5 2 9.11563
0.1722 6 2 15.0624
0.1738 1 2 29.0698
0.1738 2 2 29.747
0.1738 3 2 10.4263
0.1738 4 2 14.0154
0.1738 5 2 9.22867
0.1738 6 2 15.1442
0.1754 1 2 29.1156
0.1754 2 2 29.755
0.1754 3 2 10.4565
0.1754 4 2 14.8889
0.1754 5 2 9.12144
0.1754 6 2 15.2588
0.177 1 2 29.1332
0.177 2 2 29.7714
0.177 3 2 10.6514
0.177 4 2 15.1831
0.177 5 2 8.78219
0.177 6 2 15.1894
0.1786 1 2 29.1715
0.1786 2 2 29.6847
0.1786 3 2 10.8899
0.1786 4 2 14.8391
0.1786 5 2 9.03453
0.1786 6 2 15.0901
0.1802 1 2 29.2291
0.1802 2 2 29.7663
0.1802 3 2 10.6946
0.1802 4 2 14.0982
0.1802 5 2 9.3885
0.1802 6 2 15.2287
0.1818 1 2 29.1952
0.1818 2 2 29.812
0.1818 3 2 10.759
0.1818 4 2 14.1761
0.1818 5 2 9.43492
0.1818 6 2 15.2019
0.1834 1 2 29.1824
0.1834 2 2 29.8015
0.1834 3 2 10.7889
0.1834 4 2 14.6522
0.1834 5 2 9.27591
0.1834 6 2 15.1109
