0.006 1 1 0
0.006 2 1 0
0.006 3 1 0
0.006 4 1 0
0.006 5 1 0
0.006 6 1 0
0.012 1 1 4
0.013 2 1 4
0.014 3 1 4
0.015 4 1 4
0.016 5 1 4
0.016 1 1 0
0.016 2 1 0
0.016 3 1 0
0.016 4 1 0
0.016 5 1 0
0.016 6 1 0
0.017 6 1 4
0.022 1 1 0
0.023 2 1 0
0.024 3 1 0
0.025 4 1 0
0.026 5 1 0
0.026 1 1 0
0.026 2 1 0
0.026 3 1 0
0.026 4 1 0
0.026 5 1 0
0.026 6 1 0
0.027 6 1 0
0.0296 1 1 0
0.0296 2 1 0
0.0296 3 1 0
0.0307083 1 1 0
0.0307125 2 1 0
0.0307166 3 1 0
0.032 1 1 7
0.033 2 1 7
0.034 3 1 7
0.0346 4 1 0
0.0346 5 1 0
0.0346 6 1 0
0.035 4 1 7
0.0357083 4 1 0
0.0357125 5 1 0
0.0357166 6 1 0
0.036 5 1 7
0.036 1 1 0
0.036 2 1 0
0.036 3 1 0
0.036 4 1 0
0.036 5 1 0
0.036 6 1 0
0.037 6 1 7
0.0387144 6 3 0
0.0387145 2 3 0
0.0387146 3 3 0
0.0387147 5 3 0
0.0387148 4 3 0
0.0387149 1 3 0
0.0396 1 1 0
0.0396 2 1 0
0.0396 3 1 0
0.0407083 1 1 0
0.0407125 2 1 0
0.0407166 3 1 0
0.042 1 1 0
0.042 1 3 0
0.043 2 1 0
0.043 2 3 0
0.0439286 1 3 0
0.0439286 2 3 0
0.0439286 3 3 0
0.044 3 1 0
0.044 3 3 0
0.0446 4 1 0
0.0446 5 1 0
0.0446 6 1 0
0.045 4 1 0
0.045 4 3 0
0.0457083 4 1 0
0.0457125 5 1 0
0.0457166 6 1 0
0.046 5 1 0
0.046 5 3 0
0.046 1 1 15
0.046 2 1 15
0.046 3 1 15
0.046 4 1 0
0.046 5 1 0
0.046 6 1 0
0.047 6 1 0
0.047 6 3 0
0.0487144 6 3 0
0.0487145 2 3 0
0.0487146 3 3 0
0.0487147 5 3 0
0.0487148 4 3 0
0.0487149 1 3 0
0.0489286 4 3 0
0.0489286 5 3 0
0.0489286 6 3 0
0.0496 1 1 0
0.0496 2 1 0
0.0496 3 1 0
0.0507083 1 1 0
0.0507125 2 1 0
0.0507166 3 1 0
0.052 1 1 0
0.052 1 3 0
0.053 2 1 0
0.053 2 3 0
0.0539286 1 3 0
0.0539286 2 3 0
0.0539286 3 3 0
0.054 3 1 0
0.054 3 3 0
0.0546 4 1 0
0.0546 5 1 0
0.0546 6 1 0
0.055 4 1 0
0.055 4 3 0
0.0557083 4 1 0
0.0557125 5 1 0
0.0557166 6 1 0
0.056 5 1 0
0.056 5 3 0
0.056 1 1 15
0.056 2 1 15
0.056 3 1 15
0.056 4 1 15
0.056 5 1 15
0.056 6 1 15
0.057 6 1 0
0.057 6 3 0
0.0587144 6 3 0
0.0587145 2 3 0
0.0587146 3 3 0
0.0587147 5 3 0
0.0587148 4 3 0
0.0587149 1 3 0
0.0589286 4 3 0
0.0589286 5 3 0
0.0589286 6 3 0
0.0596 1 1 0
0.0596 2 1 0
0.0596 3 1 0
0.0607083 1 1 0
0.0607125 2 1 0
0.0607166 3 1 0
0.062 1 1 0
0.062 1 3 0
0.063 2 1 0
0.063 2 3 0
0.0639286 1 3 0
0.0639286 2 3 0
0.0639286 3 3 0
0.064 3 1 0
0.064 3 3 0
0.0646 4 1 0
0.0646 5 1 0
0.0646 6 1 0
0.065 4 1 0
0.065 4 3 0
0.0657083 4 1 0
0.0657125 5 1 0
0.0657166 6 1 0
0.066 5 1 0
0.066 5 3 0
0.066 1 1 15
0.066 2 1 15
0.066 3 1 0
0.066 4 1 15
0.066 5 1 15
0.066 6 1 15
0.067 6 1 0
0.067 6 3 0
0.068 2 3 0
0.0687144 6 3 0
0.0687145 2 3 0
0.0687146 3 3 0
0.0687147 5 3 0
0.0687148 4 3 0
0.0687149 1 3 0
0.0689286 4 3 0
0.0689286 5 3 0
0.0689286 6 3 0
0.0696 1 1 0
0.0696 2 1 0
0.0696 3 1 0
0.0707083 1 1 0
0.0707125 2 1 0
0.0707166 3 1 0
0.072 1 1 3
0.072 1 3 0
0.072 3 3 0
0.073 2 1 3
0.073 2 3 0
0.073 1 3 0
0.0739286 1 3 0
0.0739286 2 3 0
0.0739286 3 3 0
0.074 3 1 3
0.074 3 3 0
0.0746 4 1 0
0.0746 5 1 0
0.0746 6 1 0
0.075 4 1 3
0.075 4 3 0
0.075 6 3 0
0.0757083 4 1 0
0.0757125 5 1 0
0.0757166 6 1 0
0.076 5 1 3
0.076 5 3 0
0.076 5 3 0
0.076 1 1 0
0.076 2 1 0
0.076 3 1 0
0.076 4 1 0
0.076 5 1 0
0.076 6 1 0
0.077 6 1 3
0.077 6 3 0
0.077 4 3 0
0.078 2 3 0
0.0787144 6 3 0
0.0787145 2 3 0
0.0787146 3 3 0
0.0787147 5 3 0
0.0787148 4 3 0
0.0787149 1 3 0
0.0789286 4 3 0
0.0789286 5 3 0
0.0789286 6 3 0
0.0796 1 1 0
0.0796 2 1 0
0.0796 3 1 0
0.0807083 1 1 0
0.0807125 2 1 0
0.0807166 3 1 0
0.082 1 1 0
0.082 1 3 0
0.082 3 3 0
0.083 2 1 3
0.083 2 3 0
0.083 1 3 0
0.0839286 1 3 0
0.0839286 2 3 0
0.0839286 3 3 0
0.084 3 1 3
0.084 3 3 0
0.0846 4 1 0
0.0846 5 1 0
0.0846 6 1 0
0.085 4 1 0
0.085 4 3 0
0.085 6 3 0
0.0857083 4 1 0
0.0857125 5 1 0
0.0857166 6 1 0
0.086 5 1 0
0.086 5 3 0
0.086 5 3 0
0.086 1 1 0
0.086 2 1 0
0.086 3 1 0
0.086 4 1 0
0.086 5 1 0
0.086 6 1 0
0.087 6 1 0
0.087 6 3 0
0.087 4 3 0
0.088 2 3 0
0.0887144 6 3 0
0.0887145 2 3 0
0.0887146 3 3 0
0.0887147 5 3 0
0.0887148 4 3 0
0.0887149 1 3 0
0.0889286 4 3 0
0.0889286 5 3 0
0.0889286 6 3 0
0.0896 1 1 0
0.0896 2 1 0
0.0896 3 1 0
0.0907083 1 1 0
0.0907125 2 1 0
0.0907166 3 1 0
0.092 1 1 0
0.092 1 3 0
0.092 3 3 0
0.093 2 1 0
0.093 2 3 0
0.093 1 3 0
0.0939286 1 3 0
0.0939286 2 3 0
0.0939286 3 3 0
0.094 3 1 0
0.094 3 3 0
0.0946 4 1 0
0.0946 5 1 0
0.0946 6 1 0
0.095 4 1 0
0.095 4 3 0
0.095 6 3 0
0.0957083 4 1 0
0.0957125 5 1 0
0.0957166 6 1 0
0.096 5 1 0
0.096 5 3 0
0.096 5 3 0
0.096 1 1 0
0.096 2 1 0
0.096 3 1 0
0.096 4 1 0
0.096 5 1 0
0.096 6 1 0
0.097 6 1 0
0.097 6 3 0
0.097 4 3 0
0.098 2 3 0
0.0987144 6 3 0
0.0987145 2 3 0
0.0987146 3 3 0
0.0987147 5 3 0
0.0987148 4 3 0
0.0987149 1 3 0
0.0989286 4 3 0
0.0989286 5 3 0
0.0989286 6 3 0
0.0996 1 1 0
0.0996 2 1 0
0.0996 3 1 0
0.100708 1 1 0
0.100712 2 1 0
0.100717 3 1 0
0.102 1 1 0
0.102 1 3 0
0.102 3 3 0
0.103 2 1 0
0.103 2 3 0
0.103 1 3 0
0.103929 1 3 0
0.103929 2 3 0
0.103929 3 3 0
0.104 3 1 0
0.104 3 3 0
0.1046 4 1 0
0.1046 5 1 0
0.1046 6 1 0
0.105 4 1 0
0.105 4 3 0
0.105 6 3 0
0.105708 4 1 0
0.105712 5 1 0
0.105717 6 1 0
0.106 5 1 0
0.106 5 3 0
0.106 5 3 0
0.106 1 1 0
0.106 2 1 0
0.106 3 1 0
0.106 4 1 0
0.106 5 1 0
0.106 6 1 0
0.107 6 1 0
0.107 6 3 0
0.107 4 3 0
0.108 2 3 0
0.108714 6 3 0
0.108715 2 3 0
0.108715 3 3 0
0.108715 5 3 0
0.108715 4 3 0
0.108715 1 3 0
0.108929 4 3 0
0.108929 5 3 0
0.108929 6 3 0
0.1096 1 1 0
0.1096 2 1 0
0.1096 3 1 0
0.110708 1 1 0
0.110712 2 1 0
0.110717 3 1 0
0.112 1 1 0
0.112 1 3 0
0.112 3 3 0
0.113 2 1 0
0.113 2 3 0
0.113 1 3 0
0.113929 1 3 0
0.113929 2 3 0
0.113929 3 3 0
0.114 3 1 0
0.114 3 3 0
0.1146 4 1 0
0.1146 5 1 0
0.1146 6 1 0
0.115 4 1 0
0.115 4 3 0
0.115 6 3 0
0.115708 4 1 0
0.115712 5 1 0
0.115717 6 1 0
0.116 5 1 0
0.116 5 3 0
0.116 5 3 0
0.116 1 1 0
0.116 2 1 0
0.116 3 1 0
0.116 4 1 0
0.116 5 1 0
0.116 6 1 0
0.117 6 1 0
0.117 6 3 0
0.117 4 3 0
0.118 2 3 0
0.118714 6 3 0
0.118715 2 3 0
0.118715 3 3 0
0.118715 5 3 0
0.118715 4 3 0
0.118715 1 3 0
0.118929 4 3 0
0.118929 5 3 0
0.118929 6 3 0
0.1196 1 1 0
0.1196 2 1 0
0.1196 3 1 0
0.120708 1 1 0
0.120712 2 1 0
0.120717 3 1 0
0.122 1 1 0
0.122 1 3 0
0.122 3 3 0
0.123 2 1 0
0.123 2 3 0
0.123 1 3 0
0.123929 1 3 0
0.123929 2 3 0
0.123929 3 3 0
0.124 3 1 0
0.124 3 3 0
0.1246 4 1 0
0.1246 5 1 0
0.1246 6 1 0
0.125 4 1 0
0.125 4 3 0
0.125 6 3 0
0.125708 4 1 0
0.125712 5 1 0
0.125717 6 1 0
0.126 5 1 0
0.126 5 3 0
0.126 5 3 0
0.126 1 1 0
0.126 2 1 0
0.126 3 1 0
0.126 4 1 0
0.126 5 1 0
0.126 6 1 0
0.127 6 1 0
0.127 6 3 0
0.127 4 3 702
0.128 2 3 54
0.128714 6 3 0
0.128715 2 3 0
0.128715 3 3 0
0.128715 5 3 0
0.128715 4 3 0
0.128715 1 3 0
0.128929 4 3 0
0.128929 5 3 0
0.128929 6 3 0
0.1296 1 1 0
0.1296 2 1 0
0.1296 3 1 0
0.130708 1 1 0
0.130712 2 1 0
0.130717 3 1 0
0.132 1 1 0
0.132 1 3 0
0.132 3 3 0
0.133 2 1 0
0.133 2 3 0
0.133 1 3 0
0.133929 1 3 0
0.133929 2 3 0
0.133929 3 3 0
0.134 3 1 0
0.134 3 3 0
0.1346 4 1 0
0.1346 5 1 0
0.1346 6 1 0
0.135 4 1 0
0.135 4 3 0
0.135 6 3 0
0.135708 4 1 0
0.135712 5 1 0
0.135717 6 1 0
0.136 5 1 0
0.136 5 3 0
0.136 5 3 0
0.136 1 1 0
0.136 2 1 0
0.136 3 1 0
0.136 4 1 0
0.136 5 1 0
0.136 6 1 0
0.137 6 1 0
0.137 6 3 0
0.137 4 3 2646
0.138 2 3 216
0.138714 6 3 0
0.138715 2 3 0
0.138715 3 3 0
0.138715 5 3 0
0.138715 4 3 0
0.138715 1 3 0
0.138929 4 3 11
0.138929 5 3 0
0.138929 6 3 0
0.1396 1 1 0
0.1396 2 1 0
0.1396 3 1 0
0.140708 1 1 0
0.140712 2 1 0
0.140717 3 1 0
0.142 1 1 0
0.142 1 3 0
0.142 3 3 0
0.143 2 1 0
0.143 2 3 0
0.143 1 3 0
0.143929 1 3 0
0.143929 2 3 0
0.143929 3 3 0
0.144 3 1 0
0.144 3 3 0
0.1446 4 1 0
0.1446 5 1 0
0.1446 6 1 0
0.145 4 1 0
0.145 4 3 0
0.145 6 3 0
0.145708 4 1 0
0.145712 5 1 0
0.145717 6 1 0
0.146 5 1 0
0.146 5 3 0
0.146 5 3 0
0.146 1 1 0
0.146 2 1 0
0.146 3 1 0
0.146 4 1 0
0.146 5 1 0
0.146 6 1 0
0.147 6 1 0
0.147 6 3 0
0.147 4 3 2011
0.148 2 3 0
0.148714 6 3 0
0.148715 2 3 0
0.148715 3 3 0
0.148715 5 3 0
0.148715 4 3 0
0.148715 1 3 0
0.148929 4 3 37443
0.148929 5 3 0
0.148929 6 3 0
0.1496 1 1 0
0.1496 2 1 0
0.1496 3 1 0
0.150708 1 1 0
0.150712 2 1 0
0.150717 3 1 0
0.152 1 1 0
0.152 1 3 0
0.152 3 3 0
0.153 2 1 0
0.153 2 3 0
0.153 1 3 0
0.153929 1 3 0
0.153929 2 3 0
0.153929 3 3 0
0.154 3 1 0
0.154 3 3 0
0.1546 4 1 0
0.1546 5 1 0
0.1546 6 1 0
0.155 4 1 0
0.155 4 3 0
0.155 6 3 0
0.155708 4 1 0
0.155712 5 1 0
0.155717 6 1 0
0.156 5 1 0
0.156 5 3 0
0.156 5 3 0
0.156 1 1 0
0.156 2 1 0
0.156 3 1 0
0.156 4 1 0
0.156 5 1 0
0.156 6 1 0
0.157 6 1 0
0.157 6 3 0
0.157 4 3 1350
0.158 2 3 0
0.158714 6 3 0
0.158715 2 3 0
0.158715 3 3 0
0.158715 5 3 0
0.158715 4 3 0
0.158715 1 3 0
0.158929 4 3 628558
0.158929 5 3 0
0.158929 6 3 0
0.1596 1 1 0
0.1596 2 1 0
0.1596 3 1 0
0.160708 1 1 0
0.160712 2 1 0
0.160717 3 1 0
0.162 1 1 0
0.162 1 3 0
0.162 3 3 0
0.163 2 1 0
0.163 2 3 0
0.163 1 3 0
0.163929 1 3 0
0.163929 2 3 76700
0.163929 3 3 0
0.164 3 1 0
0.164 3 3 0
0.1646 4 1 0
0.1646 5 1 0
0.1646 6 1 0
0.165 4 1 0
0.165 4 3 0
0.165 6 3 0
0.165708 4 1 0
0.165712 5 1 0
0.165717 6 1 0
0.166 5 1 0
0.166 5 3 0
0.166 5 3 0
0.166 1 1 0
0.166 2 1 0
0.166 3 1 0
0.166 4 1 0
0.166 5 1 0
0.166 6 1 0
0.167 6 1 0
0.167 6 3 0
0.167 4 3 1080
0.168 2 3 54
0.168714 6 3 0
0.168715 2 3 0
0.168715 3 3 0
0.168715 5 3 0
0.168715 4 3 0
0.168715 1 3 0
0.168929 4 3 1467343
0.168929 5 3 0
0.168929 6 3 0
0.1696 1 1 0
0.1696 2 1 0
0.1696 3 1 0
0.170708 1 1 0
0.170712 2 1 0
0.170717 3 1 0
0.172 1 1 0
0.172 1 3 0
0.172 3 3 0
0.173 2 1 0
0.173 2 3 0
0.173 1 3 0
0.173929 1 3 0
0.173929 2 3 193548
0.173929 3 3 0
0.174 3 1 0
0.174 3 3 0
0.1746 4 1 0
0.1746 5 1 0
0.1746 6 1 0
0.175 4 1 0
0.175 4 3 0
0.175 6 3 486
0.175708 4 1 0
0.175712 5 1 0
0.175717 6 1 0
0.176 5 1 0
0.176 5 3 0
0.176 5 3 0
0.176 1 1 0
0.176 2 1 0
0.176 3 1 0
0.176 4 1 0
0.176 5 1 0
0.176 6 1 0
0.177 6 1 0
0.177 6 3 0
0.177 4 3 1229
0.178 2 3 378
0.178714 6 3 0
0.178715 2 3 0
0.178715 3 3 0
0.178715 5 3 0
0.178715 4 3 0
0.178715 1 3 0
0.178929 4 3 1402110
0.178929 5 3 0
0.178929 6 3 22
0.1796 1 1 0
0.1796 2 1 0
0.1796 3 1 0
0.180708 1 1 0
0.180712 2 1 0
0.180717 3 1 0
0.182 1 1 0
0.182 1 3 0
0.182 3 3 0
0.183 2 1 0
0.183 2 3 0
0.183 1 3 0
0.183929 1 3 0
0.183929 2 3 804826
0.183929 3 3 0
