0.104913	0	1400
0.109808	1400	2800
0.114708	2800	4200
0.114708	4200	5600
0.119608	5600	7000
0.119608	7000	8400
0.119609	8400	9800
0.119609	9800	11200
0.124508	11200	12600
0.124508	12600	14000
0.124509	14000	15400
0.124509	15400	16800
0.124509	16800	18200
0.124509	18200	19600
0.124509	19600	21000
0.125408	21000	22400
0.129408	22400	23800
0.129408	23800	25200
0.129409	25200	26600
0.129409	26600	28000
0.129409	28000	29400
0.129409	29400	30800
0.129409	30800	32200
0.129409	32200	33600
0.129409	33600	35000
0.129409	35000	36400
0.129409	36400	37800
0.129409	37800	39200
0.129409	39200	40600
0.130308	40600	42000
0.130308	42000	43400
0.130309	43400	44800
0.134308	44800	46200
0.134308	46200	47600
0.134309	47600	49000
0.134309	49000	50400
0.134309	50400	51800
0.134309	51800	53200
0.134309	53200	54600
0.134309	54600	56000
0.134309	56000	57400
0.134309	57400	58800
0.134309	58800	60200
0.134309	60200	61600
0.134309	61600	63000
0.134309	63000	64400
0.134309	64400	65800
0.13431	65800	67200
0.13431	67200	68600
0.13431	68600	70000
0.13431	70000	71400
0.13431	71400	72800
0.13431	72800	74200
0.13431	74200	75600
0.13431	75600	77000
0.13431	77000	78400
0.13431	78400	79800
0.135208	79800	81200
0.135208	81200	82600
0.135209	82600	84000
0.135209	84000	85400
0.135209	85400	86800
0.135209	86800	88200
0.135209	88200	89600
0.139208	89600	91000
0.139208	91000	92400
0.139209	92400	93800
0.139209	93800	95200
0.139209	95200	96600
0.139209	96600	98000
0.139209	98000	99400
0.139209	99400	100800
0.139209	100800	102200
0.139209	102200	103600
0.139209	103600	105000
0.139209	105000	106400
0.139209	106400	107800
0.139209	107800	109200
0.139209	109200	110600
0.13921	110600	112000
0.13921	112000	113400
0.13921	113400	114800
0.13921	114800	116200
0.13921	116200	117600
0.13921	117600	119000
0.13921	119000	120400
0.13921	120400	121800
0.13921	121800	123200
0.13921	123200	124600
0.13921	124600	126000
0.13921	126000	127400
0.13921	127400	128800
0.139211	128800	130200
0.139211	130200	131600
0.139211	131600	133000
0.139313	133000	134400
0.139313	134400	135800
0.139313	135800	137200
0.139313	137200	138600
0.139313	138600	140000
0.139313	140000	141400
0.139313	141400	142800
0.139313	142800	144200
0.139313	144200	145600
0.139313	145600	147000
0.139313	147000	148400
0.139313	148400	149800
0.139313	149800	151200
0.139314	151200	152600
0.139314	152600	154000
0.139314	154000	155400
0.139314	155400	156800
0.139314	156800	158200
0.140108	158200	159600
0.140108	159600	161000
0.140109	161000	162400
0.140109	162400	163800
0.140109	163800	165200
0.140109	165200	166600
0.140109	166600	168000
0.140109	168000	169400
0.140109	169400	170800
0.140109	170800	172200
0.140109	172200	173600
0.140109	173600	175000
0.140109	175000	176400
0.140109	176400	177800
0.142108	177800	179200
0.144108	179200	180600
0.144108	180600	182000
0.144109	182000	183400
0.144109	183400	184800
0.144109	184800	186200
0.144109	186200	187600
0.144109	187600	189000
0.144109	189000	190400
0.144109	190400	191800
0.144109	191800	193200
0.144109	193200	194600
0.144109	194600	196000
0.144109	196000	197400
0.144109	197400	198800
0.144109	198800	200200
0.14411	200200	201600
0.14411	201600	203000
0.14411	203000	204400
0.14411	204400	205800
0.14411	205800	207200
0.14411	207200	208600
0.14411	208600	210000
0.14411	210000	211400
0.14411	211400	212800
0.14411	212800	214200
0.14411	214200	215600
0.14411	215600	217000
0.14411	217000	218400
0.144111	218400	219800
0.144111	219800	221200
0.144111	221200	222600
0.144213	222600	224000
0.144213	224000	225400
0.144213	225400	226800
0.144213	226800	228200
0.144213	228200	229600
0.144213	229600	231000
0.144213	231000	232400
0.144213	232400	233800
0.144213	233800	235200
0.144213	235200	236600
0.144213	236600	238000
0.144213	238000	239400
0.144213	239400	240800
0.144214	240800	242200
0.144214	242200	243600
0.144214	243600	245000
0.144214	245000	246400
0.144214	246400	247800
0.144214	247800	249200
0.144214	249200	250600
0.144214	250600	252000
0.144214	252000	253400
0.144214	253400	254800
0.144214	254800	256200
0.144214	256200	257600
0.144214	257600	259000
0.144215	259000	260400
0.144215	260400	261800
0.144215	261800	263200
0.144215	263200	264600
0.144215	264600	266000
0.144215	266000	267400
0.144215	267400	268800
0.144215	268800	270200
0.144215	270200	271600
0.144215	271600	273000
0.144215	273000	274400
0.144215	274400	275800
0.144215	275800	277200
0.144215	277200	278600
0.144216	278600	280000
0.144216	280000	281400
0.144216	281400	282800
0.144216	282800	284200
0.144216	284200	285600
0.144216	285600	287000
0.144216	287000	288400
0.144216	288400	289800
0.144216	289800	291200
0.144216	291200	292600
0.144216	292600	294000
0.144216	294000	295400
0.144216	295400	296800
0.144217	296800	298200
0.144217	298200	299600
0.144217	299600	301000
0.144217	301000	302400
0.144217	302400	303800
0.144217	303800	305200
0.144217	305200	306600
0.144217	306600	308000
0.144217	308000	309400
0.144217	309400	310800
0.144217	310800	312200
0.145008	312200	313600
0.145008	313600	315000
0.145009	315000	316400
0.145009	316400	317800
0.145009	317800	319200
0.145009	319200	320600
0.145009	320600	322000
0.145009	322000	323400
0.145009	323400	324800
0.145009	324800	326200
0.145009	326200	327600
0.145009	327600	329000
0.145009	329000	330400
0.145009	330400	331800
0.145009	331800	333200
0.14501	333200	334600
0.14501	334600	336000
0.14501	336000	337400
0.14501	337400	338800
0.14501	338800	340200
0.14501	340200	341600
0.14501	341600	343000
0.14501	343000	344400
0.14501	344400	345800
0.14501	345800	347200
0.14501	347200	348600
0.14501	348600	350000
0.14501	350000	351400
0.145011	351400	352800
0.147008	352800	354200
0.147008	354200	355600
0.147009	355600	357000
0.147009	357000	358400
0.149096	358400	359800
0.149096	359800	361200
0.149096	361200	362600
0.149096	362600	364000
0.149096	364000	365400
0.149096	365400	366800
0.149096	366800	368200
0.149096	368200	369600
0.149096	369600	371000
0.149096	371000	372400
0.149097	372400	373800
0.149097	373800	375200
0.149097	375200	376600
0.149097	376600	378000
0.149097	378000	379400
0.149097	379400	380800
0.149097	380800	382200
0.149097	382200	383600
0.149097	383600	385000
0.149097	385000	386400
0.149097	386400	387800
0.149097	387800	389200
0.149097	389200	390600
0.149097	390600	392000
0.149098	392000	393400
0.149098	393400	394800
0.149098	394800	396200
0.149098	396200	397600
0.149098	397600	399000
0.149098	399000	400400
0.149098	400400	401800
0.149196	401800	403200
0.149196	403200	404600
0.149196	404600	406000
0.149196	406000	407400
0.149196	407400	408800
0.149196	408800	410200
0.149196	410200	411600
0.149196	411600	413000
0.149196	413000	414400
0.149196	414400	415800
0.149197	415800	417200
0.149197	417200	418600
0.149197	418600	420000
0.149197	420000	421400
0.149197	421400	422800
0.149197	422800	424200
0.149197	424200	425600
0.149197	425600	427000
0.149197	427000	428400
0.149197	428400	429800
0.149197	429800	431200
0.149197	431200	432600
0.149197	432600	434000
0.149197	434000	435400
0.149198	435400	436800
0.149198	436800	438200
0.149198	438200	439600
0.149198	439600	441000
0.149198	441000	442400
0.149198	442400	443800
0.149198	443800	445200
0.149198	445200	446600
0.149198	446600	448000
0.149198	448000	449400
0.149198	449400	450800
0.149198	450800	452200
0.149198	452200	453600
0.149199	453600	455000
0.149199	455000	456400
0.149199	456400	457800
0.149199	457800	459200
0.149199	459200	460600
0.149199	460600	462000
0.149199	462000	463400
0.149199	463400	464800
0.149199	464800	466200
0.149199	466200	467600
0.149199	467600	469000
0.149199	469000	470400
0.149199	470400	471800
0.1492	471800	473200
0.1492	473200	474600
0.1492	474600	476000
0.1492	476000	477400
0.1492	477400	478800
0.1492	478800	480200
0.1492	480200	481600
0.1492	481600	483000
0.1492	483000	484400
0.1492	484400	485800
0.1492	485800	487200
0.1492	487200	488600
0.1492	488600	490000
0.1492	490000	491400
0.149242	491400	492800
0.149242	492800	494200
0.149242	494200	495600
0.149242	495600	497000
0.149242	497000	498400
0.149242	498400	499800
0.149242	499800	501200
0.149242	501200	502600
0.149242	502600	504000
0.149242	504000	505400
0.149242	505400	506800
0.149243	506800	508200
0.149243	508200	509600
0.149243	509600	511000
0.149243	511000	512400
0.149243	512400	513800
0.149243	513800	515200
0.149243	515200	516600
0.149243	516600	518000
0.149243	518000	519400
0.149243	519400	520800
0.149243	520800	522200
0.149243	522200	523600
0.149243	523600	525000
0.149243	525000	526400
0.149244	526400	527800
0.149244	527800	529200
0.149244	529200	530600
0.149244	530600	532000
0.149244	532000	533400
0.149244	533400	534800
0.149244	534800	536200
0.149244	536200	537600
0.149244	537600	539000
0.149244	539000	540400
0.149244	540400	541800
0.149244	541800	543200
0.149244	543200	544600
0.149325	544600	546000
0.149325	546000	547400
0.149325	547400	548800
0.149325	548800	550200
0.149325	550200	551600
0.149325	551600	553000
0.149325	553000	554400
0.149326	554400	555800
0.149326	555800	557200
0.149326	557200	558600
0.149326	558600	560000
0.149326	560000	561400
0.149326	561400	562800
0.149326	562800	564200
0.149326	564200	565600
0.149326	565600	567000
0.149326	567000	568400
0.149326	568400	569800
0.149326	569800	571200
0.149326	571200	572600
0.149327	572600	574000
0.149327	574000	575400
0.149327	575400	576800
0.149327	576800	578200
0.149327	578200	579600
0.149327	579600	581000
0.149496	581000	582400
0.149496	582400	583800
0.149496	583800	585200
0.149496	585200	586600
0.149496	586600	588000
0.149496	588000	589400
0.149496	589400	590800
0.149496	590800	592200
0.149496	592200	593600
0.149496	593600	595000
0.149497	595000	596400
0.149497	596400	597800
0.149497	597800	599200
0.149497	599200	600600
0.149497	600600	602000
0.149497	602000	603400
0.149497	603400	604800
0.149497	604800	606200
0.149497	606200	607600
0.149497	607600	609000
0.149497	609000	610400
0.149497	610400	611800
0.149497	611800	613200
0.149497	613200	614600
0.149596	614600	616000
0.149596	616000	617400
0.149596	617400	618800
0.149596	618800	620200
0.149596	620200	621600
0.149596	621600	623000
0.149708	623000	624400
0.149708	624400	625800
0.149709	625800	627200
0.149709	627200	628600
0.149709	628600	630000
0.149709	630000	631400
0.149709	631400	632800
0.149709	632800	634200
0.149709	634200	635600
0.149709	635600	637000
0.149709	637000	638400
0.149709	638400	639800
0.149709	639800	641200
0.149709	641200	642600
0.149709	642600	644000
0.14971	644000	645400
0.14971	645400	646800
0.14971	646800	648200
0.14971	648200	649600
0.14971	649600	651000
0.14971	651000	652400
0.14971	652400	653800
0.14971	653800	655200
0.14971	655200	656600
0.14971	656600	658000
0.151913	658000	659400
0.151913	659400	660800
0.151913	660800	662200
0.151913	662200	663600
0.151913	663600	665000
0.151913	665000	666400
0.151913	666400	667800
0.151913	667800	669200
0.151913	669200	670600
0.151913	670600	672000
0.151913	672000	673400
0.151913	673400	674800
0.151913	674800	676200
0.151914	676200	677600
0.151914	677600	679000
0.151914	679000	680400
0.151914	680400	681800
0.151914	681800	683200
0.151914	683200	684600
0.151914	684600	686000
0.151914	686000	687400
0.151914	687400	688800
0.151914	688800	690200
0.151914	690200	691600
0.151914	691600	693000
0.151914	693000	694400
0.151915	694400	695800
0.151915	695800	697200
0.151915	697200	698600
0.151915	698600	700000
0.151915	700000	701400
0.151915	701400	702800
0.151915	702800	704200
0.151915	704200	705600
0.151915	705600	707000
0.151915	707000	708400
0.151915	708400	709800
0.151915	709800	711200
0.151915	711200	712600
0.151915	712600	714000
0.151916	714000	715400
0.153996	715400	716800
0.153996	716800	718200
0.153996	718200	719600
0.153996	719600	721000
0.153996	721000	722400
0.153996	722400	723800
0.153996	723800	725200
0.153996	725200	726600
0.153996	726600	728000
0.153996	728000	729400
0.153997	729400	730800
0.153997	730800	732200
0.153997	732200	733600
0.153997	733600	735000
0.153997	735000	736400
0.153997	736400	737800
0.153997	737800	739200
0.153997	739200	740600
0.153997	740600	742000
0.153997	742000	743400
0.153997	743400	744800
0.153997	744800	746200
0.153997	746200	747600
0.153997	747600	749000
0.153998	749000	750400
0.153998	750400	751800
0.153998	751800	753200
0.153998	753200	754600
0.153998	754600	756000
0.153998	756000	757400
0.153998	757400	758800
0.154096	758800	760200
0.154096	760200	761600
0.154096	761600	763000
0.154096	763000	764400
0.154096	764400	765800
0.154096	765800	767200
0.154096	767200	768600
0.154096	768600	770000
0.154096	770000	771400
0.154096	771400	772800
0.154097	772800	774200
0.154097	774200	775600
0.154097	775600	777000
0.154097	777000	778400
0.154097	778400	779800
0.154097	779800	781200
0.154097	781200	782600
0.154097	782600	784000
0.154097	784000	785400
0.154097	785400	786800
0.154097	786800	788200
0.154097	788200	789600
0.154097	789600	791000
0.154097	791000	792400
0.154098	792400	793800
0.154098	793800	795200
0.154098	795200	796600
0.154098	796600	798000
0.154098	798000	799400
0.154098	799400	800800
0.154098	800800	802200
0.154098	802200	803600
0.154098	803600	805000
0.154098	805000	806400
0.154098	806400	807800
0.154098	807800	809200
0.154098	809200	810600
0.154099	810600	812000
0.154099	812000	813400
0.154099	813400	814800
0.154099	814800	816200
0.154099	816200	817600
0.154099	817600	819000
0.154099	819000	820400
0.154099	820400	821800
0.154099	821800	823200
0.154099	823200	824600
0.154099	824600	826000
0.154099	826000	827400
0.154099	827400	828800
0.1541	828800	830200
0.1541	830200	831600
0.1541	831600	833000
0.154196	833000	834400
0.154196	834400	835800
0.154196	835800	837200
0.154196	837200	838600
0.154196	838600	840000
0.154196	840000	841400
0.154196	841400	842800
0.154196	842800	844200
0.154196	844200	845600
0.154196	845600	847000
0.154197	847000	848400
0.154197	848400	849800
0.154197	849800	851200
0.154197	851200	852600
0.154197	852600	854000
0.154197	854000	855400
0.154197	855400	856800
0.154197	856800	858200
0.154197	858200	859600
0.154197	859600	861000
0.154197	861000	862400
0.154197	862400	863800
0.154197	863800	865200
0.154197	865200	866600
0.154198	866600	868000
0.154198	868000	869400
0.154198	869400	870800
0.154296	870800	872200
0.154296	872200	873600
0.154296	873600	875000
0.154296	875000	876400
0.154296	876400	877800
0.154296	877800	879200
0.154296	879200	880600
0.154296	880600	882000
0.154296	882000	883400
0.154296	883400	884800
0.154297	884800	886200
0.154297	886200	887600
0.154297	887600	889000
0.154297	889000	890400
0.154297	890400	891800
0.154297	891800	893200
0.154297	893200	894600
0.154297	894600	896000
0.154297	896000	897400
0.154297	897400	898800
0.154297	898800	900200
0.154297	900200	901600
0.154297	901600	903000
0.154297	903000	904400
0.154298	904400	905800
0.154298	905800	907200
0.154396	907200	908600
0.154396	908600	910000
0.154396	910000	911400
0.154396	911400	912800
0.154396	912800	914200
0.154396	914200	915600
0.154396	915600	917000
0.154396	917000	918400
0.154396	918400	919800
0.154396	919800	921200
0.154397	921200	922600
0.154397	922600	924000
0.154397	924000	925400
0.154397	925400	926800
0.154397	926800	928200
0.154397	928200	929600
0.154397	929600	931000
0.154397	931000	932400
0.154397	932400	933800
0.154397	933800	935200
0.154397	935200	936600
0.154397	936600	938000
0.154397	938000	939400
0.154397	939400	940800
0.154496	940800	942200
0.154496	942200	943600
0.154496	943600	945000
0.154496	945000	946400
0.154496	946400	947800
0.154496	947800	949200
0.154496	949200	950600
0.154496	950600	952000
0.154496	952000	953400
0.154496	953400	954800
0.154497	954800	956200
0.154497	956200	957600
0.154497	957600	959000
0.154497	959000	960400
0.154497	960400	961800
0.154497	961800	963200
0.154497	963200	964600
0.154497	964600	966000
0.154497	966000	967400
0.154497	967400	968800
0.154497	968800	970200
0.154497	970200	971600
0.154497	971600	973000
0.154497	973000	974400
0.154498	974400	975800
0.154596	975800	977200
0.154596	977200	978600
0.154596	978600	980000
0.154596	980000	981400
0.154596	981400	982800
0.154596	982800	984200
0.154596	984200	985600
0.154596	985600	987000
0.154596	987000	988400
0.154596	988400	989800
0.154597	989800	991200
0.154597	991200	992600
0.154597	992600	994000
0.154597	994000	995400
0.154597	995400	996800
0.154597	996800	998200
0.154597	998200	999600
0.154597	999600	1001000
0.154597	1001000	1002400
0.154696	1002400	1003800
0.154696	1003800	1005200
0.154696	1005200	1006600
0.154696	1006600	1008000
0.154696	1008000	1009400
0.154696	1009400	1010800
0.154696	1010800	1012200
0.154696	1012200	1013600
0.154696	1013600	1015000
0.154696	1015000	1016400
0.154697	1016400	1017800
0.154697	1017800	1019200
0.154697	1019200	1020600
0.154697	1020600	1022000
0.154697	1022000	1023400
0.154697	1023400	1024800
0.154697	1024800	1026200
0.154697	1026200	1027600
0.154697	1027600	1029000
0.154697	1029000	1030400
0.154697	1030400	1031800
0.154697	1031800	1033200
0.154697	1033200	1034600
0.154697	1034600	1036000
0.154698	1036000	1037400
0.154698	1037400	1038800
0.155175	1038800	1040200
0.155175	1040200	1041600
0.155175	1041600	1043000
0.155175	1043000	1044400
0.155175	1044400	1045800
0.155175	1045800	1047200
0.155175	1047200	1048600
0.155175	1048600	1050000
0.155176	1050000	1051400
0.155176	1051400	1052800
0.155176	1052800	1054200
0.155176	1054200	1055600
0.155176	1055600	1057000
0.155176	1057000	1058400
0.155176	1058400	1059800
0.155176	1059800	1061200
0.155176	1061200	1062600
0.155176	1062600	1064000
0.155176	1064000	1065400
0.155176	1065400	1066800
0.155176	1066800	1068200
0.155177	1068200	1069600
0.155177	1069600	1071000
0.155177	1071000	1072400
0.155177	1072400	1073800
0.155177	1073800	1075200
0.155177	1075200	1076600
0.155177	1076600	1078000
0.155177	1078000	1079400
0.155177	1079400	1080800
0.155177	1080800	1082200
0.155177	1082200	1083600
0.155177	1083600	1085000
0.155177	1085000	1086400
0.155178	1086400	1087800
0.155178	1087800	1089200
0.155178	1089200	1090600
0.155178	1090600	1092000
0.155178	1092000	1093400
0.155178	1093400	1094800
0.155178	1094800	1096200
0.155178	1096200	1097600
0.155178	1097600	1099000
0.155178	1099000	1100400
0.155178	1100400	1101800
0.155178	1101800	1103200
0.155178	1103200	1104600
0.155178	1104600	1106000
0.155179	1106000	1107400
0.155179	1107400	1108800
0.155179	1108800	1110200
0.155179	1110200	1111600
0.155179	1111600	1113000
0.155179	1113000	1114400
0.155179	1114400	1115800
0.155179	1115800	1117200
0.155179	1117200	1118600
0.155179	1118600	1120000
0.155179	1120000	1121400
0.155179	1121400	1122800
0.155179	1122800	1124200
0.15518	1124200	1125600
0.15518	1125600	1127000
0.155217	1127000	1128400
0.155217	1128400	1129800
0.155217	1129800	1131200
0.155217	1131200	1132600
0.155217	1132600	1134000
0.155217	1134000	1135400
0.155217	1135400	1136800
0.155217	1136800	1138200
0.155217	1138200	1139600
0.155217	1139600	1141000
0.155217	1141000	1142400
0.155218	1142400	1143800
0.155218	1143800	1145200
0.155218	1145200	1146600
0.155218	1146600	1148000
0.155218	1148000	1149400
0.155218	1149400	1150800
0.155218	1150800	1152200
0.155218	1152200	1153600
0.155218	1153600	1155000
0.155218	1155000	1156400
0.155218	1156400	1157800
0.155218	1157800	1159200
0.155218	1159200	1160600
0.155219	1160600	1162000
0.155219	1162000	1163400
0.155219	1163400	1164800
0.155219	1164800	1166200
0.155219	1166200	1167600
0.155219	1167600	1169000
0.155219	1169000	1170400
0.155219	1170400	1171800
0.155219	1171800	1173200
0.155219	1173200	1174600
0.155219	1174600	1176000
0.155219	1176000	1177400
0.155219	1177400	1178800
0.15522	1178800	1180200
0.15522	1180200	1181600
0.15522	1181600	1183000
0.15522	1183000	1184400
0.15522	1184400	1185800
0.15522	1185800	1187200
0.15522	1187200	1188600
0.15522	1188600	1190000
0.15522	1190000	1191400
0.15522	1191400	1192800
0.15522	1192800	1194200
0.15522	1194200	1195600
0.15522	1195600	1197000
0.15522	1197000	1198400
0.155221	1198400	1199800
0.155221	1199800	1201200
0.155221	1201200	1202600
0.155221	1202600	1204000
0.155221	1204000	1205400
0.155221	1205400	1206800
0.155221	1206800	1208200
0.155221	1208200	1209600
0.155221	1209600	1211000
0.155221	1211000	1212400
0.155221	1212400	1213800
0.155221	1213800	1215200
0.155221	1215200	1216600
0.155222	1216600	1218000
0.155222	1218000	1219400
0.155396	1219400	1220800
0.155396	1220800	1222200
0.155396	1222200	1223600
0.155396	1223600	1225000
0.155396	1225000	1226400
0.155396	1226400	1227800
0.155396	1227800	1229200
0.155396	1229200	1230600
0.155396	1230600	1232000
0.155396	1232000	1233400
0.155397	1233400	1234800
0.155397	1234800	1236200
0.155397	1236200	1237600
0.155397	1237600	1239000
0.155397	1239000	1240400
0.155397	1240400	1241800
0.155397	1241800	1243200
0.155397	1243200	1244600
0.155397	1244600	1246000
0.155397	1246000	1247400
0.155397	1247400	1248800
0.155397	1248800	1250200
0.155397	1250200	1251600
0.155397	1251600	1253000
0.155398	1253000	1254400
0.155398	1254400	1255800
0.155496	1255800	1257200
0.155496	1257200	1258600
0.155496	1258600	1260000
0.155496	1260000	1261400
0.155496	1261400	1262800
0.155496	1262800	1264200
0.155496	1264200	1265600
0.155496	1265600	1267000
0.155496	1267000	1268400
0.155496	1268400	1269800
0.155497	1269800	1271200
0.155497	1271200	1272600
0.155497	1272600	1274000
0.155497	1274000	1275400
0.155497	1275400	1276800
0.155497	1276800	1278200
0.155497	1278200	1279600
0.156617	1279600	1281000
0.156617	1281000	1282400
0.156617	1282400	1283800
0.156617	1283800	1285200
0.156617	1285200	1286600
0.156617	1286600	1288000
0.156617	1288000	1289400
0.156617	1289400	1290800
0.156617	1290800	1292200
0.156617	1292200	1293600
0.156617	1293600	1295000
0.156618	1295000	1296400
0.156618	1296400	1297800
0.156618	1297800	1299200
0.156618	1299200	1300600
0.156618	1300600	1302000
0.156618	1302000	1303400
0.156618	1303400	1304800
0.156618	1304800	1306200
0.156618	1306200	1307600
0.156618	1307600	1309000
0.156618	1309000	1310400
0.156618	1310400	1311800
0.156618	1311800	1313200
0.156619	1313200	1314600
0.156619	1314600	1316000
0.156619	1316000	1317400
0.156619	1317400	1318800
0.156619	1318800	1320200
0.156619	1320200	1321600
0.156619	1321600	1323000
0.156813	1323000	1324400
0.156813	1324400	1325800
0.156813	1325800	1327200
0.156813	1327200	1328600
0.156813	1328600	1330000
0.156813	1330000	1331400
0.156813	1331400	1332800
0.156813	1332800	1334200
0.156813	1334200	1335600
0.156813	1335600	1337000
0.156813	1337000	1338400
0.156813	1338400	1339800
0.156813	1339800	1341200
0.156814	1341200	1342600
0.156814	1342600	1344000
0.156814	1344000	1345400
0.156814	1345400	1346800
0.156814	1346800	1348200
0.156814	1348200	1349600
0.156814	1349600	1351000
0.156814	1351000	1352400
0.156814	1352400	1353800
0.156814	1353800	1355200
0.156814	1355200	1356600
0.156814	1356600	1358000
0.156814	1358000	1359400
0.156815	1359400	1360800
0.156815	1360800	1362200
0.156815	1362200	1363600
0.156815	1363600	1365000
0.156815	1365000	1366400
0.156815	1366400	1367800
0.156815	1367800	1369200
0.156815	1369200	1370600
0.156815	1370600	1372000
0.156815	1372000	1373400
0.156815	1373400	1374800
0.156815	1374800	1376200
0.156815	1376200	1377600
0.156815	1377600	1379000
0.156816	1379000	1380400
0.156816	1380400	1381800
0.156816	1381800	1383200
0.156816	1383200	1384600
0.156816	1384600	1386000
0.156816	1386000	1387400
0.156816	1387400	1388800
0.158896	1388800	1390200
0.158896	1390200	1391600
0.158896	1391600	1393000
0.158896	1393000	1394400
0.158896	1394400	1395800
0.158896	1395800	1397200
0.158896	1397200	1398600
0.158896	1398600	1400000
0.158896	1400000	1401400
0.158896	1401400	1402800
0.158897	1402800	1404200
0.158897	1404200	1405600
0.158897	1405600	1407000
0.158897	1407000	1408400
0.158897	1408400	1409800
0.158897	1409800	1411200
0.158897	1411200	1412600
0.158897	1412600	1414000
0.158897	1414000	1415400
0.158897	1415400	1416800
0.158897	1416800	1418200
0.158897	1418200	1419600
0.158897	1419600	1421000
0.158897	1421000	1422400
0.158898	1422400	1423800
0.158898	1423800	1425200
0.158898	1425200	1426600
0.158898	1426600	1428000
0.158898	1428000	1429400
0.158898	1429400	1430800
0.158898	1430800	1432200
0.158898	1432200	1433600
0.158898	1433600	1435000
0.158898	1435000	1436400
0.158898	1436400	1437800
0.158898	1437800	1439200
0.158898	1439200	1440600
0.158899	1440600	1442000
0.158899	1442000	1443400
0.158899	1443400	1444800
0.158899	1444800	1446200
0.158899	1446200	1447600
0.158899	1447600	1449000
0.158899	1449000	1450400
0.158899	1450400	1451800
0.158899	1451800	1453200
0.158899	1453200	1454600
0.158899	1454600	1456000
0.158899	1456000	1457400
0.158899	1457400	1458800
0.1589	1458800	1460200
0.1589	1460200	1461600
0.1589	1461600	1463000
0.1589	1463000	1464400
0.1589	1464400	1465800
0.1589	1465800	1467200
0.1589	1467200	1468600
0.1589	1468600	1470000
0.1589	1470000	1471400
0.1589	1471400	1472800
0.1589	1472800	1474200
0.1589	1474200	1475600
0.1589	1475600	1477000
0.158996	1477000	1478400
0.158996	1478400	1479800
0.158996	1479800	1481200
0.158996	1481200	1482600
0.158996	1482600	1484000
0.158996	1484000	1485400
0.158996	1485400	1486800
0.158996	1486800	1488200
0.158996	1488200	1489600
0.158996	1489600	1491000
0.158997	1491000	1492400
0.158997	1492400	1493800
0.158997	1493800	1495200
0.158997	1495200	1496600
0.158997	1496600	1498000
0.158997	1498000	1499400
0.158997	1499400	1500800
0.158997	1500800	1502200
0.158997	1502200	1503600
0.158997	1503600	1505000
0.158997	1505000	1506400
0.158997	1506400	1507800
0.158997	1507800	1509200
0.158997	1509200	1510600
0.158998	1510600	1512000
0.158998	1512000	1513400
0.158998	1513400	1514800
0.158998	1514800	1516200
0.158998	1516200	1517600
0.158998	1517600	1519000
0.158998	1519000	1520400
0.158998	1520400	1521800
0.158998	1521800	1523200
0.158998	1523200	1524600
0.158998	1524600	1526000
0.158998	1526000	1527400
0.158998	1527400	1528800
0.158999	1528800	1530200
0.158999	1530200	1531600
0.158999	1531600	1533000
0.158999	1533000	1534400
0.158999	1534400	1535800
0.158999	1535800	1537200
0.158999	1537200	1538600
0.158999	1538600	1540000
0.158999	1540000	1541400
0.159096	1541400	1542800
0.159096	1542800	1544200
0.159096	1544200	1545600
0.159096	1545600	1547000
0.159096	1547000	1548400
0.159096	1548400	1549800
0.159096	1549800	1551200
0.159096	1551200	1552600
0.159096	1552600	1554000
0.159096	1554000	1555400
0.159097	1555400	1556800
0.159097	1556800	1558200
0.159097	1558200	1559600
0.159097	1559600	1561000
0.159097	1561000	1562400
0.159097	1562400	1563800
0.159097	1563800	1565200
0.159097	1565200	1566600
0.159097	1566600	1568000
0.159097	1568000	1569400
0.159097	1569400	1570800
0.159097	1570800	1572200
0.159097	1572200	1573600
0.159097	1573600	1575000
0.159098	1575000	1576400
0.159098	1576400	1577800
0.159098	1577800	1579200
0.159196	1579200	1580600
0.159196	1580600	1582000
0.159196	1582000	1583400
0.159196	1583400	1584800
0.159196	1584800	1586200
0.159196	1586200	1587600
0.159196	1587600	1589000
0.159196	1589000	1590400
0.159196	1590400	1591800
0.159196	1591800	1593200
0.159197	1593200	1594600
0.159197	1594600	1596000
0.159197	1596000	1597400
0.159197	1597400	1598800
0.159197	1598800	1600200
0.159197	1600200	1601600
0.159197	1601600	1603000
0.159197	1603000	1604400
0.159197	1604400	1605800
0.159197	1605800	1607200
0.159197	1607200	1608600
0.159197	1608600	1610000
0.159197	1610000	1611400
0.159197	1611400	1612800
0.159296	1612800	1614200
0.159296	1614200	1615600
0.159296	1615600	1617000
0.159296	1617000	1618400
0.159296	1618400	1619800
0.159296	1619800	1621200
0.159296	1621200	1622600
0.159296	1622600	1624000
0.159296	1624000	1625400
0.159296	1625400	1626800
0.159297	1626800	1628200
0.159297	1628200	1629600
0.159297	1629600	1631000
0.159297	1631000	1632400
0.159297	1632400	1633800
0.159297	1633800	1635200
0.159297	1635200	1636600
0.159297	1636600	1638000
0.159297	1638000	1639400
0.159297	1639400	1640800
0.159297	1640800	1642200
0.159297	1642200	1643600
0.159297	1643600	1645000
0.159297	1645000	1646400
0.159298	1646400	1647800
0.159496	1647800	1649200
0.159496	1649200	1650600
0.159496	1650600	1652000
0.159496	1652000	1653400
0.159496	1653400	1654800
0.159496	1654800	1656200
0.159496	1656200	1657600
0.159496	1657600	1659000
0.159496	1659000	1660400
0.159496	1660400	1661800
0.159497	1661800	1663200
0.159497	1663200	1664600
0.159497	1664600	1666000
0.159497	1666000	1667400
0.159497	1667400	1668800
0.159497	1668800	1670200
0.159497	1670200	1671600
0.159497	1671600	1673000
0.159497	1673000	1674400
0.159497	1674400	1675800
0.159497	1675800	1677200
0.159497	1677200	1678600
0.159497	1678600	1680000
0.159497	1680000	1681400
0.159498	1681400	1682800
0.159498	1682800	1684200
0.159498	1684200	1685600
0.159498	1685600	1687000
0.159498	1687000	1688400
0.159498	1688400	1689800
0.159498	1689800	1691200
0.159596	1691200	1692600
0.159596	1692600	1694000
0.159596	1694000	1695400
0.159596	1695400	1696800
0.159596	1696800	1698200
0.159596	1698200	1699600
0.159596	1699600	1701000
0.159596	1701000	1702400
0.159596	1702400	1703800
0.159596	1703800	1705200
0.159597	1705200	1706600
0.159597	1706600	1708000
0.159597	1708000	1709400
0.159597	1709400	1710800
0.159597	1710800	1712200
0.159597	1712200	1713600
0.159597	1713600	1715000
0.159597	1715000	1716400
0.159597	1716400	1717800
0.159597	1717800	1719200
0.159597	1719200	1720600
0.159597	1720600	1722000
0.159597	1722000	1723400
0.159597	1723400	1724800
0.159598	1724800	1726200
0.159598	1726200	1727600
0.159598	1727600	1729000
0.159598	1729000	1730400
0.159598	1730400	1731800
0.159598	1731800	1733200
0.159598	1733200	1734600
0.159598	1734600	1736000
0.159796	1736000	1737400
0.159796	1737400	1738800
0.159796	1738800	1740200
0.159796	1740200	1741600
0.159796	1741600	1743000
0.159796	1743000	1744400
0.159796	1744400	1745800
0.159796	1745800	1747200
0.159796	1747200	1748600
0.159796	1748600	1750000
0.159797	1750000	1751400
0.159797	1751400	1752800
0.159797	1752800	1754200
0.159797	1754200	1755600
0.159797	1755600	1757000
0.159797	1757000	1758400
0.159797	1758400	1759800
0.159797	1759800	1761200
0.159797	1761200	1762600
0.159797	1762600	1764000
0.159797	1764000	1765400
0.159797	1765400	1766800
0.159797	1766800	1768200
0.159797	1768200	1769600
0.159798	1769600	1771000
0.159798	1771000	1772400
0.159996	1772400	1773800
0.159996	1773800	1775200
0.159996	1775200	1776600
0.159996	1776600	1778000
0.159996	1778000	1779400
0.159996	1779400	1780800
0.159996	1780800	1782200
0.159996	1782200	1783600
0.159996	1783600	1785000
0.159996	1785000	1786400
0.159997	1786400	1787800
0.159997	1787800	1789200
0.159997	1789200	1790600
0.159997	1790600	1792000
0.159997	1792000	1793400
0.159997	1793400	1794800
0.159997	1794800	1796200
0.159997	1796200	1797600
0.159997	1797600	1799000
0.159997	1799000	1800400
0.159997	1800400	1801800
0.159997	1801800	1803200
0.159997	1803200	1804600
0.159997	1804600	1806000
0.159998	1806000	1807400
0.159998	1807400	1808800
0.159998	1808800	1810200
0.159998	1810200	1811600
0.159998	1811600	1813000
0.159998	1813000	1814400
0.159998	1814400	1815800
0.160096	1815800	1817200
0.160096	1817200	1818600
0.160096	1818600	1820000
0.160096	1820000	1821400
0.160096	1821400	1822800
0.160096	1822800	1824200
0.160096	1824200	1825600
0.160096	1825600	1827000
0.160096	1827000	1828400
0.160096	1828400	1829800
0.160097	1829800	1831200
0.160097	1831200	1832600
0.160097	1832600	1834000
0.160097	1834000	1835400
0.160097	1835400	1836800
0.160097	1836800	1838200
0.160097	1838200	1839600
0.160097	1839600	1841000
0.160097	1841000	1842400
0.160097	1842400	1843800
0.160097	1843800	1845200
0.160097	1845200	1846600
0.160097	1846600	1848000
0.160097	1848000	1849400
0.160098	1849400	1850800
0.160098	1850800	1852200
0.160098	1852200	1853600
0.160098	1853600	1855000
0.160098	1855000	1856400
0.160098	1856400	1857800
0.160098	1857800	1859200
0.160098	1859200	1860600
0.160196	1860600	1862000
0.160196	1862000	1863400
0.160196	1863400	1864800
0.160196	1864800	1866200
0.160196	1866200	1867600
0.160196	1867600	1869000
0.160196	1869000	1870400
0.160196	1870400	1871800
0.160196	1871800	1873200
0.160196	1873200	1874600
0.160197	1874600	1876000
0.160197	1876000	1877400
0.160197	1877400	1878800
0.160197	1878800	1880200
0.160197	1880200	1881600
0.160197	1881600	1883000
0.160197	1883000	1884400
0.160197	1884400	1885800
0.160197	1885800	1887200
0.160197	1887200	1888600
0.160197	1888600	1890000
0.160197	1890000	1891400
0.160197	1891400	1892800
0.160197	1892800	1894200
0.160198	1894200	1895600
0.160198	1895600	1897000
0.160198	1897000	1898400
0.160198	1898400	1899800
0.160198	1899800	1901200
0.160198	1901200	1902600
0.160198	1902600	1904000
0.160198	1904000	1905400
0.160198	1905400	1906800
0.160198	1906800	1908200
0.160198	1908200	1909600
0.160198	1909600	1911000
0.160198	1911000	1912400
0.160296	1912400	1913800
0.160296	1913800	1915200
0.160296	1915200	1916600
0.160296	1916600	1918000
0.160296	1918000	1919400
0.160296	1919400	1920800
0.160296	1920800	1922200
0.160296	1922200	1923600
0.160296	1923600	1925000
0.160296	1925000	1926400
0.160297	1926400	1927800
0.160297	1927800	1929200
0.160297	1929200	1930600
0.160297	1930600	1932000
0.160297	1932000	1933400
0.160297	1933400	1934800
0.160297	1934800	1936200
0.160297	1936200	1937600
0.160297	1937600	1939000
0.160297	1939000	1940400
0.160297	1940400	1941800
0.160297	1941800	1943200
0.160297	1943200	1944600
0.160297	1944600	1946000
0.160298	1946000	1947400
0.160298	1947400	1948800
0.160396	1948800	1950200
0.160396	1950200	1951600
0.160396	1951600	1953000
0.160396	1953000	1954400
0.160396	1954400	1955800
0.160396	1955800	1957200
0.160396	1957200	1958600
0.160396	1958600	1960000
0.160396	1960000	1961400
0.160396	1961400	1962800
0.160397	1962800	1964200
0.160397	1964200	1965600
0.160397	1965600	1967000
0.160397	1967000	1968400
0.160397	1968400	1969800
0.160397	1969800	1971200
0.160397	1971200	1972600
0.160397	1972600	1974000
0.160397	1974000	1975400
0.160397	1975400	1976800
0.160397	1976800	1978200
0.160397	1978200	1979600
0.160397	1979600	1981000
0.160397	1981000	1982400
0.160398	1982400	1983800
0.160496	1983800	1985200
0.160496	1985200	1986600
0.160496	1986600	1988000
0.160496	1988000	1989400
0.160496	1989400	1990800
0.160496	1990800	1992200
0.160496	1992200	1993600
0.160496	1993600	1995000
0.160496	1995000	1996400
0.160496	1996400	1997800
0.160497	1997800	1999200
0.160497	1999200	2000600
0.160497	2000600	2002000
0.160497	2002000	2003400
0.160497	2003400	2004800
0.160497	2004800	2006200
0.160497	2006200	2007600
0.160497	2007600	2009000
0.160497	2009000	2010400
0.160497	2010400	2011800
0.160497	2011800	2013200
0.160497	2013200	2014600
0.160497	2014600	2016000
0.160497	2016000	2017400
0.160596	2017400	2018800
0.160596	2018800	2020200
0.160596	2020200	2021600
0.160596	2021600	2023000
0.160596	2023000	2024400
0.160596	2024400	2025800
0.160596	2025800	2027200
0.160596	2027200	2028600
0.160596	2028600	2030000
0.160596	2030000	2031400
0.160597	2031400	2032800
0.160887	2032800	2034200
0.160888	2034200	2035600
0.160888	2035600	2037000
0.160888	2037000	2038400
0.160888	2038400	2039800
0.160888	2039800	2041200
0.160888	2041200	2042600
0.160888	2042600	2044000
0.160888	2044000	2045400
0.160888	2045400	2046800
0.160888	2046800	2048200
0.160888	2048200	2049600
0.160888	2049600	2051000
0.160888	2051000	2052400
0.160888	2052400	2053800
0.160889	2053800	2055200
0.160889	2055200	2056600
0.160889	2056600	2058000
0.160889	2058000	2059400
0.160889	2059400	2060800
0.160889	2060800	2062200
0.160889	2062200	2063600
0.161196	2063600	2065000
0.161196	2065000	2066400
0.161196	2066400	2067800
0.161196	2067800	2069200
0.161196	2069200	2070600
0.161196	2070600	2072000
0.161196	2072000	2073400
0.161196	2073400	2074800
0.161196	2074800	2076200
0.161196	2076200	2077600
0.161197	2077600	2079000
0.161197	2079000	2080400
0.161197	2080400	2081800
0.161197	2081800	2083200
0.161197	2083200	2084600
0.161197	2084600	2086000
0.161197	2086000	2087400
0.161197	2087400	2088800
0.161197	2088800	2090200
0.161197	2090200	2091600
0.161197	2091600	2093000
0.161197	2093000	2094400
0.161197	2094400	2095800
0.161197	2095800	2097200
0.161198	2097200	2098600
0.161198	2098600	2100000
0.161198	2100000	2101400
0.161198	2101400	2102800
0.161198	2102800	2104200
0.161198	2104200	2105600
0.161198	2105600	2107000
0.161292	2107000	2108400
0.161292	2108400	2109800
0.161292	2109800	2111200
0.161292	2111200	2112600
0.161292	2112600	2114000
0.161292	2114000	2115400
0.161292	2115400	2116800
0.161292	2116800	2118200
0.161292	2118200	2119600
0.161292	2119600	2121000
0.161292	2121000	2122400
0.161292	2122400	2123800
0.161496	2123800	2125200
0.161496	2125200	2126600
0.161496	2126600	2128000
0.161496	2128000	2129400
0.161496	2129400	2130800
0.161496	2130800	2132200
0.161496	2132200	2133600
0.161496	2133600	2135000
0.161496	2135000	2136400
0.161496	2136400	2137800
0.161497	2137800	2139200
0.161497	2139200	2140600
0.161497	2140600	2142000
0.161497	2142000	2143400
0.161497	2143400	2144800
0.161497	2144800	2146200
0.161497	2146200	2147600
0.161497	2147600	2149000
0.161497	2149000	2150400
0.161497	2150400	2151800
0.161497	2151800	2153200
0.161497	2153200	2154600
0.161497	2154600	2156000
0.161587	2156000	2157400
0.161588	2157400	2158800
0.161588	2158800	2160200
0.161588	2160200	2161600
0.161588	2161600	2163000
0.161588	2163000	2164400
0.161588	2164400	2165800
0.161588	2165800	2167200
0.161588	2167200	2168600
0.161588	2168600	2170000
0.161588	2170000	2171400
0.161796	2171400	2172800
0.161796	2172800	2174200
0.161796	2174200	2175600
0.161796	2175600	2177000
0.161796	2177000	2178400
0.161796	2178400	2179800
0.161796	2179800	2181200
0.161796	2181200	2182600
0.161796	2182600	2184000
0.161796	2184000	2185400
0.161797	2185400	2186800
0.161797	2186800	2188200
0.162096	2188200	2189600
0.162096	2189600	2191000
0.162096	2191000	2192400
0.162096	2192400	2193800
0.162096	2193800	2195200
0.162096	2195200	2196600
0.162096	2196600	2198000
0.162096	2198000	2199400
0.162096	2199400	2200800
0.162096	2200800	2202200
0.162097	2202200	2203600
0.162097	2203600	2205000
0.162097	2205000	2206400
0.162097	2206400	2207800
0.162097	2207800	2209200
0.162097	2209200	2210600
0.162097	2210600	2212000
0.162097	2212000	2213400
0.162097	2213400	2214800
0.162097	2214800	2216200
0.162097	2216200	2217600
0.162097	2217600	2219000
0.162097	2219000	2220400
0.162097	2220400	2221800
0.162098	2221800	2223200
0.162098	2223200	2224600
0.162098	2224600	2226000
0.162098	2226000	2227400
0.162098	2227400	2228800
0.162098	2228800	2230200
0.162098	2230200	2231600
0.162098	2231600	2233000
0.162098	2233000	2234400
0.162098	2234400	2235800
0.162098	2235800	2237200
0.162098	2237200	2238600
0.162098	2238600	2240000
0.162099	2240000	2241400
0.162099	2241400	2242800
0.162099	2242800	2244200
0.162099	2244200	2245600
0.162099	2245600	2247000
0.162099	2247000	2248400
0.162099	2248400	2249800
0.162099	2249800	2251200
0.162099	2251200	2252600
0.162099	2252600	2254000
0.162099	2254000	2255400
0.162099	2255400	2256800
0.162099	2256800	2258200
0.1621	2258200	2259600
0.1621	2259600	2261000
0.1621	2261000	2262400
0.1621	2262400	2263800
0.1621	2263800	2265200
0.1621	2265200	2266600
0.1621	2266600	2268000
0.1621	2268000	2269400
0.1621	2269400	2270800
0.1621	2270800	2272200
0.1621	2272200	2273600
0.1621	2273600	2275000
0.162296	2275000	2276400
0.162296	2276400	2277800
0.162296	2277800	2279200
0.162296	2279200	2280600
0.162296	2280600	2282000
0.162296	2282000	2283400
0.162296	2283400	2284800
0.162296	2284800	2286200
0.162296	2286200	2287600
0.162296	2287600	2289000
0.162297	2289000	2290400
0.162297	2290400	2291800
0.162297	2291800	2293200
0.162297	2293200	2294600
0.162297	2294600	2296000
0.162297	2296000	2297400
0.162297	2297400	2298800
0.162297	2298800	2300200
0.162297	2300200	2301600
0.162297	2301600	2303000
0.162297	2303000	2304400
0.162297	2304400	2305800
0.162297	2305800	2307200
0.162297	2307200	2308600
0.162298	2308600	2310000
0.162298	2310000	2311400
0.162298	2311400	2312800
0.162298	2312800	2314200
0.162298	2314200	2315600
0.162298	2315600	2317000
0.162298	2317000	2318400
0.162396	2318400	2319800
0.162396	2319800	2321200
0.162396	2321200	2322600
0.162396	2322600	2324000
0.162396	2324000	2325400
0.162396	2325400	2326800
0.162396	2326800	2328200
0.162396	2328200	2329600
0.162396	2329600	2331000
0.162396	2331000	2332400
0.162397	2332400	2333800
0.162397	2333800	2335200
0.162397	2335200	2336600
0.162397	2336600	2338000
0.162397	2338000	2339400
0.162397	2339400	2340800
0.162397	2340800	2342200
0.162397	2342200	2343600
0.162397	2343600	2345000
0.162397	2345000	2346400
0.162397	2346400	2347800
0.162397	2347800	2349200
0.162397	2349200	2350600
0.162397	2350600	2352000
0.162398	2352000	2353400
0.162398	2353400	2354800
0.162398	2354800	2356200
0.162398	2356200	2357600
0.162398	2357600	2359000
0.162398	2359000	2360400
0.162398	2360400	2361800
0.162398	2361800	2363200
0.162398	2363200	2364600
0.162398	2364600	2366000
0.162398	2366000	2367400
0.162398	2367400	2368800
0.162398	2368800	2370200
0.162399	2370200	2371600
0.162399	2371600	2373000
0.162399	2373000	2374400
0.162399	2374400	2375800
0.162399	2375800	2377200
0.162399	2377200	2378600
0.162596	2378600	2380000
0.162596	2380000	2381400
0.162596	2381400	2382800
0.162596	2382800	2384200
0.162596	2384200	2385600
0.162596	2385600	2387000
0.162596	2387000	2388400
0.162596	2388400	2389800
0.162596	2389800	2391200
0.162596	2391200	2392600
0.162597	2392600	2394000
0.162597	2394000	2395400
0.162597	2395400	2396800
0.162597	2396800	2398200
0.162597	2398200	2399600
0.162597	2399600	2401000
0.162597	2401000	2402400
0.162597	2402400	2403800
0.162597	2403800	2405200
0.162597	2405200	2406600
0.162597	2406600	2408000
0.162597	2408000	2409400
0.162597	2409400	2410800
0.162597	2410800	2412200
0.162598	2412200	2413600
0.162598	2413600	2415000
0.162598	2415000	2416400
0.162598	2416400	2417800
0.162598	2417800	2419200
0.162598	2419200	2420600
0.162598	2420600	2422000
0.162598	2422000	2423400
0.162598	2423400	2424800
0.162598	2424800	2426200
0.162598	2426200	2427600
0.162598	2427600	2429000
0.162598	2429000	2430400
0.162599	2430400	2431800
0.162599	2431800	2433200
0.162599	2433200	2434600
0.162599	2434600	2436000
0.162599	2436000	2437400
0.162599	2437400	2438800
0.162599	2438800	2440200
0.162599	2440200	2441600
0.162599	2441600	2443000
0.162599	2443000	2444400
0.162599	2444400	2445800
0.162599	2445800	2447200
0.162599	2447200	2448600
0.1626	2448600	2450000
0.1626	2450000	2451400
0.1626	2451400	2452800
0.162796	2452800	2454200
0.162796	2454200	2455600
0.162796	2455600	2457000
0.162796	2457000	2458400
0.162796	2458400	2459800
0.162796	2459800	2461200
0.162796	2461200	2462600
0.162796	2462600	2464000
0.162796	2464000	2465400
0.162796	2465400	2466800
0.162797	2466800	2468200
0.162797	2468200	2469600
0.162797	2469600	2471000
0.162797	2471000	2472400
0.162797	2472400	2473800
0.162797	2473800	2475200
0.162797	2475200	2476600
0.162797	2476600	2478000
0.162797	2478000	2479400
0.162797	2479400	2480800
0.162797	2480800	2482200
0.162797	2482200	2483600
0.162797	2483600	2485000
0.162797	2485000	2486400
0.162798	2486400	2487800
0.162798	2487800	2489200
0.162798	2489200	2490600
0.163096	2490600	2492000
0.163096	2492000	2493400
0.163096	2493400	2494800
0.163096	2494800	2496200
0.163096	2496200	2497600
0.163096	2497600	2499000
0.163096	2499000	2500400
0.163096	2500400	2501800
0.163096	2501800	2503200
0.163096	2503200	2504600
0.163097	2504600	2506000
0.163097	2506000	2507400
0.163097	2507400	2508800
0.163097	2508800	2510200
0.163097	2510200	2511600
0.163097	2511600	2513000
0.163097	2513000	2514400
0.163097	2514400	2515800
0.163097	2515800	2517200
0.163097	2517200	2518600
0.163097	2518600	2520000
0.163097	2520000	2521400
0.163097	2521400	2522800
0.163097	2522800	2524200
0.163098	2524200	2525600
0.163098	2525600	2527000
0.163098	2527000	2528400
0.163098	2528400	2529800
0.163098	2529800	2531200
0.163098	2531200	2532600
0.163098	2532600	2534000
0.163098	2534000	2535400
0.163098	2535400	2536800
0.163098	2536800	2538200
0.163098	2538200	2539600
0.163098	2539600	2541000
0.163098	2541000	2542400
0.163099	2542400	2543800
0.163099	2543800	2545200
0.163099	2545200	2546600
0.163099	2546600	2548000
0.163099	2548000	2549400
0.163099	2549400	2550800
0.163099	2550800	2552200
0.163099	2552200	2553600
0.163099	2553600	2555000
0.163099	2555000	2556400
0.163099	2556400	2557800
0.163099	2557800	2559200
0.163099	2559200	2560600
0.1631	2560600	2562000
0.1631	2562000	2563400
0.1631	2563400	2564800
0.1631	2564800	2566200
0.1631	2566200	2567600
0.1631	2567600	2569000
0.1631	2569000	2570400
0.1631	2570400	2571800
0.1631	2571800	2573200
0.1631	2573200	2574600
0.1631	2574600	2576000
0.1631	2576000	2577400
0.1631	2577400	2578800
0.163296	2578800	2580200
0.163296	2580200	2581600
0.163296	2581600	2583000
0.163296	2583000	2584400
0.163296	2584400	2585800
0.163296	2585800	2587200
0.163296	2587200	2588600
0.163296	2588600	2590000
0.163296	2590000	2591400
0.163296	2591400	2592800
0.163297	2592800	2594200
0.163297	2594200	2595600
0.163297	2595600	2597000
0.163297	2597000	2598400
0.163297	2598400	2599800
0.163297	2599800	2601200
0.163297	2601200	2602600
0.163297	2602600	2604000
0.163297	2604000	2605400
0.163297	2605400	2606800
0.163297	2606800	2608200
0.163297	2608200	2609600
0.163297	2609600	2611000
0.163297	2611000	2612400
0.163298	2612400	2613800
0.163298	2613800	2615200
0.163298	2615200	2616600
0.163298	2616600	2618000
0.163298	2618000	2619400
0.163298	2619400	2620800
0.163298	2620800	2622200
0.163298	2622200	2623600
0.163298	2623600	2625000
0.163298	2625000	2626400
0.163298	2626400	2627800
0.163298	2627800	2629200
0.163298	2629200	2630600
0.163299	2630600	2632000
0.163299	2632000	2633400
0.163299	2633400	2634800
0.163299	2634800	2636200
0.163299	2636200	2637600
0.163299	2637600	2639000
0.163299	2639000	2640400
0.163299	2640400	2641800
0.163299	2641800	2643200
0.163299	2643200	2644600
0.163299	2644600	2646000
0.163299	2646000	2647400
0.163299	2647400	2648800
0.1633	2648800	2650200
0.1633	2650200	2651600
0.1633	2651600	2653000
0.1633	2653000	2654400
0.1633	2654400	2655800
0.1633	2655800	2657200
0.1633	2657200	2658600
0.1633	2658600	2660000
0.1633	2660000	2661400
0.1633	2661400	2662800
0.1633	2662800	2664200
0.1633	2664200	2665600
0.1633	2665600	2667000
0.163396	2667000	2668400
0.163396	2668400	2669800
0.163396	2669800	2671200
0.163396	2671200	2672600
0.163396	2672600	2674000
0.163396	2674000	2675400
0.163396	2675400	2676800
0.163396	2676800	2678200
0.163396	2678200	2679600
0.163396	2679600	2681000
0.163397	2681000	2682400
0.163397	2682400	2683800
0.163397	2683800	2685200
0.163397	2685200	2686600
0.163397	2686600	2688000
0.163397	2688000	2689400
0.163397	2689400	2690800
0.163397	2690800	2692200
0.163397	2692200	2693600
0.163397	2693600	2695000
0.163397	2695000	2696400
0.163397	2696400	2697800
0.163397	2697800	2699200
0.163397	2699200	2700600
0.163496	2700600	2702000
0.163496	2702000	2703400
0.163496	2703400	2704800
0.163496	2704800	2706200
0.163496	2706200	2707600
0.163496	2707600	2709000
0.163496	2709000	2710400
0.163496	2710400	2711800
0.163496	2711800	2713200
0.163496	2713200	2714600
0.163497	2714600	2716000
0.163497	2716000	2717400
0.163497	2717400	2718800
0.163497	2718800	2720200
0.163497	2720200	2721600
0.163497	2721600	2723000
0.163596	2723000	2724400
0.163596	2724400	2725800
0.163596	2725800	2727200
0.163596	2727200	2728600
0.163596	2728600	2730000
0.163596	2730000	2731400
0.163596	2731400	2732800
0.163596	2732800	2734200
0.163596	2734200	2735600
0.163596	2735600	2737000
0.163597	2737000	2738400
0.163597	2738400	2739800
0.163597	2739800	2741200
0.163597	2741200	2742600
0.163597	2742600	2744000
0.163597	2744000	2745400
0.163597	2745400	2746800
0.163597	2746800	2748200
0.163597	2748200	2749600
0.163597	2749600	2751000
0.163597	2751000	2752400
0.163597	2752400	2753800
0.163597	2753800	2755200
0.163896	2755200	2756600
0.163896	2756600	2758000
0.163896	2758000	2759400
0.163896	2759400	2760800
0.163896	2760800	2762200
0.163896	2762200	2763600
0.163896	2763600	2765000
0.163896	2765000	2766400
0.163896	2766400	2767800
0.163896	2767800	2769200
0.163897	2769200	2770600
0.163897	2770600	2772000
0.163897	2772000	2773400
0.163897	2773400	2774800
0.163897	2774800	2776200
0.163897	2776200	2777600
0.163897	2777600	2779000
0.163897	2779000	2780400
0.163897	2780400	2781800
0.163897	2781800	2783200
0.163897	2783200	2784600
0.163897	2784600	2786000
0.163897	2786000	2787400
0.163897	2787400	2788800
0.163898	2788800	2790200
0.163898	2790200	2791600
0.163898	2791600	2793000
0.163898	2793000	2794400
0.163898	2794400	2795800
0.163898	2795800	2797200
0.163898	2797200	2798600
0.164196	2798600	2800000
0.164196	2800000	2801400
0.164196	2801400	2802800
0.164196	2802800	2804200
0.164196	2804200	2805600
0.164196	2805600	2807000
0.164196	2807000	2808400
0.164196	2808400	2809800
0.164196	2809800	2811200
0.164196	2811200	2812600
0.164197	2812600	2814000
0.164197	2814000	2815400
0.164197	2815400	2816800
0.164197	2816800	2818200
0.164197	2818200	2819600
0.164197	2819600	2821000
0.164197	2821000	2822400
0.164197	2822400	2823800
0.164197	2823800	2825200
0.164197	2825200	2826600
0.164197	2826600	2828000
0.164197	2828000	2829400
0.164197	2829400	2830800
0.164197	2830800	2832200
0.164198	2832200	2833600
0.164198	2833600	2835000
0.164198	2835000	2836400
0.164198	2836400	2837800
0.164198	2837800	2839200
0.164198	2839200	2840600
0.164198	2840600	2842000
0.164198	2842000	2843400
0.164198	2843400	2844800
0.164198	2844800	2846200
0.164198	2846200	2847600
0.164198	2847600	2849000
0.164198	2849000	2850400
0.164199	2850400	2851800
0.164199	2851800	2853200
0.164199	2853200	2854600
0.164199	2854600	2856000
0.164199	2856000	2857400
0.164199	2857400	2858800
0.164199	2858800	2860200
0.164199	2860200	2861600
0.164199	2861600	2863000
0.164199	2863000	2864400
0.164199	2864400	2865800
0.164199	2865800	2867200
0.164199	2867200	2868600
0.1642	2868600	2870000
0.1642	2870000	2871400
0.1642	2871400	2872800
0.1642	2872800	2874200
0.1642	2874200	2875600
0.1642	2875600	2877000
0.1642	2877000	2878400
0.1642	2878400	2879800
0.1642	2879800	2881200
0.1642	2881200	2882600
0.1642	2882600	2884000
0.1642	2884000	2885400
0.1642	2885400	2886800
0.1642	2886800	2888200
0.164296	2888200	2889600
0.164296	2889600	2891000
0.164296	2891000	2892400
0.164296	2892400	2893800
0.164296	2893800	2895200
0.164296	2895200	2896600
0.164296	2896600	2898000
0.164296	2898000	2899400
0.164296	2899400	2900800
0.164296	2900800	2902200
0.164297	2902200	2903600
0.164297	2903600	2905000
0.164297	2905000	2906400
0.164297	2906400	2907800
0.164297	2907800	2909200
0.164297	2909200	2910600
0.164297	2910600	2912000
0.164297	2912000	2913400
0.164297	2913400	2914800
0.164297	2914800	2916200
0.164297	2916200	2917600
0.164297	2917600	2919000
0.164297	2919000	2920400
0.164297	2920400	2921800
0.164298	2921800	2923200
0.164298	2923200	2924600
0.164298	2924600	2926000
0.164298	2926000	2927400
0.164298	2927400	2928800
0.164298	2928800	2930200
0.164298	2930200	2931600
0.164298	2931600	2933000
0.164298	2933000	2934400
0.164298	2934400	2935800
0.164298	2935800	2937200
0.164298	2937200	2938600
0.164298	2938600	2940000
0.164299	2940000	2941400
0.164299	2941400	2942800
0.164299	2942800	2944200
0.164299	2944200	2945600
0.164299	2945600	2947000
0.164299	2947000	2948400
0.164299	2948400	2949800
0.164299	2949800	2951200
0.164299	2951200	2952600
0.164299	2952600	2954000
0.164299	2954000	2955400
0.164299	2955400	2956800
0.164299	2956800	2958200
0.1643	2958200	2959600
0.1643	2959600	2961000
0.1643	2961000	2962400
0.1643	2962400	2963800
0.1643	2963800	2965200
0.1643	2965200	2966600
0.1643	2966600	2968000
0.1643	2968000	2969400
0.164396	2969400	2970800
0.164396	2970800	2972200
0.164396	2972200	2973600
0.164396	2973600	2975000
0.164396	2975000	2976400
0.164396	2976400	2977800
0.164396	2977800	2979200
0.164396	2979200	2980600
0.164396	2980600	2982000
0.164396	2982000	2983400
0.164397	2983400	2984800
0.164397	2984800	2986200
0.164397	2986200	2987600
0.164397	2987600	2989000
0.164397	2989000	2990400
0.164397	2990400	2991800
0.164397	2991800	2993200
0.164397	2993200	2994600
0.164397	2994600	2996000
0.164397	2996000	2997400
0.164496	2997400	2998800
0.164496	2998800	3000200
0.164496	3000200	3001600
0.164496	3001600	3003000
0.164496	3003000	3004400
0.164496	3004400	3005800
0.164496	3005800	3007200
0.164496	3007200	3008600
0.164496	3008600	3010000
0.164496	3010000	3011400
0.164497	3011400	3012800
0.164497	3012800	3014200
0.164696	3014200	3015600
0.164696	3015600	3017000
0.164696	3017000	3018400
0.164696	3018400	3019800
0.164696	3019800	3021200
0.164696	3021200	3022600
0.164696	3022600	3024000
0.164696	3024000	3025400
0.164696	3025400	3026800
0.164696	3026800	3028200
0.164697	3028200	3029600
0.164697	3029600	3031000
0.164697	3031000	3032400
0.164697	3032400	3033800
0.164697	3033800	3035200
0.164697	3035200	3036600
0.164697	3036600	3038000
0.164697	3038000	3039400
0.164697	3039400	3040800
0.164697	3040800	3042200
0.164697	3042200	3043600
0.164697	3043600	3045000
0.164697	3045000	3046400
0.164796	3046400	3047800
0.164796	3047800	3049200
0.164796	3049200	3050600
0.164796	3050600	3052000
0.164796	3052000	3053400
0.164796	3053400	3054800
0.164796	3054800	3056200
0.164796	3056200	3057600
0.164796	3057600	3059000
0.164796	3059000	3060400
0.164797	3060400	3061800
0.164797	3061800	3063200
0.164797	3063200	3064600
0.164797	3064600	3066000
0.164797	3066000	3067400
0.164797	3067400	3068800
0.164797	3068800	3070200
0.164797	3070200	3071600
0.164797	3071600	3073000
0.164797	3073000	3074400
0.164797	3074400	3075800
0.164797	3075800	3077200
0.164797	3077200	3078600
0.164797	3078600	3080000
0.164798	3080000	3081400
0.164798	3081400	3082800
0.165096	3082800	3084200
0.165096	3084200	3085600
0.165096	3085600	3087000
0.165096	3087000	3088400
0.165096	3088400	3089800
0.165096	3089800	3091200
0.165096	3091200	3092600
0.165096	3092600	3094000
0.165096	3094000	3095400
0.165096	3095400	3096800
0.165097	3096800	3098200
0.165097	3098200	3099600
0.165097	3099600	3101000
0.165097	3101000	3102400
0.165097	3102400	3103800
0.165097	3103800	3105200
0.165097	3105200	3106600
0.165097	3106600	3108000
0.165097	3108000	3109400
0.165097	3109400	3110800
0.165097	3110800	3112200
0.165097	3112200	3113600
0.165097	3113600	3115000
0.165097	3115000	3116400
0.165098	3116400	3117800
0.165098	3117800	3119200
0.165098	3119200	3120600
0.165098	3120600	3122000
0.165098	3122000	3123400
0.165098	3123400	3124800
0.165098	3124800	3126200
0.165098	3126200	3127600
0.165098	3127600	3129000
0.165098	3129000	3130400
0.165098	3130400	3131800
0.165098	3131800	3133200
0.165098	3133200	3134600
0.165099	3134600	3136000
0.165099	3136000	3137400
0.165099	3137400	3138800
0.165099	3138800	3140200
0.165099	3140200	3141600
0.165099	3141600	3143000
0.165099	3143000	3144400
0.165099	3144400	3145800
0.165099	3145800	3147200
0.165099	3147200	3148600
0.165099	3148600	3150000
0.165099	3150000	3151400
0.165099	3151400	3152800
0.1651	3152800	3154200
0.1651	3154200	3155600
0.1651	3155600	3157000
0.1651	3157000	3158400
0.1651	3158400	3159800
0.1651	3159800	3161200
0.1651	3161200	3162600
0.1651	3162600	3164000
0.1651	3164000	3165400
0.1651	3165400	3166800
0.1651	3166800	3168200
0.1651	3168200	3169600
0.1651	3169600	3171000
0.165296	3171000	3172400
0.165296	3172400	3173800
0.165296	3173800	3175200
0.165296	3175200	3176600
0.165296	3176600	3178000
0.165296	3178000	3179400
0.165296	3179400	3180800
0.165296	3180800	3182200
0.165296	3182200	3183600
0.165296	3183600	3185000
0.165297	3185000	3186400
0.165297	3186400	3187800
0.165297	3187800	3189200
0.165297	3189200	3190600
0.165297	3190600	3192000
0.165297	3192000	3193400
0.165297	3193400	3194800
0.165297	3194800	3196200
0.165297	3196200	3197600
0.165297	3197600	3199000
0.165297	3199000	3200400
0.165297	3200400	3201800
0.165297	3201800	3203200
0.165297	3203200	3204600
0.165298	3204600	3206000
0.165298	3206000	3207400
0.165298	3207400	3208800
0.165298	3208800	3210200
0.165298	3210200	3211600
0.165298	3211600	3213000
0.165298	3213000	3214400
0.165298	3214400	3215800
0.165298	3215800	3217200
0.165298	3217200	3218600
0.165298	3218600	3220000
0.165298	3220000	3221400
0.165298	3221400	3222800
0.165299	3222800	3224200
0.165299	3224200	3225600
0.165299	3225600	3227000
0.165299	3227000	3228400
0.165299	3228400	3229800
0.165299	3229800	3231200
0.165299	3231200	3232600
0.165299	3232600	3234000
0.165299	3234000	3235400
0.165299	3235400	3236800
0.165299	3236800	3238200
0.165299	3238200	3239600
0.165299	3239600	3241000
0.1653	3241000	3242400
0.1653	3242400	3243800
0.1653	3243800	3245200
0.1653	3245200	3246600
0.1653	3246600	3248000
0.1653	3248000	3249400
0.1653	3249400	3250800
0.1653	3250800	3252200
0.1653	3252200	3253600
0.1653	3253600	3255000
0.1653	3255000	3256400
0.1653	3256400	3257800
0.1653	3257800	3259200
0.1653	3259200	3260600
0.165396	3260600	3262000
0.165396	3262000	3263400
0.165396	3263400	3264800
0.165396	3264800	3266200
0.165396	3266200	3267600
0.165396	3267600	3269000
0.165396	3269000	3270400
0.165396	3270400	3271800
0.165396	3271800	3273200
0.165396	3273200	3274600
0.165397	3274600	3276000
0.165397	3276000	3277400
0.165397	3277400	3278800
0.165397	3278800	3280200
0.165397	3280200	3281600
0.165397	3281600	3283000
0.165397	3283000	3284400
0.165397	3284400	3285800
0.165397	3285800	3287200
0.165397	3287200	3288600
0.165397	3288600	3290000
0.165397	3290000	3291400
0.165397	3291400	3292800
0.165397	3292800	3294200
0.165398	3294200	3295600
0.165596	3295600	3297000
0.165596	3297000	3298400
0.165596	3298400	3299800
0.165596	3299800	3301200
0.165596	3301200	3302600
0.165596	3302600	3304000
0.165596	3304000	3305400
0.165596	3305400	3306800
0.165596	3306800	3308200
0.165596	3308200	3309600
0.165597	3309600	3311000
0.165597	3311000	3312400
0.165597	3312400	3313800
0.165597	3313800	3315200
0.165597	3315200	3316600
0.165597	3316600	3318000
0.165597	3318000	3319400
0.165597	3319400	3320800
0.165597	3320800	3322200
0.165597	3322200	3323600
0.165597	3323600	3325000
0.165597	3325000	3326400
0.165597	3326400	3327800
0.165597	3327800	3329200
0.165598	3329200	3330600
0.165598	3330600	3332000
0.165598	3332000	3333400
0.165598	3333400	3334800
0.165598	3334800	3336200
0.165598	3336200	3337600
0.165598	3337600	3339000
0.165696	3339000	3340400
0.165696	3340400	3341800
0.165696	3341800	3343200
0.165696	3343200	3344600
0.165696	3344600	3346000
0.165696	3346000	3347400
0.165696	3347400	3348800
0.165696	3348800	3350200
0.165696	3350200	3351600
0.165696	3351600	3353000
0.165697	3353000	3354400
0.165697	3354400	3355800
0.165697	3355800	3357200
0.165697	3357200	3358600
0.165697	3358600	3360000
0.165697	3360000	3361400
0.165697	3361400	3362800
0.165697	3362800	3364200
0.165697	3364200	3365600
0.165896	3365600	3367000
0.165896	3367000	3368400
0.165896	3368400	3369800
0.165896	3369800	3371200
0.165896	3371200	3372600
0.165896	3372600	3374000
0.165896	3374000	3375400
0.165896	3375400	3376800
0.165896	3376800	3378200
0.165896	3378200	3379600
0.165897	3379600	3381000
0.165897	3381000	3382400
0.165897	3382400	3383800
0.165897	3383800	3385200
0.165897	3385200	3386600
0.165897	3386600	3388000
0.165897	3388000	3389400
0.165897	3389400	3390800
0.165897	3390800	3392200
0.165897	3392200	3393600
0.165897	3393600	3395000
0.165897	3395000	3396400
0.165897	3396400	3397800
0.165897	3397800	3399200
0.165898	3399200	3400600
0.165898	3400600	3402000
0.166092	3402000	3403400
0.166092	3403400	3404800
0.166092	3404800	3406200
0.166092	3406200	3407600
0.166092	3407600	3409000
0.166092	3409000	3410400
0.166092	3410400	3411800
0.166092	3411800	3413200
0.166092	3413200	3414600
0.166092	3414600	3416000
0.166092	3416000	3417400
0.166092	3417400	3418800
0.166093	3418800	3420200
0.166093	3420200	3421600
0.166093	3421600	3423000
0.166093	3423000	3424400
0.166093	3424400	3425800
0.166093	3425800	3427200
0.166093	3427200	3428600
0.166093	3428600	3430000
0.166093	3430000	3431400
0.166093	3431400	3432800
0.166093	3432800	3434200
0.166093	3434200	3435600
0.166196	3435600	3437000
0.166196	3437000	3438400
0.166196	3438400	3439800
0.166196	3439800	3441200
0.166196	3441200	3442600
0.166196	3442600	3444000
0.166196	3444000	3445400
0.166196	3445400	3446800
0.166196	3446800	3448200
0.166196	3448200	3449600
0.166197	3449600	3451000
0.166197	3451000	3452400
0.166396	3452400	3453800
0.166396	3453800	3455200
0.166396	3455200	3456600
0.166396	3456600	3458000
0.166396	3458000	3459400
0.166396	3459400	3460800
0.166396	3460800	3462200
0.166396	3462200	3463600
0.166396	3463600	3465000
0.166396	3465000	3466400
0.166397	3466400	3467800
0.166397	3467800	3469200
0.166397	3469200	3470600
0.166397	3470600	3472000
0.166397	3472000	3473400
0.166397	3473400	3474800
0.166397	3474800	3476200
0.166397	3476200	3477600
0.166397	3477600	3479000
0.166397	3479000	3480400
0.166397	3480400	3481800
0.166397	3481800	3483200
0.166397	3483200	3484600
0.166397	3484600	3486000
0.166398	3486000	3487400
0.166398	3487400	3488800
0.166487	3488800	3490200
0.166488	3490200	3491600
0.166488	3491600	3493000
0.166488	3493000	3494400
0.166488	3494400	3495800
0.166488	3495800	3497200
0.166488	3497200	3498600
0.166488	3498600	3500000
0.166488	3500000	3501400
0.166488	3501400	3502800
0.166488	3502800	3504200
0.166488	3504200	3505600
0.166696	3505600	3507000
0.166696	3507000	3508400
0.166696	3508400	3509800
0.166696	3509800	3511200
0.166696	3511200	3512600
0.166696	3512600	3514000
0.166696	3514000	3515400
0.166696	3515400	3516800
0.166696	3516800	3518200
0.166696	3518200	3519600
0.166697	3519600	3521000
0.166697	3521000	3522400
0.166697	3522400	3523800
0.166697	3523800	3525200
0.166996	3525200	3526600
0.166996	3526600	3528000
0.166996	3528000	3529400
0.166996	3529400	3530800
0.166996	3530800	3532200
0.166996	3532200	3533600
0.166996	3533600	3535000
0.166996	3535000	3536400
0.166996	3536400	3537800
0.166996	3537800	3539200
0.166997	3539200	3540600
0.166997	3540600	3542000
0.166997	3542000	3543400
0.166997	3543400	3544800
0.166997	3544800	3546200
0.166997	3546200	3547600
0.166997	3547600	3549000
0.166997	3549000	3550400
0.166997	3550400	3551800
0.166997	3551800	3553200
0.166997	3553200	3554600
0.166997	3554600	3556000
0.166997	3556000	3557400
0.166997	3557400	3558800
0.166998	3558800	3560200
0.166998	3560200	3561600
0.166998	3561600	3563000
0.166998	3563000	3564400
0.166998	3564400	3565800
0.166998	3565800	3567200
0.166998	3567200	3568600
0.167196	3568600	3570000
0.167196	3570000	3571400
0.167196	3571400	3572800
0.167196	3572800	3574200
0.167196	3574200	3575600
0.167196	3575600	3577000
0.167196	3577000	3578400
0.167196	3578400	3579800
0.167196	3579800	3581200
0.167196	3581200	3582600
0.167197	3582600	3584000
0.167197	3584000	3585400
0.167197	3585400	3586800
0.167197	3586800	3588200
0.167197	3588200	3589600
0.167197	3589600	3591000
0.167197	3591000	3592400
0.167197	3592400	3593800
0.167197	3593800	3595200
0.167197	3595200	3596600
0.167197	3596600	3598000
0.167197	3598000	3599400
0.167197	3599400	3600800
0.167197	3600800	3602200
0.167198	3602200	3603600
0.167198	3603600	3605000
0.167198	3605000	3606400
0.167198	3606400	3607800
0.167198	3607800	3609200
0.167198	3609200	3610600
0.167198	3610600	3612000
0.167198	3612000	3613400
0.167198	3613400	3614800
0.167198	3614800	3616200
0.167296	3616200	3617600
0.167296	3617600	3619000
0.167296	3619000	3620400
0.167296	3620400	3621800
0.167296	3621800	3623200
0.167296	3623200	3624600
0.167296	3624600	3626000
0.167296	3626000	3627400
0.167296	3627400	3628800
0.167296	3628800	3630200
0.167297	3630200	3631600
0.167297	3631600	3633000
0.167496	3633000	3634400
0.167496	3634400	3635800
0.167496	3635800	3637200
0.167496	3637200	3638600
0.167496	3638600	3640000
0.167496	3640000	3641400
0.167496	3641400	3642800
0.167496	3642800	3644200
0.167496	3644200	3645600
0.167496	3645600	3647000
0.167497	3647000	3648400
0.167497	3648400	3649800
0.167497	3649800	3651200
0.167497	3651200	3652600
0.167497	3652600	3654000
0.167497	3654000	3655400
0.167497	3655400	3656800
0.167497	3656800	3658200
0.167497	3658200	3659600
0.167497	3659600	3661000
0.167497	3661000	3662400
0.167497	3662400	3663800
0.167497	3663800	3665200
0.167497	3665200	3666600
0.167498	3666600	3668000
0.167592	3668000	3669400
0.167592	3669400	3670800
0.167592	3670800	3672200
0.167592	3672200	3673600
0.167592	3673600	3675000
0.167592	3675000	3676400
0.167592	3676400	3677800
0.167592	3677800	3679200
0.167592	3679200	3680600
0.167592	3680600	3682000
0.167592	3682000	3683400
0.167592	3683400	3684800
0.167593	3684800	3686200
0.167593	3686200	3687600
0.167796	3687600	3689000
0.167796	3689000	3690400
0.167796	3690400	3691800
0.167796	3691800	3693200
0.167796	3693200	3694600
0.167796	3694600	3696000
0.167796	3696000	3697400
0.167796	3697400	3698800
0.167796	3698800	3700200
0.167796	3700200	3701600
0.167797	3701600	3703000
0.167797	3703000	3704400
0.167992	3704400	3705800
0.167992	3705800	3707200
0.167992	3707200	3708600
0.167992	3708600	3710000
0.167992	3710000	3711400
0.167992	3711400	3712800
0.167992	3712800	3714200
0.167992	3714200	3715600
0.167992	3715600	3717000
0.167992	3717000	3718400
0.167992	3718400	3719800
0.167992	3719800	3721200
0.167993	3721200	3722600
0.167993	3722600	3724000
0.167993	3724000	3725400
0.167993	3725400	3726800
0.167993	3726800	3728200
0.167993	3728200	3729600
0.167993	3729600	3731000
0.167993	3731000	3732400
0.167993	3732400	3733800
0.167993	3733800	3735200
0.167993	3735200	3736600
0.167993	3736600	3738000
0.167993	3738000	3739400
0.167993	3739400	3740800
0.167994	3740800	3742200
0.167994	3742200	3743600
0.167994	3743600	3745000
0.167994	3745000	3746400
0.167994	3746400	3747800
0.168096	3747800	3749200
0.168096	3749200	3750600
0.168096	3750600	3752000
0.168096	3752000	3753400
0.168096	3753400	3754800
0.168096	3754800	3756200
0.168096	3756200	3757600
0.168096	3757600	3759000
0.168096	3759000	3760400
0.168096	3760400	3761800
0.168097	3761800	3763200
0.168097	3763200	3764600
0.168097	3764600	3766000
0.168097	3766000	3767400
0.168097	3767400	3768800
0.168097	3768800	3770200
0.168097	3770200	3771600
0.168097	3771600	3773000
0.168097	3773000	3774400
0.168296	3774400	3775800
0.168296	3775800	3777200
0.168296	3777200	3778600
0.168296	3778600	3780000
0.168296	3780000	3781400
0.168296	3781400	3782800
0.168296	3782800	3784200
0.168296	3784200	3785600
0.168296	3785600	3787000
0.168296	3787000	3788400
0.168297	3788400	3789800
0.168297	3789800	3791200
0.168297	3791200	3792600
0.168297	3792600	3794000
0.168297	3794000	3795400
0.168297	3795400	3796800
0.168297	3796800	3798200
0.168297	3798200	3799600
0.168297	3799600	3801000
0.168297	3801000	3802400
0.168297	3802400	3803800
0.168297	3803800	3805200
0.168297	3805200	3806600
0.168297	3806600	3808000
0.168298	3808000	3809400
0.168298	3809400	3810800
0.168298	3810800	3812200
0.168392	3812200	3813600
0.168392	3813600	3815000
0.168392	3815000	3816400
0.168392	3816400	3817800
0.168392	3817800	3819200
0.168392	3819200	3820600
0.168392	3820600	3822000
0.168392	3822000	3823400
0.168392	3823400	3824800
0.168392	3824800	3826200
0.168392	3826200	3827600
0.168392	3827600	3829000
0.168393	3829000	3830400
0.168393	3830400	3831800
0.168393	3831800	3833200
0.168393	3833200	3834600
0.168393	3834600	3836000
0.168393	3836000	3837400
0.168393	3837400	3838800
0.168393	3838800	3840200
0.168393	3840200	3841600
0.168393	3841600	3843000
0.168393	3843000	3844400
0.168393	3844400	3845800
0.168393	3845800	3847200
0.168596	3847200	3848600
0.168596	3848600	3850000
0.168596	3850000	3851400
0.168596	3851400	3852800
0.168596	3852800	3854200
0.168596	3854200	3855600
0.168596	3855600	3857000
0.168596	3857000	3858400
0.168596	3858400	3859800
0.168596	3859800	3861200
0.168597	3861200	3862600
0.168597	3862600	3864000
0.168597	3864000	3865400
0.168597	3865400	3866800
0.168597	3866800	3868200
0.168597	3868200	3869600
0.168597	3869600	3871000
0.168597	3871000	3872400
0.168597	3872400	3873800
0.168597	3873800	3875200
0.168597	3875200	3876600
0.168597	3876600	3878000
0.168597	3878000	3879400
0.168597	3879400	3880800
0.168598	3880800	3882200
0.168598	3882200	3883600
0.168598	3883600	3885000
0.168598	3885000	3886400
0.168598	3886400	3887800
0.168598	3887800	3889200
0.168598	3889200	3890600
0.168796	3890600	3892000
0.168796	3892000	3893400
0.168796	3893400	3894800
0.168796	3894800	3896200
0.168796	3896200	3897600
0.168796	3897600	3899000
0.168796	3899000	3900400
0.168796	3900400	3901800
0.168796	3901800	3903200
0.168796	3903200	3904600
0.168797	3904600	3906000
0.168797	3906000	3907400
0.168797	3907400	3908800
0.168797	3908800	3910200
0.168797	3910200	3911600
0.168797	3911600	3913000
0.168797	3913000	3914400
0.168797	3914400	3915800
0.168797	3915800	3917200
0.168797	3917200	3918600
0.168797	3918600	3920000
0.168797	3920000	3921400
0.168797	3921400	3922800
0.168797	3922800	3924200
0.168798	3924200	3925600
0.168798	3925600	3927000
0.168798	3927000	3928400
0.168798	3928400	3929800
0.168798	3929800	3931200
0.168798	3931200	3932600
0.168798	3932600	3934000
0.168798	3934000	3935400
0.168798	3935400	3936800
0.168798	3936800	3938200
0.168798	3938200	3939600
0.168798	3939600	3941000
0.168798	3941000	3942400
0.168799	3942400	3943800
0.168799	3943800	3945200
0.168799	3945200	3946600
0.168799	3946600	3948000
0.168799	3948000	3949400
0.168799	3949400	3950800
0.168799	3950800	3952200
0.168799	3952200	3953600
0.168799	3953600	3955000
0.168896	3955000	3956400
0.168896	3956400	3957800
0.168896	3957800	3959200
0.168896	3959200	3960600
0.168896	3960600	3962000
0.168896	3962000	3963400
0.168896	3963400	3964800
0.168896	3964800	3966200
0.168896	3966200	3967600
0.168896	3967600	3969000
0.168897	3969000	3970400
0.168897	3970400	3971800
0.168897	3971800	3973200
0.168897	3973200	3974600
0.168897	3974600	3976000
0.168897	3976000	3977400
0.168897	3977400	3978800
0.168897	3978800	3980200
0.168897	3980200	3981600
0.168897	3981600	3983000
0.168897	3983000	3984400
0.168897	3984400	3985800
0.168897	3985800	3987200
0.168897	3987200	3988600
0.169092	3988600	3990000
0.169092	3990000	3991400
0.169092	3991400	3992800
0.169092	3992800	3994200
0.169092	3994200	3995600
0.169092	3995600	3997000
0.169092	3997000	3998400
0.169092	3998400	3999800
0.169092	3999800	4001200
0.169092	4001200	4002600
0.169092	4002600	4004000
0.169092	4004000	4005400
0.169093	4005400	4006800
0.169093	4006800	4008200
0.169093	4008200	4009600
0.169093	4009600	4011000
0.169093	4011000	4012400
0.169093	4012400	4013800
0.169093	4013800	4015200
0.169093	4015200	4016600
0.169093	4016600	4018000
0.169093	4018000	4019400
0.169093	4019400	4020800
0.169093	4020800	4022200
0.169093	4022200	4023600
0.169093	4023600	4025000
0.169094	4025000	4026400
0.169094	4026400	4027800
0.169094	4027800	4029200
0.169094	4029200	4030600
0.169094	4030600	4032000
0.169196	4032000	4033400
0.169196	4033400	4034800
0.169196	4034800	4036200
0.169196	4036200	4037600
0.169196	4037600	4039000
0.169196	4039000	4040400
0.169196	4040400	4041800
0.169196	4041800	4043200
0.169196	4043200	4044600
0.169196	4044600	4046000
0.169197	4046000	4047400
0.169197	4047400	4048800
0.169197	4048800	4050200
0.169197	4050200	4051600
0.169197	4051600	4053000
0.169197	4053000	4054400
0.169197	4054400	4055800
0.169197	4055800	4057200
0.169197	4057200	4058600
0.169197	4058600	4060000
0.169197	4060000	4061400
0.169197	4061400	4062800
0.169197	4062800	4064200
0.169197	4064200	4065600
0.169198	4065600	4067000
0.169198	4067000	4068400
0.169198	4068400	4069800
0.169198	4069800	4071200
0.169198	4071200	4072600
0.169198	4072600	4074000
0.169198	4074000	4075400
0.169198	4075400	4076800
0.169198	4076800	4078200
0.169198	4078200	4079600
0.169198	4079600	4081000
0.169198	4081000	4082400
0.169198	4082400	4083800
0.169199	4083800	4085200
0.169199	4085200	4086600
0.169199	4086600	4088000
0.169199	4088000	4089400
0.169199	4089400	4090800
0.169199	4090800	4092200
0.169199	4092200	4093600
0.169199	4093600	4095000
0.169396	4095000	4096400
0.169396	4096400	4097800
0.169396	4097800	4099200
0.169396	4099200	4100600
0.169396	4100600	4102000
0.169396	4102000	4103400
0.169396	4103400	4104800
0.169396	4104800	4106200
0.169396	4106200	4107600
0.169396	4107600	4109000
0.169397	4109000	4110400
0.169397	4110400	4111800
0.169397	4111800	4113200
0.169397	4113200	4114600
0.169397	4114600	4116000
0.169397	4116000	4117400
0.169397	4117400	4118800
0.169397	4118800	4120200
0.169397	4120200	4121600
0.169397	4121600	4123000
0.169397	4123000	4124400
0.169397	4124400	4125800
0.169397	4125800	4127200
0.169397	4127200	4128600
0.169398	4128600	4130000
0.169398	4130000	4131400
0.169398	4131400	4132800
0.169398	4132800	4134200
0.169398	4134200	4135600
0.169398	4135600	4137000
0.169398	4137000	4138400
0.169496	4138400	4139800
0.169496	4139800	4141200
0.169496	4141200	4142600
0.169496	4142600	4144000
0.169496	4144000	4145400
0.169496	4145400	4146800
0.169496	4146800	4148200
0.169496	4148200	4149600
0.169496	4149600	4151000
0.169496	4151000	4152400
0.169497	4152400	4153800
0.169497	4153800	4155200
0.169497	4155200	4156600
0.169692	4156600	4158000
0.169692	4158000	4159400
0.169692	4159400	4160800
0.169692	4160800	4162200
0.169692	4162200	4163600
0.169692	4163600	4165000
0.169692	4165000	4166400
0.169692	4166400	4167800
0.169692	4167800	4169200
0.169692	4169200	4170600
0.169692	4170600	4172000
0.169692	4172000	4173400
0.169693	4173400	4174800
0.169693	4174800	4176200
0.169693	4176200	4177600
0.169693	4177600	4179000
0.169693	4179000	4180400
0.169693	4180400	4181800
0.169796	4181800	4183200
0.169796	4183200	4184600
0.169796	4184600	4186000
0.169796	4186000	4187400
0.169796	4187400	4188800
0.169796	4188800	4190200
0.169796	4190200	4191600
0.169796	4191600	4193000
0.169796	4193000	4194400
0.169796	4194400	4195800
0.169797	4195800	4197200
0.169797	4197200	4198600
0.169797	4198600	4200000
0.169797	4200000	4201400
0.169996	4201400	4202800
0.169996	4202800	4204200
0.169996	4204200	4205600
0.169996	4205600	4207000
0.169996	4207000	4208400
0.169996	4208400	4209800
0.169996	4209800	4211200
0.169996	4211200	4212600
0.169996	4212600	4214000
0.169996	4214000	4215400
0.169997	4215400	4216800
0.169997	4216800	4218200
0.169997	4218200	4219600
0.169997	4219600	4221000
0.169997	4221000	4222400
0.169997	4222400	4223800
0.169997	4223800	4225200
0.169997	4225200	4226600
0.169997	4226600	4228000
0.169997	4228000	4229400
0.169997	4229400	4230800
0.169997	4230800	4232200
0.169997	4232200	4233600
0.169997	4233600	4235000
0.169998	4235000	4236400
0.169998	4236400	4237800
0.169998	4237800	4239200
0.169998	4239200	4240600
0.169998	4240600	4242000
0.169998	4242000	4243400
0.169998	4243400	4244800
0.170096	4244800	4246200
0.170096	4246200	4247600
0.170096	4247600	4249000
0.170096	4249000	4250400
0.170096	4250400	4251800
0.170096	4251800	4253200
0.170096	4253200	4254600
0.170096	4254600	4256000
0.170096	4256000	4257400
0.170096	4257400	4258800
0.170097	4258800	4260200
0.170097	4260200	4261600
0.170097	4261600	4263000
0.170097	4263000	4264400
0.170097	4264400	4265800
0.170097	4265800	4267200
0.170097	4267200	4268600
0.170097	4268600	4270000
0.170097	4270000	4271400
0.170097	4271400	4272800
0.170097	4272800	4274200
0.170097	4274200	4275600
0.170097	4275600	4277000
0.170097	4277000	4278400
0.170098	4278400	4279800
0.170098	4279800	4281200
0.170098	4281200	4282600
0.170098	4282600	4284000
0.170098	4284000	4285400
0.170098	4285400	4286800
0.170098	4286800	4288200
0.170098	4288200	4289600
0.170098	4289600	4291000
0.170098	4291000	4292400
0.170098	4292400	4293800
0.170098	4293800	4295200
0.170098	4295200	4296600
0.170099	4296600	4298000
0.170099	4298000	4299400
0.170099	4299400	4300800
0.170099	4300800	4302200
0.170099	4302200	4303600
0.170099	4303600	4305000
0.170099	4305000	4306400
0.170099	4306400	4307800
0.170296	4307800	4309200
0.170296	4309200	4310600
0.170296	4310600	4312000
0.170296	4312000	4313400
0.170296	4313400	4314800
0.170296	4314800	4316200
0.170296	4316200	4317600
0.170296	4317600	4319000
0.170296	4319000	4320400
0.170296	4320400	4321800
0.170297	4321800	4323200
0.170297	4323200	4324600
0.170297	4324600	4326000
0.170297	4326000	4327400
0.170297	4327400	4328800
0.170297	4328800	4330200
0.170297	4330200	4331600
0.170297	4331600	4333000
0.170297	4333000	4334400
0.170297	4334400	4335800
0.170297	4335800	4337200
0.170297	4337200	4338600
0.170297	4338600	4340000
0.170297	4340000	4341400
0.170298	4341400	4342800
0.170298	4342800	4344200
0.170298	4344200	4345600
0.170298	4345600	4347000
0.170298	4347000	4348400
0.170298	4348400	4349800
0.170298	4349800	4351200
0.170583	4351200	4352600
0.170583	4352600	4354000
0.170583	4354000	4355400
0.170584	4355400	4356800
0.170584	4356800	4358200
0.170584	4358200	4359600
0.170584	4359600	4361000
0.170584	4361000	4362400
0.170584	4362400	4363800
0.170584	4363800	4365200
0.170584	4365200	4366600
0.170584	4366600	4368000
0.170584	4368000	4369400
0.170584	4369400	4370800
0.170584	4370800	4372200
0.170584	4372200	4373600
0.170584	4373600	4375000
0.170585	4375000	4376400
0.170585	4376400	4377800
0.170585	4377800	4379200
0.170585	4379200	4380600
0.170585	4380600	4382000
0.170585	4382000	4383400
0.170585	4383400	4384800
0.170585	4384800	4386200
0.170585	4386200	4387600
0.170585	4387600	4389000
0.170585	4389000	4390400
0.170585	4390400	4391800
0.170585	4391800	4393200
0.170586	4393200	4394600
0.170586	4394600	4396000
0.170586	4396000	4397400
0.170586	4397400	4398800
0.170586	4398800	4400200
0.170586	4400200	4401600
0.170586	4401600	4403000
0.170586	4403000	4404400
0.170586	4404400	4405800
0.170586	4405800	4407200
0.170586	4407200	4408600
0.170586	4408600	4410000
0.170586	4410000	4411400
0.170587	4411400	4412800
0.170587	4412800	4414200
0.170587	4414200	4415600
0.170587	4415600	4417000
0.170587	4417000	4418400
0.170587	4418400	4419800
0.170587	4419800	4421200
0.170587	4421200	4422600
0.170587	4422600	4424000
0.170587	4424000	4425400
0.170587	4425400	4426800
0.170587	4426800	4428200
0.170587	4428200	4429600
0.170587	4429600	4431000
0.170588	4431000	4432400
0.170588	4432400	4433800
0.170588	4433800	4435200
0.170588	4435200	4436600
0.170588	4436600	4438000
0.170588	4438000	4439400
0.170588	4439400	4440800
0.170692	4440800	4442200
0.170692	4442200	4443600
0.170692	4443600	4445000
0.170692	4445000	4446400
0.170692	4446400	4447800
0.170692	4447800	4449200
0.170692	4449200	4450600
0.170692	4450600	4452000
0.170692	4452000	4453400
0.170692	4453400	4454800
0.170792	4454800	4456200
0.170792	4456200	4457600
0.170792	4457600	4459000
0.170792	4459000	4460400
0.170792	4460400	4461800
0.170792	4461800	4463200
0.170792	4463200	4464600
0.170792	4464600	4466000
0.170792	4466000	4467400
0.170792	4467400	4468800
0.170792	4468800	4470200
0.170792	4470200	4471600
0.170793	4471600	4473000
0.170887	4473000	4474400
0.170888	4474400	4475800
0.170888	4475800	4477200
0.170888	4477200	4478600
0.170888	4478600	4480000
0.170888	4480000	4481400
0.170888	4481400	4482800
0.170888	4482800	4484200
0.170888	4484200	4485600
0.170888	4485600	4487000
0.170987	4487000	4488400
0.170988	4488400	4489800
0.170988	4489800	4491200
0.170988	4491200	4492600
0.170988	4492600	4494000
0.170988	4494000	4495400
0.170988	4495400	4496800
0.170988	4496800	4498200
0.170988	4498200	4499600
0.170988	4499600	4501000
0.170988	4501000	4502400
0.171087	4502400	4503800
0.171088	4503800	4505200
0.171088	4505200	4506600
0.171088	4506600	4508000
0.171088	4508000	4509400
0.171088	4509400	4510800
0.171088	4510800	4512200
0.171088	4512200	4513600
0.171088	4513600	4515000
0.171088	4515000	4516400
0.171088	4516400	4517800
0.171187	4517800	4519200
0.171188	4519200	4520600
0.171188	4520600	4522000
0.171188	4522000	4523400
0.171188	4523400	4524800
0.171188	4524800	4526200
0.171188	4526200	4527600
0.171188	4527600	4529000
0.171188	4529000	4530400
0.171188	4530400	4531800
0.171188	4531800	4533200
0.171287	4533200	4534600
0.171288	4534600	4536000
0.171288	4536000	4537400
0.171288	4537400	4538800
0.171288	4538800	4540200
0.171288	4540200	4541600
0.171288	4541600	4543000
0.171288	4543000	4544400
0.171288	4544400	4545800
0.171288	4545800	4547200
0.171288	4547200	4548600
0.171487	4548600	4550000
0.171488	4550000	4551400
0.171488	4551400	4552800
0.171488	4552800	4554200
0.171488	4554200	4555600
0.171488	4555600	4557000
0.171488	4557000	4558400
0.171488	4558400	4559800
0.171488	4559800	4561200
0.171488	4561200	4562600
0.171488	4562600	4564000
0.171488	4564000	4565400
0.171488	4565400	4566800
0.171488	4566800	4568200
0.171488	4568200	4569600
0.171489	4569600	4571000
0.171489	4571000	4572400
0.171489	4572400	4573800
0.171489	4573800	4575200
0.171489	4575200	4576600
0.171489	4576600	4578000
0.171489	4578000	4579400
0.171596	4579400	4580800
0.171596	4580800	4582200
0.171596	4582200	4583600
0.171596	4583600	4585000
0.171596	4585000	4586400
0.171596	4586400	4587800
0.171596	4587800	4589200
0.171596	4589200	4590600
0.171596	4590600	4592000
0.171596	4592000	4593400
0.171597	4593400	4594800
0.171896	4594800	4596200
0.171896	4596200	4597600
0.171896	4597600	4599000
0.171896	4599000	4600400
0.171896	4600400	4601800
0.171896	4601800	4603200
0.171896	4603200	4604600
0.171896	4604600	4606000
0.171896	4606000	4607400
0.171896	4607400	4608800
0.171897	4608800	4610200
0.171897	4610200	4611600
0.171897	4611600	4613000
0.171897	4613000	4614400
0.171897	4614400	4615800
0.171897	4615800	4617200
0.171897	4617200	4618600
0.171897	4618600	4620000
0.171897	4620000	4621400
0.171897	4621400	4622800
0.171897	4622800	4624200
0.171897	4624200	4625600
0.171987	4625600	4627000
0.171988	4627000	4628400
0.171988	4628400	4629800
0.171988	4629800	4631200
0.171988	4631200	4632600
0.171988	4632600	4634000
0.171988	4634000	4635400
0.171988	4635400	4636800
0.171988	4636800	4638200
0.171988	4638200	4639600
0.171988	4639600	4641000
0.172196	4641000	4642400
0.172196	4642400	4643800
0.172196	4643800	4645200
0.172196	4645200	4646600
0.172196	4646600	4648000
0.172196	4648000	4649400
0.172196	4649400	4650800
0.172196	4650800	4652200
0.172196	4652200	4653600
0.172196	4653600	4655000
0.172197	4655000	4656400
0.172197	4656400	4657800
0.172197	4657800	4659200
0.172197	4659200	4660600
0.172197	4660600	4662000
0.172197	4662000	4663400
0.172197	4663400	4664800
0.172197	4664800	4666200
0.172197	4666200	4667600
0.172197	4667600	4669000
0.172197	4669000	4670400
0.172197	4670400	4671800
0.172197	4671800	4673200
0.172197	4673200	4674600
0.172198	4674600	4676000
0.172198	4676000	4677400
0.172487	4677400	4678800
0.172488	4678800	4680200
0.172488	4680200	4681600
0.172488	4681600	4683000
0.172488	4683000	4684400
0.172488	4684400	4685800
0.172488	4685800	4687200
0.172488	4687200	4688600
0.172488	4688600	4690000
0.172488	4690000	4691400
0.172488	4691400	4692800
0.172488	4692800	4694200
0.172488	4694200	4695600
0.172488	4695600	4697000
0.172488	4697000	4698400
0.172489	4698400	4699800
0.172489	4699800	4701200
0.172489	4701200	4702600
0.172489	4702600	4704000
0.172489	4704000	4705400
0.172489	4705400	4706800
0.172489	4706800	4708200
0.172489	4708200	4709600
0.172489	4709600	4711000
0.172489	4711000	4712400
0.172489	4712400	4713800
0.172489	4713800	4715200
0.172489	4715200	4716600
0.172587	4716600	4718000
0.172588	4718000	4719400
0.172588	4719400	4720800
0.172588	4720800	4722200
0.172588	4722200	4723600
0.172588	4723600	4725000
0.172588	4725000	4726400
0.172588	4726400	4727800
0.172588	4727800	4729200
0.172796	4729200	4730600
0.172796	4730600	4732000
0.172796	4732000	4733400
0.172796	4733400	4734800
0.172796	4734800	4736200
0.172796	4736200	4737600
0.172796	4737600	4739000
0.172796	4739000	4740400
0.172796	4740400	4741800
0.172796	4741800	4743200
0.172887	4743200	4744600
0.172888	4744600	4746000
0.172888	4746000	4747400
0.172888	4747400	4748800
0.172888	4748800	4750200
0.172888	4750200	4751600
0.172888	4751600	4753000
0.172888	4753000	4754400
0.172888	4754400	4755800
0.172888	4755800	4757200
0.172888	4757200	4758600
0.173096	4758600	4760000
0.173096	4760000	4761400
0.173096	4761400	4762800
0.173096	4762800	4764200
0.173096	4764200	4765600
0.173096	4765600	4767000
0.173096	4767000	4768400
0.173096	4768400	4769800
0.173096	4769800	4771200
0.173096	4771200	4772600
0.173097	4772600	4774000
0.173097	4774000	4775400
0.173097	4775400	4776800
0.173097	4776800	4778200
0.173097	4778200	4779600
0.173097	4779600	4781000
0.173097	4781000	4782400
0.173097	4782400	4783800
0.173097	4783800	4785200
0.173097	4785200	4786600
0.173097	4786600	4788000
0.173097	4788000	4789400
0.173097	4789400	4790800
0.173097	4790800	4792200
0.173098	4792200	4793600
0.173296	4793600	4795000
0.173296	4795000	4796400
0.173296	4796400	4797800
0.173296	4797800	4799200
0.173296	4799200	4800600
0.173296	4800600	4802000
0.173296	4802000	4803400
0.173296	4803400	4804800
0.173296	4804800	4806200
0.173296	4806200	4807600
0.173297	4807600	4809000
0.173297	4809000	4810400
0.173297	4810400	4811800
0.173297	4811800	4813200
0.173297	4813200	4814600
0.173297	4814600	4816000
0.173297	4816000	4817400
0.173297	4817400	4818800
0.173297	4818800	4820200
0.173297	4820200	4821600
0.173297	4821600	4823000
0.173297	4823000	4824400
0.173596	4824400	4825800
0.173596	4825800	4827200
0.173596	4827200	4828600
0.173596	4828600	4830000
0.173596	4830000	4831400
0.173596	4831400	4832800
0.173596	4832800	4834200
0.173596	4834200	4835600
0.173596	4835600	4837000
0.173596	4837000	4838400
0.173597	4838400	4839800
0.173597	4839800	4841200
0.173597	4841200	4842600
0.173597	4842600	4844000
0.173597	4844000	4845400
0.173597	4845400	4846800
0.173597	4846800	4848200
0.173597	4848200	4849600
0.173597	4849600	4851000
0.173597	4851000	4852400
0.173597	4852400	4853800
0.173597	4853800	4855200
0.173597	4855200	4856600
0.173597	4856600	4858000
0.173598	4858000	4859400
0.173598	4859400	4860800
0.173598	4860800	4862200
0.173598	4862200	4863600
0.173598	4863600	4865000
0.173598	4865000	4866400
0.173598	4866400	4867800
0.173796	4867800	4869200
0.173796	4869200	4870600
0.173796	4870600	4872000
0.173796	4872000	4873400
0.173796	4873400	4874800
0.173796	4874800	4876200
0.173796	4876200	4877600
0.173796	4877600	4879000
0.173796	4879000	4880400
0.173796	4880400	4881800
0.173797	4881800	4883200
0.173797	4883200	4884600
0.173797	4884600	4886000
0.173797	4886000	4887400
0.173797	4887400	4888800
0.173797	4888800	4890200
0.173892	4890200	4891600
0.173892	4891600	4893000
0.173892	4893000	4894400
0.173892	4894400	4895800
0.173892	4895800	4897200
0.173892	4897200	4898600
0.173892	4898600	4900000
0.173892	4900000	4901400
0.173992	4901400	4902800
0.173992	4902800	4904200
0.173992	4904200	4905600
0.173992	4905600	4907000
0.173992	4907000	4908400
0.173992	4908400	4909800
0.173992	4909800	4911200
0.173992	4911200	4912600
0.173992	4912600	4914000
0.173992	4914000	4915400
0.173992	4915400	4916800
0.173992	4916800	4918200
0.173993	4918200	4919600
0.173993	4919600	4921000
0.174192	4921000	4922400
0.174192	4922400	4923800
0.174192	4923800	4925200
0.174192	4925200	4926600
0.174192	4926600	4928000
0.174192	4928000	4929400
0.174192	4929400	4930800
0.174192	4930800	4932200
0.174192	4932200	4933600
0.174192	4933600	4935000
0.174192	4935000	4936400
0.174192	4936400	4937800
0.174193	4937800	4939200
0.174193	4939200	4940600
0.174193	4940600	4942000
0.174193	4942000	4943400
0.174193	4943400	4944800
0.174193	4944800	4946200
0.174193	4946200	4947600
0.174193	4947600	4949000
0.174193	4949000	4950400
0.174193	4950400	4951800
0.174193	4951800	4953200
0.174193	4953200	4954600
0.174296	4954600	4956000
0.174296	4956000	4957400
0.174296	4957400	4958800
0.174296	4958800	4960200
0.174296	4960200	4961600
0.174296	4961600	4963000
0.174296	4963000	4964400
0.174296	4964400	4965800
0.174296	4965800	4967200
0.174296	4967200	4968600
0.174297	4968600	4970000
0.174496	4970000	4971400
0.174496	4971400	4972800
0.174496	4972800	4974200
0.174496	4974200	4975600
0.174496	4975600	4977000
0.174496	4977000	4978400
0.174496	4978400	4979800
0.174496	4979800	4981200
0.174496	4981200	4982600
0.174496	4982600	4984000
0.174497	4984000	4985400
0.174497	4985400	4986800
0.174497	4986800	4988200
0.174497	4988200	4989600
0.174497	4989600	4991000
0.174497	4991000	4992400
0.174497	4992400	4993800
0.174497	4993800	4995200
0.174497	4995200	4996600
0.174497	4996600	4998000
0.174497	4998000	4999400
0.174587	4999400	5000800
0.174588	5000800	5002200
0.174588	5002200	5003600
0.174588	5003600	5005000
0.174588	5005000	5006400
0.174588	5006400	5007800
0.174588	5007800	5009200
0.174787	5009200	5010600
0.174788	5010600	5012000
0.174788	5012000	5013400
0.174788	5013400	5014800
0.174788	5014800	5016200
0.174788	5016200	5017600
0.174788	5017600	5019000
0.174788	5019000	5020400
0.174788	5020400	5021800
0.174892	5021800	5023200
0.174892	5023200	5024600
0.174892	5024600	5026000
0.174892	5026000	5027400
0.174892	5027400	5028800
0.174892	5028800	5030200
0.174892	5030200	5031600
0.175079	5031600	5033000
0.175079	5033000	5034400
0.175079	5034400	5035800
0.175079	5035800	5037200
0.175079	5037200	5038600
0.175079	5038600	5040000
0.17508	5040000	5041400
0.17508	5041400	5042800
0.17508	5042800	5044200
0.17508	5044200	5045600
0.17508	5045600	5047000
0.17508	5047000	5048400
0.17508	5048400	5049800
0.17508	5049800	5051200
0.17508	5051200	5052600
0.17508	5052600	5054000
0.175196	5054000	5055400
0.175196	5055400	5056800
0.175196	5056800	5058200
0.175196	5058200	5059600
0.175196	5059600	5061000
0.175196	5061000	5062400
0.175196	5062400	5063800
0.175396	5063800	5065200
0.175396	5065200	5066600
0.175396	5066600	5068000
0.175396	5068000	5069400
0.175396	5069400	5070800
0.175396	5070800	5072200
0.175396	5072200	5073600
0.175396	5073600	5075000
0.175396	5075000	5076400
0.175396	5076400	5077800
0.175397	5077800	5079200
0.175397	5079200	5080600
0.175397	5080600	5082000
0.175397	5082000	5083400
0.175397	5083400	5084800
0.175397	5084800	5086200
0.175696	5086200	5087600
0.175696	5087600	5089000
0.175696	5089000	5090400
0.175696	5090400	5091800
0.175696	5091800	5093200
0.175696	5093200	5094600
0.175696	5094600	5096000
0.175696	5096000	5097400
0.175696	5097400	5098800
0.175696	5098800	5100200
0.175697	5100200	5101600
0.175697	5101600	5103000
0.175697	5103000	5104400
0.175697	5104400	5105800
0.175697	5105800	5107200
0.175697	5107200	5108600
0.175697	5108600	5110000
0.175697	5110000	5111400
0.175697	5111400	5112800
0.175697	5112800	5114200
0.175697	5114200	5115600
0.175996	5115600	5117000
0.175996	5117000	5118400
0.175996	5118400	5119800
0.175996	5119800	5121200
0.175996	5121200	5122600
0.175996	5122600	5124000
0.175996	5124000	5125400
0.175996	5125400	5126800
0.175996	5126800	5128200
0.175996	5128200	5129600
0.175997	5129600	5131000
0.175997	5131000	5132400
0.175997	5132400	5133800
0.175997	5133800	5135200
0.175997	5135200	5136600
0.175997	5136600	5138000
0.175997	5138000	5139400
0.175997	5139400	5140800
0.175997	5140800	5142200
0.175997	5142200	5143600
0.175997	5143600	5145000
0.175997	5145000	5146400
0.175997	5146400	5147800
0.175997	5147800	5149200
0.175998	5149200	5150600
0.175998	5150600	5152000
0.175998	5152000	5153400
0.175998	5153400	5154800
0.175998	5154800	5156200
0.175998	5156200	5157600
0.175998	5157600	5159000
0.176096	5159000	5160400
0.176096	5160400	5161800
0.176096	5161800	5163200
0.176096	5163200	5164600
0.176096	5164600	5166000
0.176096	5166000	5167400
0.176096	5167400	5168800
0.176096	5168800	5170200
0.176096	5170200	5171600
0.176096	5171600	5173000
0.176097	5173000	5174400
0.176097	5174400	5175800
0.176097	5175800	5177200
0.176097	5177200	5178600
0.176097	5178600	5180000
0.176097	5180000	5181400
0.176097	5181400	5182800
0.176292	5182800	5184200
0.176292	5184200	5185600
0.176292	5185600	5187000
0.176292	5187000	5188400
0.176292	5188400	5189800
0.176292	5189800	5191200
0.176292	5191200	5192600
0.176292	5192600	5194000
0.176292	5194000	5195400
0.176292	5195400	5196800
0.176292	5196800	5198200
0.176292	5198200	5199600
0.176293	5199600	5201000
0.176293	5201000	5202400
0.176293	5202400	3791200
