0.104913	0	0.004
0.109808	0.004	0.004125
0.114708	0.004125	0.00423438
0.114708	0.00423438	0.00433008
0.119608	0.00433008	0.00441382
0.119608	0.00441382	0.00448709
0.119609	0.00448709	0.0045512
0.119609	0.0045512	0.0046073
0.124508	0.0046073	0.00465639
0.124508	0.00465639	0.00469934
0.124509	0.00469934	0.00473692
0.124509	0.00473692	0.00476981
0.124509	0.00476981	0.00479858
0.124509	0.00479858	0.00482376
0.124509	0.00482376	0.00484579
0.125408	0.00484579	0.00499006
0.129408	0.00499006	0.0049913
0.129408	0.0049913	0.00499239
0.129409	0.00499239	0.00499334
0.129409	0.00499334	0.00499417
0.129409	0.00499417	0.0049949
0.129409	0.0049949	0.00499554
0.129409	0.00499554	0.0049961
0.129409	0.0049961	0.00499658
0.129409	0.00499658	0.00499701
0.129409	0.00499701	0.00499738
0.129409	0.00499738	0.00499771
0.129409	0.00499771	0.004998
0.129409	0.004998	0.00499825
0.130308	0.00499825	0.00512347
0.130308	0.00512347	0.00510803
0.130309	0.00510803	0.00509453
0.134308	0.00509453	0.00508271
0.134308	0.00508271	0.00507237
0.134309	0.00507237	0.00506333
0.134309	0.00506333	0.00505541
0.134309	0.00505541	0.00504848
0.134309	0.00504848	0.00504242
0.134309	0.00504242	0.00503712
0.134309	0.00503712	0.00503248
0.134309	0.00503248	0.00502842
0.134309	0.00502842	0.00502487
0.134309	0.00502487	0.00502176
0.134309	0.00502176	0.00501904
0.134309	0.00501904	0.00501666
0.134309	0.00501666	0.00501457
0.134309	0.00501457	0.00501275
0.13431	0.00501275	0.00501116
0.13431	0.00501116	0.00500976
0.13431	0.00500976	0.00500854
0.13431	0.00500854	0.00500747
0.13431	0.00500747	0.00500654
0.13431	0.00500654	0.00500572
0.13431	0.00500572	0.005005
0.13431	0.005005	0.00500438
0.13431	0.00500438	0.00500383
0.13431	0.00500383	0.00500335
0.135208	0.00500335	0.00512793
0.135208	0.00512793	0.00511194
0.135209	0.00511194	0.00509795
0.135209	0.00509795	0.0050857
0.135209	0.0050857	0.00507499
0.135209	0.00507499	0.00506562
0.135209	0.00506562	0.00505741
0.139208	0.00505741	0.00505024
0.139208	0.00505024	0.00504396
0.139209	0.00504396	0.00503846
0.139209	0.00503846	0.00503365
0.139209	0.00503365	0.00502945
0.139209	0.00502945	0.00502577
0.139209	0.00502577	0.00502254
0.139209	0.00502254	0.00501973
0.139209	0.00501973	0.00501726
0.139209	0.00501726	0.0050151
0.139209	0.0050151	0.00501321
0.139209	0.00501321	0.00501156
0.139209	0.00501156	0.00501012
0.139209	0.00501012	0.00500885
0.139209	0.00500885	0.00500774
0.13921	0.00500774	0.00500678
0.13921	0.00500678	0.00500593
0.13921	0.00500593	0.00500519
0.13921	0.00500519	0.00500454
0.13921	0.00500454	0.00500397
0.13921	0.00500397	0.00500347
0.13921	0.00500347	0.00500304
0.13921	0.00500304	0.00500266
0.13921	0.00500266	0.00500233
0.13921	0.00500233	0.00500203
0.13921	0.00500203	0.00500178
0.13921	0.00500178	0.00500156
0.13921	0.00500156	0.00500136
0.139211	0.00500136	0.00500119
0.139211	0.00500119	0.00500104
0.139211	0.00500104	0.00500091
0.139313	0.00500091	0.0050008
0.139313	0.0050008	0.0050007
0.139313	0.0050007	0.00500061
0.139313	0.00500061	0.00500053
0.139313	0.00500053	0.00500046
0.139313	0.00500046	0.00500041
0.139313	0.00500041	0.00500035
0.139313	0.00500035	0.00500031
0.139313	0.00500031	0.00500027
0.139313	0.00500027	0.00500024
0.139313	0.00500024	0.00500021
0.139313	0.00500021	0.00500018
0.139313	0.00500018	0.00500016
0.139314	0.00500016	0.00500014
0.139314	0.00500014	0.00500012
0.139314	0.00500012	0.00500011
0.139314	0.00500011	0.00500009
0.139314	0.00500009	0.00500008
0.140108	0.00500008	0.00512507
0.140108	0.00512507	0.00510943
0.140109	0.00510943	0.00509576
0.140109	0.00509576	0.00508379
0.140109	0.00508379	0.00507331
0.140109	0.00507331	0.00506415
0.140109	0.00506415	0.00505613
0.140109	0.00505613	0.00504911
0.140109	0.00504911	0.00504297
0.140109	0.00504297	0.0050376
0.140109	0.0050376	0.0050329
0.140109	0.0050329	0.00502879
0.140109	0.00502879	0.00502519
0.140109	0.00502519	0.00502204
0.142108	0.00502204	0.00526928
0.144108	0.00526928	0.00523562
0.144108	0.00523562	0.00520617
0.144109	0.00520617	0.0051804
0.144109	0.0051804	0.00515785
0.144109	0.00515785	0.00513812
0.144109	0.00513812	0.00512085
0.144109	0.00512085	0.00510575
0.144109	0.00510575	0.00509253
0.144109	0.00509253	0.00508096
0.144109	0.00508096	0.00507084
0.144109	0.00507084	0.00506198
0.144109	0.00506198	0.00505424
0.144109	0.00505424	0.00504746
0.144109	0.00504746	0.00504152
0.144109	0.00504152	0.00503633
0.14411	0.00503633	0.00503179
0.14411	0.00503179	0.00502782
0.14411	0.00502782	0.00502434
0.14411	0.00502434	0.0050213
0.14411	0.0050213	0.00501863
0.14411	0.00501863	0.0050163
0.14411	0.0050163	0.00501427
0.14411	0.00501427	0.00501248
0.14411	0.00501248	0.00501092
0.14411	0.00501092	0.00500955
0.14411	0.00500955	0.00500836
0.14411	0.00500836	0.00500732
0.14411	0.00500732	0.0050064
0.144111	0.0050064	0.0050056
0.144111	0.0050056	0.0050049
0.144111	0.0050049	0.00500429
0.144213	0.00500429	0.00500375
0.144213	0.00500375	0.00500328
0.144213	0.00500328	0.00500287
0.144213	0.00500287	0.00500251
0.144213	0.00500251	0.0050022
0.144213	0.0050022	0.00500192
0.144213	0.00500192	0.00500168
0.144213	0.00500168	0.00500147
0.144213	0.00500147	0.00500129
0.144213	0.00500129	0.00500113
0.144213	0.00500113	0.00500099
0.144213	0.00500099	0.00500086
0.144213	0.00500086	0.00500075
0.144214	0.00500075	0.00500066
0.144214	0.00500066	0.00500058
0.144214	0.00500058	0.0050005
0.144214	0.0050005	0.00500044
0.144214	0.00500044	0.00500038
0.144214	0.00500038	0.00500034
0.144214	0.00500034	0.00500029
0.144214	0.00500029	0.00500026
0.144214	0.00500026	0.00500022
0.144214	0.00500022	0.0050002
0.144214	0.0050002	0.00500017
0.144214	0.00500017	0.00500015
0.144214	0.00500015	0.00500013
0.144215	0.00500013	0.00500011
0.144215	0.00500011	0.0050001
0.144215	0.0050001	0.00500008
0.144215	0.00500008	0.00500007
0.144215	0.00500007	0.00500006
0.144215	0.00500006	0.00500006
0.144215	0.00500006	0.00500005
0.144215	0.00500005	0.00500004
0.144215	0.00500004	0.00500004
0.144215	0.00500004	0.00500003
0.144215	0.00500003	0.00500003
0.144215	0.00500003	0.00500002
0.144215	0.00500002	0.00500002
0.144215	0.00500002	0.00500002
0.144216	0.00500002	0.00500001
0.144216	0.00500001	0.00500001
0.144216	0.00500001	0.00500001
0.144216	0.00500001	0.00500001
0.144216	0.00500001	0.00500001
0.144216	0.00500001	0.00500001
0.144216	0.00500001	0.00500001
0.144216	0.00500001	0.005
0.144216	0.005	0.005
0.144216	0.005	0.005
0.144216	0.005	0.005
0.144216	0.005	0.005
0.145008	0.005	0.005125
0.145008	0.005125	0.00523438
0.145009	0.00523438	0.00533008
0.145009	0.00533008	0.00528882
0.145009	0.00528882	0.00525271
0.145009	0.00525271	0.00522113
0.145009	0.00522113	0.00519348
0.145009	0.00519348	0.0051693
0.145009	0.0051693	0.00514813
0.145009	0.00514813	0.00512962
0.145009	0.00512962	0.00511341
0.145009	0.00511341	0.00509924
0.145009	0.00509924	0.00508683
0.145009	0.00508683	0.00507598
0.145009	0.00507598	0.00506648
0.14501	0.00506648	0.00505817
0.14501	0.00505817	0.0050509
0.14501	0.0050509	0.00504454
0.14501	0.00504454	0.00503897
0.14501	0.00503897	0.0050341
0.14501	0.0050341	0.00502983
0.14501	0.00502983	0.0050261
0.14501	0.0050261	0.00502284
0.14501	0.00502284	0.00501999
0.14501	0.00501999	0.00501749
0.14501	0.00501749	0.0050153
0.14501	0.0050153	0.00501339
0.14501	0.00501339	0.00501171
0.145011	0.00501171	0.00501025
0.147008	0.00501025	0.00525897
0.147008	0.00525897	0.0054766
0.147009	0.0054766	0.00541702
0.147009	0.00541702	0.00536489
0.149096	0.00536489	0.00531928
0.149096	0.00531928	0.00527937
0.149096	0.00527937	0.00524445
0.149096	0.00524445	0.00521389
0.149096	0.00521389	0.00518715
0.149096	0.00518715	0.00516376
0.149096	0.00516376	0.00514329
0.149096	0.00514329	0.00512538
0.149096	0.00512538	0.0051097
0.149096	0.0051097	0.00509599
0.149097	0.00509599	0.00508399
0.149097	0.00508399	0.00507349
0.149097	0.00507349	0.00506431
0.149097	0.00506431	0.00505627
0.149097	0.00505627	0.00504923
0.149097	0.00504923	0.00504308
0.149097	0.00504308	0.00503769
0.149097	0.00503769	0.00503298
0.149097	0.00503298	0.00502886
0.149097	0.00502886	0.00502525
0.149097	0.00502525	0.00502209
0.149097	0.00502209	0.00501933
0.149097	0.00501933	0.00501691
0.149097	0.00501691	0.0050148
0.149098	0.0050148	0.00501295
0.149098	0.00501295	0.00501133
0.149098	0.00501133	0.00500991
0.149098	0.00500991	0.00500867
0.149098	0.00500867	0.00500759
0.149098	0.00500759	0.00500664
0.149098	0.00500664	0.00500581
0.149196	0.00500581	0.00500508
0.149196	0.00500508	0.00500445
0.149196	0.00500445	0.00500389
0.149196	0.00500389	0.0050034
0.149196	0.0050034	0.00500298
0.149196	0.00500298	0.0050026
0.149196	0.0050026	0.00500228
0.149196	0.00500228	0.00500199
0.149196	0.00500199	0.00500174
0.149196	0.00500174	0.00500152
0.149197	0.00500152	0.00500133
0.149197	0.00500133	0.00500117
0.149197	0.00500117	0.00500102
0.149197	0.00500102	0.00500089
0.149197	0.00500089	0.00500078
0.149197	0.00500078	0.00500068
0.149197	0.00500068	0.0050006
0.149197	0.0050006	0.00500052
0.149197	0.00500052	0.00500046
0.149197	0.00500046	0.0050004
0.149197	0.0050004	0.00500035
0.149197	0.00500035	0.00500031
0.149197	0.00500031	0.00500027
0.149197	0.00500027	0.00500023
0.149198	0.00500023	0.0050002
0.149198	0.0050002	0.00500018
0.149198	0.00500018	0.00500015
0.149198	0.00500015	0.00500013
0.149198	0.00500013	0.00500012
0.149198	0.00500012	0.0050001
0.149198	0.0050001	0.00500009
0.149198	0.00500009	0.00500008
0.149198	0.00500008	0.00500007
0.149198	0.00500007	0.00500006
0.149198	0.00500006	0.00500005
0.149198	0.00500005	0.00500004
0.149198	0.00500004	0.00500004
0.149199	0.00500004	0.00500003
0.149199	0.00500003	0.00500003
0.149199	0.00500003	0.00500002
0.149199	0.00500002	0.00500002
0.149199	0.00500002	0.00500002
0.149199	0.00500002	0.00500002
0.149199	0.00500002	0.00500001
0.149199	0.00500001	0.00500001
0.149199	0.00500001	0.00500001
0.149199	0.00500001	0.00500001
0.149199	0.00500001	0.00500001
0.149199	0.00500001	0.00500001
0.149199	0.00500001	0.005
0.1492	0.005	0.005
0.1492	0.005	0.005
0.1492	0.005	0.005
0.1492	0.005	0.005
0.149708	0.005	0.004875
0.149709	0.004875	0.00476562
0.149709	0.00476562	0.00466992
0.149709	0.00466992	0.00458618
0.149709	0.00458618	0.00451291
0.149709	0.00451291	0.00444879
0.149709	0.00444879	0.00439269
0.149709	0.00439269	0.00434361
0.149709	0.00434361	0.00430065
0.149709	0.00430065	0.00426307
0.149709	0.00426307	0.00423019
0.149709	0.00423019	0.00420141
0.149709	0.00420141	0.00417624
0.149709	0.00417624	0.00415421
0.14971	0.00415421	0.00413493
0.14971	0.00413493	0.00411806
0.14971	0.00411806	0.00410331
0.14971	0.00410331	0.00409039
0.14971	0.00409039	0.00407909
0.14971	0.00407909	0.00406921
0.14971	0.00406921	0.00406056
0.14971	0.00406056	0.00405299
0.14971	0.00405299	0.00404636
0.14971	0.00404636	0.00404057
0.151913	0.00404057	0.00428549
0.151913	0.00428549	0.00449981
0.151913	0.00449981	0.00468733
0.151913	0.00468733	0.00485141
0.151913	0.00485141	0.00499499
0.151913	0.00499499	0.00512061
0.151913	0.00512061	0.00523054
0.151913	0.00523054	0.00532672
0.151913	0.00532672	0.00541088
0.151913	0.00541088	0.00548452
0.151913	0.00548452	0.00554895
0.151913	0.00554895	0.00560533
0.151913	0.00560533	0.00565467
0.151914	0.00565467	0.00569783
0.151914	0.00569783	0.0057356
0.151914	0.0057356	0.00576865
0.151914	0.00576865	0.00579757
0.151914	0.00579757	0.00582287
0.151914	0.00582287	0.00584501
0.151914	0.00584501	0.00586439
0.151914	0.00586439	0.00588134
0.151914	0.00588134	0.00589617
0.151914	0.00589617	0.00590915
0.151914	0.00590915	0.0059205
0.151914	0.0059205	0.00593044
0.151914	0.00593044	0.00593913
0.151915	0.00593913	0.00594674
0.151915	0.00594674	0.0059534
0.151915	0.0059534	0.00595923
0.151915	0.00595923	0.00596432
0.151915	0.00596432	0.00596878
0.151915	0.00596878	0.00597268
0.151915	0.00597268	0.0059761
0.151915	0.0059761	0.00597908
0.151915	0.00597908	0.0057317
0.151915	0.0057317	0.00551524
0.151915	0.00551524	0.00532583
0.151915	0.00532583	0.0051601
0.151915	0.0051601	0.00501509
0.151915	0.00501509	0.0048882
0.151916	0.0048882	0.00477718
0.153996	0.00477718	0.00493003
0.153996	0.00493003	0.00481378
0.153996	0.00481378	0.00471205
0.153996	0.00471205	0.00462305
0.153996	0.00462305	0.00454517
0.153996	0.00454517	0.00447702
0.153996	0.00447702	0.00441739
0.153996	0.00441739	0.00436522
0.153996	0.00436522	0.00431956
0.153996	0.00431956	0.00427962
0.153997	0.00427962	0.00424466
0.153997	0.00424466	0.00421408
0.153997	0.00421408	0.00418732
0.153997	0.00418732	0.0041639
0.153997	0.0041639	0.00414342
0.153997	0.00414342	0.00412549
0.153997	0.00412549	0.0041098
0.153997	0.0041098	0.00409608
0.153997	0.00409608	0.00408407
0.153997	0.00408407	0.00407356
0.153997	0.00407356	0.00406436
0.153997	0.00406436	0.00405632
0.153997	0.00405632	0.00404928
0.153997	0.00404928	0.00404312
0.153998	0.00404312	0.00403773
0.153998	0.00403773	0.00403301
0.153998	0.00403301	0.00402888
0.153998	0.00402888	0.00402527
0.153998	0.00402527	0.00402211
0.153998	0.00402211	0.00401935
0.153998	0.00401935	0.00401693
0.154096	0.00401693	0.00413981
0.154096	0.00413981	0.00424733
0.154096	0.00424733	0.00434142
0.154096	0.00434142	0.00442374
0.154096	0.00442374	0.00449577
0.154096	0.00449577	0.0045588
0.154096	0.0045588	0.00461395
0.154096	0.00461395	0.00466221
0.154096	0.00466221	0.00470443
0.154096	0.00470443	0.00474138
0.154097	0.00474138	0.0047737
0.154097	0.0047737	0.00480199
0.154097	0.00480199	0.00482674
0.154097	0.00482674	0.0048484
0.154097	0.0048484	0.00486735
0.154097	0.00486735	0.00488393
0.154097	0.00488393	0.00489844
0.154097	0.00489844	0.00491113
0.154097	0.00491113	0.00492224
0.154097	0.00492224	0.00493196
0.154097	0.00493196	0.00494046
0.154097	0.00494046	0.00494791
0.154097	0.00494791	0.00495442
0.154097	0.00495442	0.00496011
0.154098	0.00496011	0.0049651
0.154098	0.0049651	0.00496946
0.154098	0.00496946	0.00497328
0.154098	0.00497328	0.00497662
0.154098	0.00497662	0.00497954
0.154098	0.00497954	0.0049821
0.154098	0.0049821	0.00498433
0.154098	0.00498433	0.00498629
0.154098	0.00498629	0.00498801
0.154098	0.00498801	0.0049895
0.154098	0.0049895	0.00499082
0.154098	0.00499082	0.00499196
0.154098	0.00499196	0.00499297
0.154099	0.00499297	0.00499385
0.154099	0.00499385	0.00499462
0.154099	0.00499462	0.00499529
0.154099	0.00499529	0.00499588
0.154099	0.00499588	0.00499639
0.154099	0.00499639	0.00499684
0.154099	0.00499684	0.00499724
0.154099	0.00499724	0.00499758
0.154099	0.00499758	0.00499788
0.154099	0.00499788	0.00499815
0.154099	0.00499815	0.00499838
0.154099	0.00499838	0.00499858
0.154099	0.00499858	0.00499876
0.1541	0.00499876	0.00499891
0.1541	0.00499891	0.00499905
0.1541	0.00499905	0.00499917
0.154196	0.00499917	0.00499927
0.154196	0.00499927	0.00499936
0.154196	0.00499936	0.00499944
0.154196	0.00499944	0.00499951
0.154196	0.00499951	0.00499957
0.154196	0.00499957	0.00499962
0.154196	0.00499962	0.00499967
0.154196	0.00499967	0.00499971
0.154196	0.00499971	0.00499975
0.154196	0.00499975	0.00499978
0.154197	0.00499978	0.00499981
0.154197	0.00499981	0.00499983
0.154197	0.00499983	0.00499985
0.154197	0.00499985	0.00499987
0.154197	0.00499987	0.00499988
0.154197	0.00499988	0.0049999
0.154197	0.0049999	0.00499991
0.154197	0.00499991	0.00499992
0.154197	0.00499992	0.00499993
0.154197	0.00499993	0.00499994
0.154197	0.00499994	0.00499995
0.154197	0.00499995	0.00499995
0.154197	0.00499995	0.00499996
0.154197	0.00499996	0.00499996
0.154198	0.00499996	0.00499997
0.154198	0.00499997	0.00499997
0.154198	0.00499997	0.00499997
0.154296	0.00499997	0.00499998
0.154296	0.00499998	0.00499998
0.154296	0.00499998	0.00499998
0.154296	0.00499998	0.00499998
0.154296	0.00499998	0.00499999
0.154296	0.00499999	0.00499999
0.154296	0.00499999	0.00499999
0.154296	0.00499999	0.00499999
0.154296	0.00499999	0.00499999
0.154296	0.00499999	0.00499999
0.154297	0.00499999	0.00499999
0.154297	0.00499999	0.00499999
0.154297	0.00499999	0.00499999
0.155175	0.00499999	0.00512499
0.155175	0.00512499	0.00523437
0.155175	0.00523437	0.00533007
0.155175	0.00533007	0.00541381
0.155175	0.00541381	0.00548709
0.155175	0.00548709	0.0055512
0.155175	0.0055512	0.0056073
0.155175	0.0056073	0.00565639
0.155176	0.00565639	0.00569934
0.155176	0.00569934	0.00573692
0.155176	0.00573692	0.00576981
0.155176	0.00576981	0.00579858
0.155176	0.00579858	0.00582376
0.155176	0.00582376	0.00584579
0.155176	0.00584579	0.00586506
0.155176	0.00586506	0.00588193
0.155176	0.00588193	0.00589669
0.155176	0.00589669	0.0059096
0.155176	0.0059096	0.0059209
0.155176	0.0059209	0.00593079
0.155176	0.00593079	0.00593944
0.155177	0.00593944	0.00594701
0.155177	0.00594701	0.00595363
0.155177	0.00595363	0.00595943
0.155177	0.00595943	0.0059645
0.155177	0.0059645	0.00596894
0.155177	0.00596894	0.00597282
0.155177	0.00597282	0.00597622
0.155177	0.00597622	0.00597919
0.155177	0.00597919	0.00598179
0.155177	0.00598179	0.00598407
0.155177	0.00598407	0.00598606
0.155177	0.00598606	0.0059878
0.155177	0.0059878	0.00598932
0.155178	0.00598932	0.00599066
0.155178	0.00599066	0.00599183
0.155178	0.00599183	0.00599285
0.155178	0.00599285	0.00599374
0.155178	0.00599374	0.00599452
0.155178	0.00599452	0.00599521
0.155178	0.00599521	0.0059958
0.155178	0.0059958	0.00599633
0.155178	0.00599633	0.00599679
0.155178	0.00599679	0.00599719
0.155178	0.00599719	0.00599754
0.155178	0.00599754	0.00599785
0.155178	0.00599785	0.00599812
0.155178	0.00599812	0.00599835
0.155179	0.00599835	0.00599856
0.155179	0.00599856	0.00599874
0.155179	0.00599874	0.00599889
0.155179	0.00599889	0.00599903
0.155179	0.00599903	0.00599915
0.155179	0.00599915	0.00599926
0.155179	0.00599926	0.00599935
0.155179	0.00599935	0.00599943
0.155179	0.00599943	0.0059995
0.155179	0.0059995	0.00599956
0.155179	0.00599956	0.00599962
0.155179	0.00599962	0.00599966
0.155179	0.00599966	0.00599971
0.15518	0.00599971	0.00599974
0.15518	0.00599974	0.00599977
0.155217	0.00599977	0.0059998
0.155217	0.0059998	0.00599983
0.155217	0.00599983	0.00599985
0.155217	0.00599985	0.00599987
0.155217	0.00599987	0.00599988
0.155217	0.00599988	0.0059999
0.155217	0.0059999	0.00599991
0.155217	0.00599991	0.00599992
0.155217	0.00599992	0.00599993
0.155217	0.00599993	0.00599994
0.155217	0.00599994	0.00599994
0.155218	0.00599994	0.00599995
0.155218	0.00599995	0.00599996
0.155218	0.00599996	0.00599996
0.155218	0.00599996	0.00599997
0.155218	0.00599997	0.00599997
0.155218	0.00599997	0.00599997
0.155218	0.00599997	0.00599998
0.155218	0.00599998	0.00599998
0.155218	0.00599998	0.00599998
0.155218	0.00599998	0.00599998
0.155218	0.00599998	0.00599999
0.155218	0.00599999	0.00599999
0.155218	0.00599999	0.00599999
0.155219	0.00599999	0.00599999
0.155219	0.00599999	0.00599999
0.155219	0.00599999	0.00599999
0.155219	0.00599999	0.00599999
0.155219	0.00599999	0.00599999
0.155219	0.00599999	0.00599999
0.156617	0.00599999	0.00612499
0.156617	0.00612499	0.00623437
0.156617	0.00623437	0.00633007
0.156617	0.00633007	0.00641381
0.156617	0.00641381	0.00648709
0.156617	0.00648709	0.0065512
0.156617	0.0065512	0.0066073
0.156617	0.0066073	0.00665639
0.156617	0.00665639	0.00669934
0.156617	0.00669934	0.00673692
0.156617	0.00673692	0.00676981
0.156618	0.00676981	0.00679858
0.156618	0.00679858	0.00682376
0.156618	0.00682376	0.00684579
0.156618	0.00684579	0.00686506
0.156618	0.00686506	0.00688193
0.156618	0.00688193	0.00689669
0.156618	0.00689669	0.0069096
0.156618	0.0069096	0.0069209
0.156618	0.0069209	0.00693079
0.156618	0.00693079	0.00693944
0.156618	0.00693944	0.00694701
0.156618	0.00694701	0.00695363
0.156618	0.00695363	0.00695943
0.156619	0.00695943	0.0069645
0.156619	0.0069645	0.00696894
0.156619	0.00696894	0.00672282
0.156619	0.00672282	0.00650747
0.156619	0.00650747	0.00631903
0.156619	0.00631903	0.00615415
0.156619	0.00615415	0.00600988
0.156813	0.00600988	0.00588365
0.156813	0.00588365	0.00577319
0.156813	0.00577319	0.00567654
0.156813	0.00567654	0.00559197
0.156813	0.00559197	0.00551798
0.156813	0.00551798	0.00545323
0.156813	0.00545323	0.00539657
0.156813	0.00539657	0.005347
0.156813	0.005347	0.00530363
0.156813	0.00530363	0.00526567
0.156813	0.00526567	0.00523246
0.156813	0.00523246	0.00520341
0.156813	0.00520341	0.00517798
0.156814	0.00517798	0.00515573
0.156814	0.00515573	0.00513626
0.156814	0.00513626	0.00511923
0.156814	0.00511923	0.00510433
0.156814	0.00510433	0.00509129
0.156814	0.00509129	0.00507988
0.156814	0.00507988	0.00506989
0.156814	0.00506989	0.00506115
0.156814	0.00506115	0.00505351
0.156814	0.00505351	0.00504682
0.156814	0.00504682	0.00504097
0.156814	0.00504097	0.00503584
0.156814	0.00503584	0.00503136
0.156815	0.00503136	0.00502744
0.156815	0.00502744	0.00502401
0.156815	0.00502401	0.00502101
0.156815	0.00502101	0.00501838
0.156815	0.00501838	0.00501608
0.156815	0.00501608	0.00501407
0.156815	0.00501407	0.00501231
0.156815	0.00501231	0.00501077
0.156815	0.00501077	0.00500943
0.156815	0.00500943	0.00500825
0.156815	0.00500825	0.00500722
0.156815	0.00500722	0.00500631
0.156815	0.00500631	0.00500552
0.156815	0.00500552	0.00500483
0.156816	0.00500483	0.00500423
0.156816	0.00500423	0.0050037
0.156816	0.0050037	0.00500324
0.156816	0.00500324	0.00500283
0.156816	0.00500283	0.00500248
0.156816	0.00500248	0.00500217
0.156816	0.00500217	0.0050019
0.158896	0.0050019	0.00525166
0.158896	0.00525166	0.0054702
0.158896	0.0054702	0.00566143
0.158896	0.00566143	0.00582875
0.158896	0.00582875	0.00597515
0.158896	0.00597515	0.00610326
0.158896	0.00610326	0.00621535
0.158896	0.00621535	0.00631343
0.158896	0.00631343	0.00639925
0.158896	0.00639925	0.00647435
0.158897	0.00647435	0.00654005
0.158897	0.00654005	0.00659754
0.158897	0.00659754	0.00664785
0.158897	0.00664785	0.00669187
0.158897	0.00669187	0.00673039
0.158897	0.00673039	0.00676409
0.158897	0.00676409	0.00679357
0.158897	0.00679357	0.00681938
0.158897	0.00681938	0.00684196
0.158897	0.00684196	0.00686171
0.158897	0.00686171	0.006879
0.158897	0.006879	0.00689412
0.158897	0.00689412	0.00690735
0.158897	0.00690735	0.00691894
0.158898	0.00691894	0.00692907
0.158898	0.00692907	0.00693793
0.158898	0.00693793	0.00694569
0.158898	0.00694569	0.00695248
0.158898	0.00695248	0.00695842
0.158898	0.00695842	0.00696362
0.158898	0.00696362	0.00671816
0.158898	0.00671816	0.00650339
0.158898	0.00650339	0.00631547
0.158898	0.00631547	0.00615103
0.158898	0.00615103	0.00600715
0.158898	0.00600715	0.00588126
0.158898	0.00588126	0.0057711
0.158899	0.0057711	0.00567471
0.158899	0.00567471	0.00559037
0.158899	0.00559037	0.00551658
0.158899	0.00551658	0.005452
0.158899	0.005452	0.0053955
0.158899	0.0053955	0.00534606
0.158899	0.00534606	0.00530281
0.158899	0.00530281	0.00526495
0.158899	0.00526495	0.00523183
0.158899	0.00523183	0.00520286
0.158899	0.00520286	0.0051775
0.158899	0.0051775	0.00515531
0.158899	0.00515531	0.0051359
0.1589	0.0051359	0.00511891
0.1589	0.00511891	0.00510404
0.1589	0.00510404	0.00509104
0.1589	0.00509104	0.00507966
0.1589	0.00507966	0.0050697
0.1589	0.0050697	0.00506099
0.1589	0.00506099	0.00505336
0.1589	0.00505336	0.00504669
0.1589	0.00504669	0.00504086
0.1589	0.00504086	0.00503575
0.1589	0.00503575	0.00503128
0.1589	0.00503128	0.00502737
0.1589	0.00502737	0.00502395
0.158996	0.00502395	0.00502095
0.158996	0.00502095	0.00501833
0.158996	0.00501833	0.00501604
0.158996	0.00501604	0.00501404
0.158996	0.00501404	0.00501228
0.158996	0.00501228	0.00501074
0.158996	0.00501074	0.0050094
0.158996	0.0050094	0.00500822
0.158996	0.00500822	0.0050072
0.158996	0.0050072	0.0050063
0.158997	0.0050063	0.00500551
0.158997	0.00500551	0.00500482
0.158997	0.00500482	0.00500422
0.158997	0.00500422	0.00500369
0.158997	0.00500369	0.00500323
0.158997	0.00500323	0.00500282
0.158997	0.00500282	0.00500247
0.158997	0.00500247	0.00500216
0.158997	0.00500216	0.00500189
0.158997	0.00500189	0.00500165
0.158997	0.00500165	0.00500145
0.158997	0.00500145	0.00500126
0.158997	0.00500126	0.00500111
0.158997	0.00500111	0.00500097
0.158998	0.00500097	0.00500085
0.158998	0.00500085	0.00500074
0.158998	0.00500074	0.00500065
0.158998	0.00500065	0.00500057
0.158998	0.00500057	0.00500049
0.158998	0.00500049	0.00487543
0.158998	0.00487543	0.004766
0.158998	0.004766	0.00467025
0.158998	0.00467025	0.00458647
0.158998	0.00458647	0.00451316
0.158998	0.00451316	0.00444901
0.158998	0.00444901	0.00439289
0.158998	0.00439289	0.00434378
0.158999	0.00434378	0.0043008
0.158999	0.0043008	0.0042632
0.158999	0.0042632	0.0042303
0.158999	0.0042303	0.00420151
0.158999	0.00420151	0.00417632
0.158999	0.00417632	0.00415428
0.158999	0.00415428	0.004135
0.158999	0.004135	0.00411812
0.158999	0.00411812	0.00410336
0.159096	0.00410336	0.00421544
0.159096	0.00421544	0.00431351
0.159096	0.00431351	0.00439932
0.159096	0.00439932	0.0044744
0.159096	0.0044744	0.0045401
0.159096	0.0045401	0.00459759
0.159096	0.00459759	0.00464789
0.159096	0.00464789	0.0046919
0.159096	0.0046919	0.00473041
0.159096	0.00473041	0.00476411
0.159097	0.00476411	0.0047936
0.159097	0.0047936	0.0048194
0.159097	0.0048194	0.00484197
0.159097	0.00484197	0.00486173
0.159097	0.00486173	0.00487901
0.159097	0.00487901	0.00489413
0.159097	0.00489413	0.00490737
0.159097	0.00490737	0.00491895
0.159097	0.00491895	0.00492908
0.159097	0.00492908	0.00493794
0.159097	0.00493794	0.0049457
0.159097	0.0049457	0.00495248
0.159097	0.00495248	0.00495842
0.159097	0.00495842	0.00496362
0.159098	0.00496362	0.00496817
0.159098	0.00496817	0.00497215
0.159098	0.00497215	0.00497563
0.159196	0.00497563	0.00497867
0.159196	0.00497867	0.00498134
0.159196	0.00498134	0.00498367
0.159196	0.00498367	0.00498571
0.159196	0.00498571	0.0049875
0.159196	0.0049875	0.00498906
0.159196	0.00498906	0.00499043
0.159196	0.00499043	0.00499162
0.159196	0.00499162	0.00499267
0.159196	0.00499267	0.00499359
0.159197	0.00499359	0.00499439
0.159197	0.00499439	0.00499509
0.159197	0.00499509	0.0049957
0.159197	0.0049957	0.00499624
0.159197	0.00499624	0.00499671
0.159197	0.00499671	0.00499712
0.159197	0.00499712	0.00499748
0.159197	0.00499748	0.0049978
0.159197	0.0049978	0.00499807
0.159197	0.00499807	0.00499831
0.159197	0.00499831	0.00499852
0.159197	0.00499852	0.00499871
0.159197	0.00499871	0.00499887
0.159197	0.00499887	0.00499901
0.159296	0.00499901	0.00499913
0.159296	0.00499913	0.00499924
0.159296	0.00499924	0.00499933
0.159296	0.00499933	0.00499942
0.159296	0.00499942	0.00499949
0.159296	0.00499949	0.00499955
0.159296	0.00499955	0.00499961
0.159296	0.00499961	0.00499966
0.159296	0.00499966	0.0049997
0.159296	0.0049997	0.00499974
0.159297	0.00499974	0.00499977
0.159297	0.00499977	0.0049998
0.159297	0.0049998	0.00499982
0.159297	0.00499982	0.00499984
0.159297	0.00499984	0.00499986
0.159297	0.00499986	0.00499988
0.159297	0.00499988	0.00499989
0.159297	0.00499989	0.00499991
0.159297	0.00499991	0.00499992
0.159297	0.00499992	0.00499993
0.159297	0.00499993	0.00499994
0.159297	0.00499994	0.00499994
0.159297	0.00499994	0.00499995
0.159297	0.00499995	0.00499996
0.159298	0.00499996	0.00499996
0.159496	0.00499996	0.00499997
0.159496	0.00499997	0.00499997
0.159496	0.00499997	0.00499997
0.159496	0.00499997	0.00499998
0.159496	0.00499998	0.00499998
0.159496	0.00499998	0.00499998
0.159496	0.00499998	0.00499998
0.159496	0.00499998	0.00499999
0.159496	0.00499999	0.00499999
0.159496	0.00499999	0.00499999
0.159497	0.00499999	0.00499999
0.159497	0.00499999	0.00499999
0.159497	0.00499999	0.00499999
0.159497	0.00499999	0.00499999
0.159497	0.00499999	0.00499999
0.159497	0.00499999	0.00499999
0.160096	0.00499999	0.00512499
0.160096	0.00512499	0.00523437
0.160096	0.00523437	0.00533007
0.160096	0.00533007	0.00541381
0.160096	0.00541381	0.00548709
0.160096	0.00548709	0.0055512
0.160096	0.0055512	0.0056073
0.160096	0.0056073	0.00565639
0.160096	0.00565639	0.00569934
0.160096	0.00569934	0.00573692
0.160097	0.00573692	0.00576981
0.160097	0.00576981	0.00579858
0.160097	0.00579858	0.00582376
0.160097	0.00582376	0.00584579
0.160097	0.00584579	0.00586506
0.160097	0.00586506	0.00588193
0.160097	0.00588193	0.00589669
0.160097	0.00589669	0.0059096
0.160097	0.0059096	0.0059209
0.160097	0.0059209	0.00593079
0.160097	0.00593079	0.00593944
0.160097	0.00593944	0.00594701
0.160097	0.00594701	0.00595363
0.160097	0.00595363	0.00595943
0.160098	0.00595943	0.0059645
0.160098	0.0059645	0.00596894
0.160098	0.00596894	0.00597282
0.160098	0.00597282	0.00597622
0.160098	0.00597622	0.00597919
0.160098	0.00597919	0.00598179
0.160098	0.00598179	0.00598407
0.160098	0.00598407	0.00598606
0.160196	0.00598606	0.0059878
0.160196	0.0059878	0.00598932
0.160196	0.00598932	0.00599066
0.160196	0.00599066	0.00599183
0.160196	0.00599183	0.00599285
0.160196	0.00599285	0.00599374
0.160196	0.00599374	0.00599452
0.160196	0.00599452	0.00599521
0.160196	0.00599521	0.0059958
0.160196	0.0059958	0.00599633
0.160197	0.00599633	0.00599679
0.160197	0.00599679	0.00599719
0.160197	0.00599719	0.00599754
0.160197	0.00599754	0.00599785
0.160197	0.00599785	0.00599812
0.160197	0.00599812	0.00599835
0.160197	0.00599835	0.00599856
0.160197	0.00599856	0.00599874
0.160197	0.00599874	0.00599889
0.160197	0.00599889	0.00599903
0.160197	0.00599903	0.00599915
0.160197	0.00599915	0.00599926
0.160197	0.00599926	0.00599935
0.160197	0.00599935	0.00599943
0.160198	0.00599943	0.0059995
0.160198	0.0059995	0.00599956
0.160198	0.00599956	0.00599962
0.160198	0.00599962	0.00599966
0.160198	0.00599966	0.00599971
0.160198	0.00599971	0.00599974
0.160198	0.00599974	0.00599977
0.160198	0.00599977	0.0059998
0.160198	0.0059998	0.00599983
0.160198	0.00599983	0.00599985
0.160198	0.00599985	0.00599987
0.160198	0.00599987	0.00599988
0.160198	0.00599988	0.0059999
0.160296	0.0059999	0.00599991
0.160296	0.00599991	0.00599992
0.160296	0.00599992	0.00599993
0.160296	0.00599993	0.00599994
0.160296	0.00599994	0.00599994
0.160296	0.00599994	0.00599995
0.160296	0.00599995	0.00599996
0.160296	0.00599996	0.00599996
0.160296	0.00599996	0.00599997
0.160296	0.00599997	0.00599997
0.160297	0.00599997	0.00599997
0.160297	0.00599997	0.00599998
0.160297	0.00599998	0.00599998
0.160297	0.00599998	0.00599998
0.160297	0.00599998	0.00599998
0.160297	0.00599998	0.00599999
0.160297	0.00599999	0.00599999
0.160297	0.00599999	0.00599999
0.160297	0.00599999	0.00599999
0.160297	0.00599999	0.00599999
0.160297	0.00599999	0.00599999
0.160297	0.00599999	0.00599999
0.160297	0.00599999	0.00599999
0.160297	0.00599999	0.00599999
0.161196	0.00599999	0.00612499
0.161196	0.00612499	0.00623437
0.161196	0.00623437	0.00633007
0.161196	0.00633007	0.00641381
0.161196	0.00641381	0.00648709
0.161196	0.00648709	0.0065512
0.161196	0.0065512	0.0066073
0.161196	0.0066073	0.00665639
0.161196	0.00665639	0.00669934
0.161196	0.00669934	0.00673692
0.161197	0.00673692	0.00664481
0.161197	0.00664481	0.0065642
0.161197	0.0065642	0.00649368
0.161197	0.00649368	0.00643197
0.161197	0.00643197	0.00637797
0.161197	0.00637797	0.00633072
0.161197	0.00633072	0.00628938
0.161197	0.00628938	0.00625321
0.161197	0.00625321	0.00622156
0.161197	0.00622156	0.00619386
0.161197	0.00619386	0.00616963
0.161197	0.00616963	0.00614843
0.161197	0.00614843	0.00612987
0.161197	0.00612987	0.00611364
0.161198	0.00611364	0.00609943
0.161198	0.00609943	0.006087
0.161198	0.006087	0.00607613
0.161198	0.00607613	0.00606661
0.161198	0.00606661	0.00605828
0.161198	0.00605828	0.006051
0.161198	0.006051	0.00604462
0.161292	0.00604462	0.00603904
0.161292	0.00603904	0.00603416
0.161292	0.00603416	0.00602989
0.161292	0.00602989	0.00602616
0.161292	0.00602616	0.00602289
0.161292	0.00602289	0.00602003
0.161292	0.00602003	0.00601752
0.161292	0.00601752	0.00601533
0.161292	0.00601533	0.00601341
0.161292	0.00601341	0.00601174
0.161292	0.00601174	0.00601027
0.161292	0.00601027	0.00600898
0.161496	0.00600898	0.00600786
0.161496	0.00600786	0.00600688
0.161496	0.00600688	0.00600602
0.161496	0.00600602	0.00600527
0.161496	0.00600527	0.00600461
0.161496	0.00600461	0.00600403
0.161496	0.00600403	0.00600353
0.161496	0.00600353	0.00600309
0.161496	0.00600309	0.0060027
0.161496	0.0060027	0.00600236
0.161497	0.00600236	0.00600207
0.161497	0.00600207	0.00600181
0.161497	0.00600181	0.00600158
0.161497	0.00600158	0.00600138
0.161497	0.00600138	0.00600121
0.161497	0.00600121	0.00600106
0.161497	0.00600106	0.00600092
0.161497	0.00600092	0.00600081
0.161497	0.00600081	0.00600071
0.161497	0.00600071	0.00600062
0.161497	0.00600062	0.00600054
0.161497	0.00600054	0.00600047
0.161497	0.00600047	0.00600041
0.161587	0.00600041	0.00600036
0.161588	0.00600036	0.00600031
0.161588	0.00600031	0.00600028
0.161588	0.00600028	0.00600024
0.161588	0.00600024	0.00600021
0.161588	0.00600021	0.00600018
0.161588	0.00600018	0.00600016
0.161588	0.00600016	0.00600014
0.161588	0.00600014	0.00600012
0.161588	0.00600012	0.00600011
0.161588	0.00600011	0.00600009
0.161796	0.00600009	0.00600008
0.161796	0.00600008	0.00600007
0.161796	0.00600007	0.00600006
0.161796	0.00600006	0.00600005
0.161796	0.00600005	0.00600005
0.161796	0.00600005	0.00600004
0.161796	0.00600004	0.00600003
0.161796	0.00600003	0.00600003
0.161796	0.00600003	0.00600003
0.161796	0.00600003	0.00600002
0.161797	0.00600002	0.00600002
0.161797	0.00600002	0.00600002
0.162096	0.00600002	0.00612501
0.162096	0.00612501	0.00623439
0.162096	0.00623439	0.00633009
0.162096	0.00633009	0.00641383
0.162096	0.00641383	0.0064871
0.162096	0.0064871	0.00655121
0.162096	0.00655121	0.00660731
0.162096	0.00660731	0.00665639
0.162096	0.00665639	0.00669934
0.162096	0.00669934	0.00673693
0.162097	0.00673693	0.00676981
0.162097	0.00676981	0.00679858
0.162097	0.00679858	0.00682376
0.162097	0.00682376	0.00684579
0.162097	0.00684579	0.00686507
0.162097	0.00686507	0.00688193
0.162097	0.00688193	0.00689669
0.162097	0.00689669	0.0069096
0.162097	0.0069096	0.0069209
0.162097	0.0069209	0.00693079
0.162097	0.00693079	0.00693944
0.162097	0.00693944	0.00694701
0.162097	0.00694701	0.00695363
0.162097	0.00695363	0.00695943
0.162098	0.00695943	0.0069645
0.162098	0.0069645	0.00696894
0.162098	0.00696894	0.00697282
0.162098	0.00697282	0.00697622
0.162098	0.00697622	0.00697919
0.162098	0.00697919	0.00698179
0.162098	0.00698179	0.00698407
0.162098	0.00698407	0.00698606
0.162098	0.00698606	0.0069878
0.162098	0.0069878	0.00698932
0.162098	0.00698932	0.00699066
0.162098	0.00699066	0.00699183
0.162098	0.00699183	0.00699285
0.162099	0.00699285	0.00699374
0.162099	0.00699374	0.00699452
0.162099	0.00699452	0.00699521
0.162099	0.00699521	0.0069958
0.162099	0.0069958	0.00699633
0.162099	0.00699633	0.00699679
0.162099	0.00699679	0.00699719
0.162099	0.00699719	0.00699754
0.162099	0.00699754	0.00699785
0.162099	0.00699785	0.00699812
0.162099	0.00699812	0.00699835
0.162099	0.00699835	0.00699856
0.162099	0.00699856	0.00699874
0.1621	0.00699874	0.00699889
0.1621	0.00699889	0.00699903
0.1621	0.00699903	0.00699915
0.1621	0.00699915	0.00699926
0.1621	0.00699926	0.00699935
0.1621	0.00699935	0.00699943
0.1621	0.00699943	0.0069995
0.1621	0.0069995	0.00699956
0.1621	0.00699956	0.00699962
0.1621	0.00699962	0.00699967
0.1621	0.00699967	0.00699971
0.1621	0.00699971	0.00699974
0.162296	0.00699974	0.00699977
0.162296	0.00699977	0.0069998
0.162296	0.0069998	0.00699983
0.162296	0.00699983	0.00699985
0.162296	0.00699985	0.00699987
0.162296	0.00699987	0.00699988
0.162296	0.00699988	0.0069999
0.162296	0.0069999	0.00699991
0.162296	0.00699991	0.00699992
0.162296	0.00699992	0.00699993
0.162297	0.00699993	0.00699994
0.162297	0.00699994	0.00699994
0.162297	0.00699994	0.00699995
0.162297	0.00699995	0.00699996
0.162297	0.00699996	0.00699996
0.162297	0.00699996	0.00699997
0.162297	0.00699997	0.00699997
0.162297	0.00699997	0.00699997
0.162297	0.00699997	0.00699998
0.162297	0.00699998	0.00699998
0.162297	0.00699998	0.00699998
0.162297	0.00699998	0.00699998
0.162297	0.00699998	0.00699999
0.162297	0.00699999	0.00699999
0.162298	0.00699999	0.00699999
0.162298	0.00699999	0.00699999
0.162298	0.00699999	0.00699999
0.162298	0.00699999	0.00699999
0.162298	0.00699999	0.00699999
0.162298	0.00699999	0.00699999
0.162298	0.00699999	0.00699999
0.163096	0.00699999	0.00712499
0.163096	0.00712499	0.00723437
0.163096	0.00723437	0.00733007
0.163096	0.00733007	0.00741381
0.163096	0.00741381	0.00748709
0.163096	0.00748709	0.0075512
0.163096	0.0075512	0.0076073
0.163096	0.0076073	0.00765639
0.163096	0.00765639	0.00769934
0.163096	0.00769934	0.00773692
0.163097	0.00773692	0.00776981
0.163097	0.00776981	0.00779858
0.163097	0.00779858	0.00782376
0.163097	0.00782376	0.00784579
0.163097	0.00784579	0.00786506
0.163097	0.00786506	0.00788193
0.163097	0.00788193	0.00789669
0.163097	0.00789669	0.0079096
0.163097	0.0079096	0.0079209
0.163097	0.0079209	0.00793079
0.163097	0.00793079	0.00793944
0.163097	0.00793944	0.00794701
0.163097	0.00794701	0.00795363
0.163097	0.00795363	0.00795943
0.163098	0.00795943	0.0079645
0.163098	0.0079645	0.00796894
0.163098	0.00796894	0.00797282
0.163098	0.00797282	0.00797622
0.163098	0.00797622	0.00797919
0.163098	0.00797919	0.00798179
0.163098	0.00798179	0.00798407
0.163098	0.00798407	0.00798606
0.163098	0.00798606	0.0079878
0.163098	0.0079878	0.00798932
0.163098	0.00798932	0.00799066
0.163098	0.00799066	0.00799182
0.163098	0.00799182	0.00799285
0.163099	0.00799285	0.00799374
0.163099	0.00799374	0.00799452
0.163099	0.00799452	0.00799521
0.163099	0.00799521	0.0079958
0.163099	0.0079958	0.00799633
0.163099	0.00799633	0.00799679
0.163099	0.00799679	0.00799719
0.163099	0.00799719	0.00799754
0.163099	0.00799754	0.00799785
0.163099	0.00799785	0.00799812
0.163099	0.00799812	0.00799835
0.163099	0.00799835	0.00799856
0.163099	0.00799856	0.00787374
0.1631	0.00787374	0.00776452
0.1631	0.00776452	0.00766895
0.1631	0.00766895	0.00758533
0.1631	0.00758533	0.00751217
0.1631	0.00751217	0.00744815
0.1631	0.00744815	0.00739213
0.1631	0.00739213	0.00734311
0.1631	0.00734311	0.00730022
0.1631	0.00730022	0.00726269
0.1631	0.00726269	0.00722986
0.1631	0.00722986	0.00720112
0.1631	0.00720112	0.00717598
0.1631	0.00717598	0.00715398
0.163296	0.00715398	0.00713474
0.163296	0.00713474	0.00711789
0.163296	0.00711789	0.00710316
0.163296	0.00710316	0.00709026
0.163296	0.00709026	0.00707898
0.163296	0.00707898	0.00706911
0.163296	0.00706911	0.00706047
0.163296	0.00706047	0.00705291
0.163296	0.00705291	0.00704629
0.163296	0.00704629	0.00704051
0.163297	0.00704051	0.00703544
0.163297	0.00703544	0.00703101
0.163297	0.00703101	0.00702714
0.163297	0.00702714	0.00702374
0.163297	0.00702374	0.00702077
0.163297	0.00702077	0.00701818
0.163297	0.00701818	0.00701591
0.163297	0.00701591	0.00701392
0.163297	0.00701392	0.00701218
0.163297	0.00701218	0.00701065
0.163297	0.00701065	0.00700932
0.163297	0.00700932	0.00700816
0.163297	0.00700816	0.00700714
0.163297	0.00700714	0.00700624
0.163298	0.00700624	0.00700546
0.163298	0.00700546	0.00700478
0.163298	0.00700478	0.00700418
0.163298	0.00700418	0.00700366
0.163298	0.00700366	0.0070032
0.163298	0.0070032	0.0070028
0.163298	0.0070028	0.00700245
0.163298	0.00700245	0.00700214
0.163298	0.00700214	0.00700188
0.163298	0.00700188	0.00700164
0.163298	0.00700164	0.00700144
0.163298	0.00700144	0.00700125
0.163298	0.00700125	0.0070011
0.163299	0.0070011	0.00700096
0.163299	0.00700096	0.00700084
0.163299	0.00700084	0.00700074
0.163299	0.00700074	0.00700064
0.163299	0.00700064	0.00700056
0.163299	0.00700056	0.00700049
0.163299	0.00700049	0.00700043
0.163299	0.00700043	0.00700037
0.163299	0.00700037	0.00700033
0.163299	0.00700033	0.00700029
0.163299	0.00700029	0.00700025
0.163299	0.00700025	0.00700022
0.163299	0.00700022	0.00700019
0.1633	0.00700019	0.00700017
0.1633	0.00700017	0.00700015
0.1633	0.00700015	0.00700013
0.1633	0.00700013	0.00700011
0.1633	0.00700011	0.0070001
0.1633	0.0070001	0.00700008
0.1633	0.00700008	0.00700007
0.1633	0.00700007	0.00700006
0.1633	0.00700006	0.00700005
0.1633	0.00700005	0.00700005
0.1633	0.00700005	0.00700004
0.1633	0.00700004	0.00700004
0.1633	0.00700004	0.00700003
0.163396	0.00700003	0.00700003
0.163396	0.00700003	0.00700002
0.163396	0.00700002	0.00700002
0.163396	0.00700002	0.00700002
0.163396	0.00700002	0.00700001
0.163396	0.00700001	0.00700001
0.163396	0.00700001	0.00700001
0.163396	0.00700001	0.00700001
0.163396	0.00700001	0.00700001
0.163396	0.00700001	0.00700001
0.163397	0.00700001	0.00700001
0.163397	0.00700001	0.007
0.163397	0.007	0.007
0.163397	0.007	0.007
0.163397	0.007	0.007
0.163397	0.007	0.007
0.163897	0.007	0.00675
0.163897	0.00675	0.00653125
0.163897	0.00653125	0.00633984
0.163897	0.00633984	0.00617236
0.163897	0.00617236	0.00602582
0.163897	0.00602582	0.00589759
0.163897	0.00589759	0.00578539
0.163897	0.00578539	0.00568722
0.163898	0.00568722	0.00560131
0.163898	0.00560131	0.00552615
0.163898	0.00552615	0.00546038
0.163898	0.00546038	0.00540283
0.163898	0.00540283	0.00535248
0.163898	0.00535248	0.00530842
0.163898	0.00530842	0.00526987
0.164196	0.00526987	0.00536113
0.164196	0.00536113	0.00544099
0.164196	0.00544099	0.00551087
0.164196	0.00551087	0.00557201
0.164196	0.00557201	0.00562551
0.164196	0.00562551	0.00567232
0.164196	0.00567232	0.00571328
0.164196	0.00571328	0.00574912
0.164196	0.00574912	0.00578048
0.164196	0.00578048	0.00580792
0.164197	0.00580792	0.00583193
0.164197	0.00583193	0.00585294
0.164197	0.00585294	0.00587132
0.164197	0.00587132	0.0058874
0.164197	0.0058874	0.00590148
0.164197	0.00590148	0.00591379
0.164197	0.00591379	0.00592457
0.164197	0.00592457	0.005934
0.164197	0.005934	0.00594225
0.164197	0.00594225	0.00594947
0.164197	0.00594947	0.00595578
0.164197	0.00595578	0.00596131
0.164197	0.00596131	0.00596614
0.164197	0.00596614	0.00597038
0.164198	0.00597038	0.00597408
0.164198	0.00597408	0.00597732
0.164198	0.00597732	0.00598015
0.164198	0.00598015	0.00598263
0.164198	0.00598263	0.0059848
0.164198	0.0059848	0.0059867
0.164198	0.0059867	0.00598836
0.164198	0.00598836	0.00598982
0.164198	0.00598982	0.00599109
0.164198	0.00599109	0.0059922
0.164198	0.0059922	0.00599318
0.164198	0.00599318	0.00599403
0.164198	0.00599403	0.00599478
0.164199	0.00599478	0.00599543
0.164199	0.00599543	0.005996
0.164199	0.005996	0.0059965
0.164199	0.0059965	0.00599694
0.164199	0.00599694	0.00599732
0.164199	0.00599732	0.00599765
0.164199	0.00599765	0.00599795
0.164199	0.00599795	0.0059982
0.164199	0.0059982	0.00599843
0.164199	0.00599843	0.00599862
0.164199	0.00599862	0.0059988
0.164199	0.0059988	0.00599895
0.164199	0.00599895	0.00599908
0.1642	0.00599908	0.00599919
0.1642	0.00599919	0.00599929
0.1642	0.00599929	0.00599938
0.1642	0.00599938	0.00599946
0.1642	0.00599946	0.00599952
0.1642	0.00599952	0.00599958
0.1642	0.00599958	0.00599963
0.1642	0.00599963	0.00599968
0.1642	0.00599968	0.00599972
0.1642	0.00599972	0.00599975
0.1642	0.00599975	0.00599978
0.1642	0.00599978	0.00599981
0.1642	0.00599981	0.00599983
0.1642	0.00599983	0.00599985
0.164296	0.00599985	0.00599987
0.164296	0.00599987	0.00599989
0.164296	0.00599989	0.0059999
0.164296	0.0059999	0.00599991
0.164296	0.00599991	0.00599992
0.164296	0.00599992	0.00599993
0.164296	0.00599993	0.00599994
0.164296	0.00599994	0.00599995
0.164296	0.00599995	0.00599995
0.164296	0.00599995	0.00599996
0.164297	0.00599996	0.00599996
0.164297	0.00599996	0.00599997
0.164297	0.00599997	0.00599997
0.164297	0.00599997	0.00599998
0.164297	0.00599998	0.00599998
0.164297	0.00599998	0.00599998
0.164297	0.00599998	0.00599998
0.164297	0.00599998	0.00599998
0.164297	0.00599998	0.00599999
0.164297	0.00599999	0.00599999
0.164297	0.00599999	0.00599999
0.164297	0.00599999	0.00599999
0.164297	0.00599999	0.00599999
0.164297	0.00599999	0.00599999
0.164298	0.00599999	0.00599999
0.164298	0.00599999	0.00599999
0.166092	0.00599999	0.00612499
0.166092	0.00612499	0.00623437
0.166092	0.00623437	0.00633007
0.166092	0.00633007	0.00641381
0.166092	0.00641381	0.00648709
0.166092	0.00648709	0.0065512
0.166092	0.0065512	0.0066073
0.166092	0.0066073	0.00665639
0.166092	0.00665639	0.00669934
0.166092	0.00669934	0.00673692
0.166092	0.00673692	0.00676981
0.166092	0.00676981	0.00679858
0.166093	0.00679858	0.00682376
0.166093	0.00682376	0.00684579
0.166093	0.00684579	0.00686506
0.166093	0.00686506	0.00688193
0.166093	0.00688193	0.00689669
0.166093	0.00689669	0.0069096
0.166093	0.0069096	0.0069209
0.166093	0.0069209	0.00693079
0.166093	0.00693079	0.00693944
0.166093	0.00693944	0.00694701
0.166093	0.00694701	0.00695363
0.166093	0.00695363	0.00695943
0.166196	0.00695943	0.0069645
0.166196	0.0069645	0.00696894
0.166196	0.00696894	0.00697282
0.166196	0.00697282	0.00697622
0.166196	0.00697622	0.00697919
0.166196	0.00697919	0.00698179
0.166196	0.00698179	0.00698407
0.166196	0.00698407	0.00698606
0.166196	0.00698606	0.0069878
0.166196	0.0069878	0.00698932
0.166197	0.00698932	0.00699066
0.166197	0.00699066	0.00699183
0.166396	0.00699183	0.00699285
0.166396	0.00699285	0.00699374
0.166396	0.00699374	0.00699452
0.166396	0.00699452	0.00699521
0.166396	0.00699521	0.0069958
0.166396	0.0069958	0.00699633
0.166396	0.00699633	0.00699679
0.166396	0.00699679	0.00699719
0.166396	0.00699719	0.00699754
0.166396	0.00699754	0.00699785
0.166397	0.00699785	0.00699812
0.166397	0.00699812	0.00699835
0.166397	0.00699835	0.00699856
0.166397	0.00699856	0.00699874
0.166397	0.00699874	0.00699889
0.166397	0.00699889	0.00699903
0.166397	0.00699903	0.00699915
0.166397	0.00699915	0.00699926
0.166397	0.00699926	0.00699935
0.166397	0.00699935	0.00699943
0.166397	0.00699943	0.0069995
0.166397	0.0069995	0.00699956
0.166397	0.00699956	0.00699962
0.166397	0.00699962	0.00699967
0.166398	0.00699967	0.00699971
0.166398	0.00699971	0.00699974
0.166487	0.00699974	0.00699977
0.166488	0.00699977	0.0069998
0.166488	0.0069998	0.00699983
0.166488	0.00699983	0.00699985
0.166488	0.00699985	0.00699987
0.166488	0.00699987	0.00699988
0.166488	0.00699988	0.0069999
0.166488	0.0069999	0.00699991
0.166488	0.00699991	0.00699992
0.166488	0.00699992	0.00699993
0.166488	0.00699993	0.00699994
0.166488	0.00699994	0.00699994
0.166696	0.00699994	0.00699995
0.166696	0.00699995	0.00699996
0.166696	0.00699996	0.00699996
0.166696	0.00699996	0.00699997
0.166696	0.00699997	0.00699997
0.166696	0.00699997	0.00699997
0.166696	0.00699997	0.00699998
0.166696	0.00699998	0.00699998
0.166696	0.00699998	0.00699998
0.166696	0.00699998	0.00699998
0.166697	0.00699998	0.00699999
0.166697	0.00699999	0.00699999
0.166697	0.00699999	0.00699999
0.166697	0.00699999	0.00699999
0.166996	0.00699999	0.00699999
0.166996	0.00699999	0.00699999
0.166996	0.00699999	0.00699999
0.166996	0.00699999	0.00699999
0.166996	0.00699999	0.00699999
0.167196	0.00699999	0.00712499
0.167196	0.00712499	0.00723437
0.167196	0.00723437	0.00733007
0.167196	0.00733007	0.00741381
0.167196	0.00741381	0.00748709
0.167196	0.00748709	0.0075512
0.167196	0.0075512	0.0076073
0.167196	0.0076073	0.00765639
0.167196	0.00765639	0.00769934
0.167196	0.00769934	0.00773692
0.167197	0.00773692	0.00776981
0.167197	0.00776981	0.00779858
0.167197	0.00779858	0.00782376
0.167197	0.00782376	0.00784579
0.167197	0.00784579	0.00786506
0.167197	0.00786506	0.00788193
0.167197	0.00788193	0.00789669
0.167197	0.00789669	0.0079096
0.167197	0.0079096	0.0079209
0.167197	0.0079209	0.00793079
0.167197	0.00793079	0.00793944
0.167197	0.00793944	0.00794701
0.167197	0.00794701	0.00795363
0.167197	0.00795363	0.00795943
0.167198	0.00795943	0.0079645
0.167198	0.0079645	0.00796894
0.167198	0.00796894	0.00797282
0.167198	0.00797282	0.00797622
0.167198	0.00797622	0.00797919
0.167198	0.00797919	0.00798179
0.167198	0.00798179	0.00798407
0.167198	0.00798407	0.00798606
0.167198	0.00798606	0.0079878
0.167198	0.0079878	0.00798932
0.167296	0.00798932	0.00799066
0.167296	0.00799066	0.00799182
0.167296	0.00799182	0.00799285
0.167296	0.00799285	0.00799374
0.167296	0.00799374	0.00799452
0.167296	0.00799452	0.00799521
0.167296	0.00799521	0.0079958
0.167296	0.0079958	0.00799633
0.167296	0.00799633	0.00799679
0.167296	0.00799679	0.00799719
0.167297	0.00799719	0.00799754
0.167297	0.00799754	0.00787285
0.167496	0.00787285	0.00776374
0.167496	0.00776374	0.00766827
0.167496	0.00766827	0.00758474
0.167496	0.00758474	0.00751164
0.167496	0.00751164	0.00744769
0.167496	0.00744769	0.00739173
0.167496	0.00739173	0.00734276
0.167496	0.00734276	0.00729991
0.167496	0.00729991	0.00726243
0.167496	0.00726243	0.00722962
0.167497	0.00722962	0.00720092
0.167497	0.00720092	0.0071758
0.167497	0.0071758	0.00715383
0.167497	0.00715383	0.0071346
0.167497	0.0071346	0.00711777
0.167497	0.00711777	0.00710305
0.167497	0.00710305	0.00709017
0.167497	0.00709017	0.0070789
0.167497	0.0070789	0.00706903
0.167497	0.00706903	0.0070604
0.167497	0.0070604	0.00705285
0.167497	0.00705285	0.00704625
0.167497	0.00704625	0.00704047
0.167497	0.00704047	0.00703541
0.167498	0.00703541	0.00703098
0.167592	0.00703098	0.00702711
0.167592	0.00702711	0.00702372
0.167592	0.00702372	0.00702075
0.167592	0.00702075	0.00701816
0.167592	0.00701816	0.00701589
0.167592	0.00701589	0.0070139
0.167592	0.0070139	0.00701216
0.167592	0.00701216	0.00701064
0.167592	0.00701064	0.00700931
0.167592	0.00700931	0.00700815
0.167592	0.00700815	0.00700713
0.167592	0.00700713	0.00700624
0.167593	0.00700624	0.00700546
0.167593	0.00700546	0.00700477
0.167796	0.00700477	0.00700418
0.167796	0.00700418	0.00700365
0.167796	0.00700365	0.0070032
0.167796	0.0070032	0.0070028
0.167796	0.0070028	0.00700245
0.167796	0.00700245	0.00700214
0.167796	0.00700214	0.00700187
0.167796	0.00700187	0.00700164
0.167796	0.00700164	0.00700143
0.167796	0.00700143	0.00700125
0.167797	0.00700125	0.0070011
0.167797	0.0070011	0.00700096
0.167992	0.00700096	0.00700084
0.167992	0.00700084	0.00700073
0.167992	0.00700073	0.00700064
0.167992	0.00700064	0.00700056
0.167992	0.00700056	0.00700049
0.167992	0.00700049	0.00700043
0.167992	0.00700043	0.00700037
0.167992	0.00700037	0.00700033
0.167992	0.00700033	0.00700029
0.167992	0.00700029	0.00700025
0.167992	0.00700025	0.00700022
0.167992	0.00700022	0.00700019
0.167993	0.00700019	0.00700017
0.167993	0.00700017	0.00700015
0.167993	0.00700015	0.00700013
0.167993	0.00700013	0.00700011
0.167993	0.00700011	0.0070001
0.167993	0.0070001	0.00700008
0.167993	0.00700008	0.00700007
0.167993	0.00700007	0.00700006
0.167993	0.00700006	0.00700005
0.167993	0.00700005	0.00700005
0.167993	0.00700005	0.00700004
0.167993	0.00700004	0.00700004
0.167993	0.00700004	0.00700003
0.167993	0.00700003	0.00700003
0.167994	0.00700003	0.00700002
0.167994	0.00700002	0.00700002
0.167994	0.00700002	0.00700002
0.167994	0.00700002	0.00700001
0.167994	0.00700001	0.00700001
0.168096	0.00700001	0.00712501
0.168096	0.00712501	0.00723438
0.168096	0.00723438	0.00733009
0.168096	0.00733009	0.00741382
0.168096	0.00741382	0.0074871
0.168096	0.0074871	0.00755121
0.168096	0.00755121	0.00760731
0.168096	0.00760731	0.00765639
0.168096	0.00765639	0.00769934
0.168096	0.00769934	0.00773693
0.168097	0.00773693	0.00776981
0.168097	0.00776981	0.00779858
0.168097	0.00779858	0.00782376
0.168097	0.00782376	0.00784579
0.168097	0.00784579	0.00786506
0.168097	0.00786506	0.00788193
0.168097	0.00788193	0.00789669
0.168097	0.00789669	0.0079096
0.168097	0.0079096	0.0079209
0.168296	0.0079209	0.00793079
0.168296	0.00793079	0.00793944
0.168296	0.00793944	0.00794701
0.168296	0.00794701	0.00795363
0.168296	0.00795363	0.00795943
0.168296	0.00795943	0.0079645
0.168296	0.0079645	0.00796894
0.168296	0.00796894	0.00797282
0.168296	0.00797282	0.00797622
0.168296	0.00797622	0.00797919
0.168297	0.00797919	0.00798179
0.168297	0.00798179	0.00798407
0.168297	0.00798407	0.00798606
0.168297	0.00798606	0.0079878
0.168297	0.0079878	0.00798932
0.168297	0.00798932	0.00799066
0.168297	0.00799066	0.00799182
0.168297	0.00799182	0.00799285
0.168297	0.00799285	0.00799374
0.168297	0.00799374	0.00799452
0.168297	0.00799452	0.00799521
0.168297	0.00799521	0.0079958
0.168297	0.0079958	0.00799633
0.168297	0.00799633	0.00799679
0.168298	0.00799679	0.00799719
0.168298	0.00799719	0.00799754
0.168298	0.00799754	0.00799785
0.168392	0.00799785	0.00799812
0.168392	0.00799812	0.00799835
0.168392	0.00799835	0.00799856
0.168392	0.00799856	0.00799874
0.168392	0.00799874	0.00799889
0.168392	0.00799889	0.00799903
0.168392	0.00799903	0.00799915
0.168392	0.00799915	0.00799926
0.168392	0.00799926	0.00799935
0.168392	0.00799935	0.00799943
0.168392	0.00799943	0.0079995
0.168392	0.0079995	0.00799956
0.168393	0.00799956	0.00799962
0.168393	0.00799962	0.00799966
0.168393	0.00799966	0.00799971
0.168393	0.00799971	0.00799974
0.168393	0.00799974	0.00799977
0.168393	0.00799977	0.0079998
0.168393	0.0079998	0.00799983
0.168393	0.00799983	0.00799985
0.168393	0.00799985	0.00799987
0.168393	0.00799987	0.00799988
0.168393	0.00799988	0.0079999
0.168393	0.0079999	0.00799991
0.168393	0.00799991	0.00799992
0.168596	0.00799992	0.00799993
0.168596	0.00799993	0.00799994
0.168596	0.00799994	0.00799994
0.168596	0.00799994	0.00799995
0.168596	0.00799995	0.00799996
0.168596	0.00799996	0.00799996
0.168596	0.00799996	0.00799997
0.168596	0.00799997	0.00799997
0.168596	0.00799997	0.00799997
0.168596	0.00799997	0.00799998
0.168597	0.00799998	0.00799998
0.168597	0.00799998	0.00799998
0.168597	0.00799998	0.00799998
0.168597	0.00799998	0.00799998
0.168597	0.00799998	0.00799999
0.168597	0.00799999	0.00799999
0.168597	0.00799999	0.00799999
0.168597	0.00799999	0.00799999
0.168597	0.00799999	0.00799999
0.168597	0.00799999	0.00799999
0.168597	0.00799999	0.00799999
0.168597	0.00799999	0.00799999
0.169092	0.00799999	0.00812499
0.169092	0.00812499	0.00823437
0.169092	0.00823437	0.00833007
0.169092	0.00833007	0.00841381
0.169092	0.00841381	0.00848709
0.169092	0.00848709	0.0085512
0.169092	0.0085512	0.0086073
0.169092	0.0086073	0.00865639
0.169092	0.00865639	0.00869934
0.169092	0.00869934	0.00873692
0.169092	0.00873692	0.00876981
0.169092	0.00876981	0.00879858
0.169093	0.00879858	0.00882376
0.169093	0.00882376	0.00884579
0.169093	0.00884579	0.00886506
0.169093	0.00886506	0.00888193
0.169093	0.00888193	0.00889669
0.169093	0.00889669	0.0089096
0.169093	0.0089096	0.0089209
0.169093	0.0089209	0.00893079
0.169093	0.00893079	0.00893944
0.169093	0.00893944	0.00894701
0.169093	0.00894701	0.00895363
0.169093	0.00895363	0.00895943
0.169093	0.00895943	0.0089645
0.169093	0.0089645	0.00896894
0.169094	0.00896894	0.00897282
0.169094	0.00897282	0.00897622
0.169094	0.00897622	0.00897919
0.169094	0.00897919	0.00898179
0.169094	0.00898179	0.00898407
0.169196	0.00898407	0.00898606
0.169196	0.00898606	0.0089878
0.169196	0.0089878	0.00898932
0.169196	0.00898932	0.00899066
0.169196	0.00899066	0.00899183
0.169196	0.00899183	0.00899285
0.169196	0.00899285	0.00899374
0.169196	0.00899374	0.00899452
0.169196	0.00899452	0.00899521
0.169196	0.00899521	0.0089958
0.169197	0.0089958	0.00899633
0.169197	0.00899633	0.00899679
0.169197	0.00899679	0.00899719
0.169197	0.00899719	0.00899754
0.169197	0.00899754	0.00899785
0.169197	0.00899785	0.00899811
0.169197	0.00899811	0.00899835
0.169197	0.00899835	0.00899856
0.169197	0.00899856	0.00899874
0.169197	0.00899874	0.00899889
0.169197	0.00899889	0.00899903
0.169197	0.00899903	0.00899915
0.169197	0.00899915	0.00899926
0.169197	0.00899926	0.00899935
0.169198	0.00899935	0.00899943
0.169198	0.00899943	0.0089995
0.169198	0.0089995	0.00899956
0.169198	0.00899956	0.00899962
0.169198	0.00899962	0.00899967
0.169198	0.00899967	0.00899971
0.169198	0.00899971	0.00899974
0.169198	0.00899974	0.00899977
0.169198	0.00899977	0.0089998
0.169198	0.0089998	0.00899983
0.169198	0.00899983	0.00899985
0.169198	0.00899985	0.00899987
0.169198	0.00899987	0.00899988
0.169199	0.00899988	0.0089999
0.169199	0.0089999	0.00899991
0.169199	0.00899991	0.00899992
0.169199	0.00899992	0.00899993
0.169199	0.00899993	0.00899994
0.169199	0.00899994	0.00899995
0.169199	0.00899995	0.00899995
0.169199	0.00899995	0.00899996
0.169396	0.00899996	0.00899996
0.169396	0.00899996	0.00899997
0.169396	0.00899997	0.00899997
0.169396	0.00899997	0.00899997
0.169396	0.00899997	0.00899998
0.169396	0.00899998	0.00899998
0.169396	0.00899998	0.00899998
0.169396	0.00899998	0.00899998
0.169396	0.00899998	0.00899999
0.169396	0.00899999	0.00899999
0.169397	0.00899999	0.00899999
0.169397	0.00899999	0.00899999
0.169397	0.00899999	0.00899999
0.169397	0.00899999	0.00899999
0.169397	0.00899999	0.00899999
0.169397	0.00899999	0.00899999
0.169397	0.00899999	0.00899999
0.169397	0.00899999	0.00887499
0.169398	0.00887499	0.00876562
0.169398	0.00876562	0.00866992
0.169398	0.00866992	0.00858617
0.169398	0.00858617	0.0085129
0.169398	0.0085129	0.00844879
0.169398	0.00844879	0.00839269
0.169398	0.00839269	0.0083436
0.169496	0.0083436	0.00830065
0.169496	0.00830065	0.00826307
0.169496	0.00826307	0.00823019
0.169496	0.00823019	0.00820141
0.169496	0.00820141	0.00817624
0.169496	0.00817624	0.00815421
0.169496	0.00815421	0.00813493
0.169496	0.00813493	0.00811806
0.169496	0.00811806	0.0081033
0.169496	0.0081033	0.00809039
0.169497	0.00809039	0.00807909
0.169497	0.00807909	0.0080692
0.169497	0.0080692	0.00806055
0.169692	0.00806055	0.00805298
0.169692	0.00805298	0.00804636
0.169692	0.00804636	0.00804056
0.169692	0.00804056	0.00803549
0.169692	0.00803549	0.00803106
0.169692	0.00803106	0.00802717
0.169692	0.00802717	0.00802378
0.169692	0.00802378	0.0080208
0.169692	0.0080208	0.0080182
0.169692	0.0080182	0.00801593
0.169692	0.00801593	0.00801394
0.169692	0.00801394	0.00801219
0.169693	0.00801219	0.00801067
0.169693	0.00801067	0.00800933
0.169693	0.00800933	0.00800817
0.169693	0.00800817	0.00800715
0.169693	0.00800715	0.00800625
0.169693	0.00800625	0.00800547
0.169796	0.00800547	0.00800479
0.169796	0.00800479	0.00800419
0.169796	0.00800419	0.00800366
0.169796	0.00800366	0.00800321
0.169796	0.00800321	0.0080028
0.169796	0.0080028	0.00800245
0.169796	0.00800245	0.00800215
0.169796	0.00800215	0.00800188
0.169796	0.00800188	0.00800164
0.169796	0.00800164	0.00800144
0.169797	0.00800144	0.00800126
0.169797	0.00800126	0.0080011
0.169797	0.0080011	0.00800096
0.169797	0.00800096	0.00800084
0.169996	0.00800084	0.00800074
0.169996	0.00800074	0.00800064
0.169996	0.00800064	0.00800056
0.169996	0.00800056	0.00800049
0.169996	0.00800049	0.00800043
0.169996	0.00800043	0.00800038
0.169996	0.00800038	0.00800033
0.169996	0.00800033	0.00800029
0.169996	0.00800029	0.00800025
0.169996	0.00800025	0.00800022
0.169997	0.00800022	0.00800019
0.169997	0.00800019	0.00800017
0.169997	0.00800017	0.00800015
0.169997	0.00800015	0.00800013
0.169997	0.00800013	0.00800011
0.169997	0.00800011	0.0080001
0.169997	0.0080001	0.00800008
0.169997	0.00800008	0.00800007
0.169997	0.00800007	0.00800006
0.169997	0.00800006	0.00800006
0.169997	0.00800006	0.00800005
0.169997	0.00800005	0.00800004
0.169997	0.00800004	0.00800004
0.169997	0.00800004	0.00800003
0.169998	0.00800003	0.00800003
0.169998	0.00800003	0.00800002
0.169998	0.00800002	0.00800002
0.169998	0.00800002	0.00800002
0.169998	0.00800002	0.00800001
0.169998	0.00800001	0.00800001
0.169998	0.00800001	0.00800001
0.170096	0.00800001	0.00812501
0.170096	0.00812501	0.00823438
0.170096	0.00823438	0.00833008
0.170096	0.00833008	0.00841382
0.170096	0.00841382	0.0084871
0.170096	0.0084871	0.00855121
0.170096	0.00855121	0.00860731
0.170096	0.00860731	0.00865639
0.170096	0.00865639	0.00869934
0.170096	0.00869934	0.00873692
0.170097	0.00873692	0.00876981
0.170097	0.00876981	0.00879858
0.170097	0.00879858	0.00882376
0.170097	0.00882376	0.00884579
0.170097	0.00884579	0.00886507
0.170097	0.00886507	0.00888193
0.170097	0.00888193	0.00889669
0.170097	0.00889669	0.0089096
0.170097	0.0089096	0.0089209
0.170097	0.0089209	0.00893079
0.170097	0.00893079	0.00893944
0.170097	0.00893944	0.00894701
0.170097	0.00894701	0.00895363
0.170097	0.00895363	0.00895943
0.170098	0.00895943	0.0089645
0.170098	0.0089645	0.00896894
0.170098	0.00896894	0.00897282
0.170098	0.00897282	0.00897622
0.170098	0.00897622	0.00897919
0.170098	0.00897919	0.00898179
0.170098	0.00898179	0.00898407
0.170098	0.00898407	0.00898606
0.170098	0.00898606	0.0089878
0.170098	0.0089878	0.00898932
0.170098	0.00898932	0.00899066
0.170098	0.00899066	0.00899183
0.170098	0.00899183	0.00899285
0.170099	0.00899285	0.00899374
0.170099	0.00899374	0.00899452
0.170099	0.00899452	0.00899521
0.170099	0.00899521	0.0089958
0.170099	0.0089958	0.00899633
0.170099	0.00899633	0.00899679
0.170099	0.00899679	0.00899719
0.170099	0.00899719	0.00899754
0.170296	0.00899754	0.00899785
0.170296	0.00899785	0.00899811
0.170296	0.00899811	0.00899835
0.170296	0.00899835	0.00899856
0.170296	0.00899856	0.00899874
0.170296	0.00899874	0.00899889
0.170296	0.00899889	0.00899903
0.170296	0.00899903	0.00899915
0.170296	0.00899915	0.00899926
0.170296	0.00899926	0.00899935
0.170297	0.00899935	0.00899943
0.170297	0.00899943	0.0089995
0.170297	0.0089995	0.00899956
0.170297	0.00899956	0.00899962
0.170297	0.00899962	0.00899967
0.170297	0.00899967	0.00899971
0.170297	0.00899971	0.00899974
0.170297	0.00899974	0.00899977
0.170297	0.00899977	0.0089998
0.170297	0.0089998	0.00899983
0.170297	0.00899983	0.00899985
0.170297	0.00899985	0.00899987
0.170297	0.00899987	0.00899988
0.170297	0.00899988	0.0089999
0.170298	0.0089999	0.00899991
0.170298	0.00899991	0.00899992
0.170298	0.00899992	0.00899993
0.170298	0.00899993	0.00899994
0.170298	0.00899994	0.00899995
0.170298	0.00899995	0.00899995
0.170298	0.00899995	0.00899996
0.170583	0.00899996	0.00899996
0.170583	0.00899996	0.00899997
0.170583	0.00899997	0.00899997
0.170584	0.00899997	0.00899997
0.170584	0.00899997	0.00899998
0.170584	0.00899998	0.00899998
0.170584	0.00899998	0.00899998
0.170584	0.00899998	0.00899998
0.170584	0.00899998	0.00899999
0.170584	0.00899999	0.00899999
0.170584	0.00899999	0.00899999
0.170584	0.00899999	0.00899999
0.170584	0.00899999	0.00899999
0.170584	0.00899999	0.00899999
0.170584	0.00899999	0.00899999
0.170584	0.00899999	0.00899999
0.170584	0.00899999	0.00899999
0.170585	0.00899999	0.00887499
0.170585	0.00887499	0.00876562
0.170585	0.00876562	0.00866992
0.170585	0.00866992	0.00858617
0.170585	0.00858617	0.0085129
0.170585	0.0085129	0.00844879
0.170585	0.00844879	0.00839269
0.170585	0.00839269	0.0083436
0.170585	0.0083436	0.00830065
0.170585	0.00830065	0.00826307
0.170585	0.00826307	0.00823019
0.170585	0.00823019	0.00820141
0.170586	0.00820141	0.00817624
0.170586	0.00817624	0.00815421
0.170586	0.00815421	0.00813493
0.170586	0.00813493	0.00811806
0.170586	0.00811806	0.0081033
0.170586	0.0081033	0.00809039
0.170586	0.00809039	0.00807909
0.170586	0.00807909	0.0080692
0.170586	0.0080692	0.00806055
0.170586	0.00806055	0.00805298
0.170586	0.00805298	0.00804636
0.170586	0.00804636	0.00804056
0.170586	0.00804056	0.00803549
0.170587	0.00803549	0.00803106
0.170587	0.00803106	0.00802717
0.170587	0.00802717	0.00802378
0.170587	0.00802378	0.0080208
0.170587	0.0080208	0.0080182
0.170587	0.0080182	0.00801593
0.170587	0.00801593	0.00801394
0.170587	0.00801394	0.00801219
0.170587	0.00801219	0.00801067
0.170587	0.00801067	0.00800933
0.170587	0.00800933	0.00800817
0.170587	0.00800817	0.00800715
0.170587	0.00800715	0.00800625
0.170587	0.00800625	0.00800547
0.170588	0.00800547	0.00800479
0.170588	0.00800479	0.00800419
0.170588	0.00800419	0.00800366
0.170588	0.00800366	0.00800321
0.170588	0.00800321	0.0080028
0.170588	0.0080028	0.00800245
0.170588	0.00800245	0.00800215
0.170692	0.00800215	0.00800188
0.170692	0.00800188	0.00800164
0.170692	0.00800164	0.00800144
0.170692	0.00800144	0.00800126
0.170692	0.00800126	0.0080011
0.170692	0.0080011	0.00800096
0.170692	0.00800096	0.00800084
0.170692	0.00800084	0.00800074
0.170692	0.00800074	0.00800064
0.170692	0.00800064	0.00800056
0.170792	0.00800056	0.00800049
0.170792	0.00800049	0.00800043
0.170792	0.00800043	0.00800038
0.170792	0.00800038	0.00800033
0.170792	0.00800033	0.00800029
0.170792	0.00800029	0.00800025
0.170792	0.00800025	0.00800022
0.170792	0.00800022	0.00800019
0.170792	0.00800019	0.00800017
0.170792	0.00800017	0.00800015
0.170792	0.00800015	0.00800013
0.170792	0.00800013	0.00800011
0.170793	0.00800011	0.0080001
0.170887	0.0080001	0.00800008
0.170888	0.00800008	0.00800007
0.170888	0.00800007	0.00800006
0.170888	0.00800006	0.00800006
0.170888	0.00800006	0.00800005
0.170888	0.00800005	0.00800004
0.170888	0.00800004	0.00800004
0.170888	0.00800004	0.00800003
0.170888	0.00800003	0.00800003
0.170888	0.00800003	0.00800002
0.170987	0.00800002	0.00800002
0.170988	0.00800002	0.00800002
0.170988	0.00800002	0.00800001
0.170988	0.00800001	0.00800001
0.170988	0.00800001	0.00800001
0.170988	0.00800001	0.00800001
0.170988	0.00800001	0.00800001
0.170988	0.00800001	0.00800001
0.170988	0.00800001	0.008
0.170988	0.008	0.008
0.170988	0.008	0.008
0.171087	0.008	0.008125
0.171088	0.008125	0.00823438
0.171088	0.00823438	0.00833008
0.171088	0.00833008	0.00841382
0.171088	0.00841382	0.00848709
0.171088	0.00848709	0.0085512
0.171088	0.0085512	0.0086073
0.171088	0.0086073	0.00865639
0.171088	0.00865639	0.00869934
0.171088	0.00869934	0.00873692
0.171088	0.00873692	0.00876981
0.171187	0.00876981	0.00879858
0.171188	0.00879858	0.00882376
0.171188	0.00882376	0.00884579
0.171188	0.00884579	0.00886506
0.171188	0.00886506	0.00888193
0.171188	0.00888193	0.00889669
0.171188	0.00889669	0.0089096
0.171188	0.0089096	0.0089209
0.171188	0.0089209	0.00893079
0.171188	0.00893079	0.00893944
0.171188	0.00893944	0.00894701
0.171287	0.00894701	0.00895363
0.171288	0.00895363	0.00895943
0.171288	0.00895943	0.0089645
0.171288	0.0089645	0.00896894
0.171288	0.00896894	0.00897282
0.171288	0.00897282	0.00897622
0.171288	0.00897622	0.00897919
0.171288	0.00897919	0.00898179
0.171288	0.00898179	0.00898407
0.171288	0.00898407	0.00898606
0.171288	0.00898606	0.0089878
0.171487	0.0089878	0.00898932
0.171488	0.00898932	0.00899066
0.171488	0.00899066	0.00899183
0.171488	0.00899183	0.00899285
0.171488	0.00899285	0.00899374
0.171488	0.00899374	0.00899452
0.171488	0.00899452	0.00899521
0.171488	0.00899521	0.0089958
0.171488	0.0089958	0.00899633
0.171488	0.00899633	0.00899679
0.171488	0.00899679	0.00899719
0.171488	0.00899719	0.00899754
0.171488	0.00899754	0.00899785
0.171488	0.00899785	0.00899811
0.171488	0.00899811	0.00899835
0.171489	0.00899835	0.00899856
0.171489	0.00899856	0.00899874
0.171489	0.00899874	0.00899889
0.171489	0.00899889	0.00899903
0.171489	0.00899903	0.00899915
0.171489	0.00899915	0.00899926
0.171489	0.00899926	0.00899935
0.171596	0.00899935	0.00899943
0.171596	0.00899943	0.0089995
0.171596	0.0089995	0.00899956
0.171596	0.00899956	0.00899962
0.171596	0.00899962	0.00899967
0.171596	0.00899967	0.00899971
0.171596	0.00899971	0.00899974
0.171596	0.00899974	0.00899977
0.171596	0.00899977	0.0089998
0.171596	0.0089998	0.00899983
0.171597	0.00899983	0.00899985
0.171896	0.00899985	0.00899987
0.171896	0.00899987	0.00899988
0.171896	0.00899988	0.0089999
0.171896	0.0089999	0.00899991
0.171896	0.00899991	0.00899992
0.171896	0.00899992	0.00899993
0.171896	0.00899993	0.00899994
0.171896	0.00899994	0.00899995
0.171896	0.00899995	0.00899995
0.171896	0.00899995	0.00899996
0.171897	0.00899996	0.00899996
0.171897	0.00899996	0.00899997
0.171897	0.00899997	0.00899997
0.171897	0.00899997	0.00899997
0.171897	0.00899997	0.00899998
0.171897	0.00899998	0.00899998
0.171897	0.00899998	0.00899998
0.171897	0.00899998	0.00899998
0.171897	0.00899998	0.00899999
0.171897	0.00899999	0.00899999
0.171897	0.00899999	0.00899999
0.171897	0.00899999	0.00899999
0.171987	0.00899999	0.00899999
0.171988	0.00899999	0.00899999
0.171988	0.00899999	0.00899999
0.171988	0.00899999	0.00899999
0.171988	0.00899999	0.00899999
0.172196	0.00899999	0.00912499
0.172196	0.00912499	0.00923437
0.172196	0.00923437	0.00933007
0.172196	0.00933007	0.00941381
0.172196	0.00941381	0.00948709
0.172196	0.00948709	0.0095512
0.172196	0.0095512	0.0096073
0.172196	0.0096073	0.00965639
0.172196	0.00965639	0.00969934
0.172196	0.00969934	0.00973692
0.172197	0.00973692	0.0097698
0.172197	0.0097698	0.00979858
0.172197	0.00979858	0.00982376
0.172197	0.00982376	0.00984579
0.172197	0.00984579	0.00986506
0.172197	0.00986506	0.00988193
0.172197	0.00988193	0.00989669
0.172197	0.00989669	0.0099096
0.172197	0.0099096	0.0099209
0.172197	0.0099209	0.00993079
0.172197	0.00993079	0.00993944
0.172197	0.00993944	0.00994701
0.172197	0.00994701	0.00995363
0.172197	0.00995363	0.00995943
0.172198	0.00995943	0.0099645
0.172198	0.0099645	0.00996894
0.172487	0.00996894	0.00997282
0.172488	0.00997282	0.00997622
0.172488	0.00997622	0.00997919
0.172488	0.00997919	0.00998179
0.172488	0.00998179	0.00998407
0.172488	0.00998407	0.00998606
0.172488	0.00998606	0.0099878
0.172488	0.0099878	0.00998932
0.172488	0.00998932	0.00999066
0.172488	0.00999066	0.00999182
0.172488	0.00999182	0.00999285
0.172488	0.00999285	0.00999374
0.172488	0.00999374	0.00999452
0.172488	0.00999452	0.00999521
0.172488	0.00999521	0.0099958
0.172489	0.0099958	0.00999633
0.172489	0.00999633	0.00999679
0.172489	0.00999679	0.00999719
0.172489	0.00999719	0.00999754
0.172489	0.00999754	0.00999785
0.172489	0.00999785	0.00999812
0.172489	0.00999812	0.00999835
0.172489	0.00999835	0.00999856
0.172489	0.00999856	0.00999874
0.172489	0.00999874	0.00999889
0.172489	0.00999889	0.00999903
0.172489	0.00999903	0.00999915
0.172489	0.00999915	0.00999926
0.172587	0.00999926	0.00999935
0.172588	0.00999935	0.00999943
0.172588	0.00999943	0.0099995
0.172588	0.0099995	0.00999956
0.172588	0.00999956	0.00999962
0.172588	0.00999962	0.00999966
0.172588	0.00999966	0.00999971
0.172588	0.00999971	0.00999974
0.172588	0.00999974	0.00999977
0.172796	0.00999977	0.0099998
0.172796	0.0099998	0.00999983
0.172796	0.00999983	0.00999985
0.172796	0.00999985	0.00999987
0.172796	0.00999987	0.00999988
0.172796	0.00999988	0.0099999
0.172796	0.0099999	0.00999991
0.172796	0.00999991	0.00999992
0.172796	0.00999992	0.00999993
0.172796	0.00999993	0.00999994
0.172887	0.00999994	0.00999994
0.172888	0.00999994	0.00999995
0.172888	0.00999995	0.00999996
0.172888	0.00999996	0.00999996
0.172888	0.00999996	0.00999997
0.172888	0.00999997	0.00999997
0.172888	0.00999997	0.00999997
0.172888	0.00999997	0.00999998
0.172888	0.00999998	0.00999998
0.172888	0.00999998	0.00999998
0.172888	0.00999998	0.00999998
0.173096	0.00999998	0.010125
0.173096	0.010125	0.0102344
0.173096	0.0102344	0.0103301
0.173096	0.0103301	0.0104138
0.173096	0.0104138	0.0104871
0.173096	0.0104871	0.0105512
0.173096	0.0105512	0.0106073
0.173096	0.0106073	0.0106564
0.173096	0.0106564	0.0106993
0.173096	0.0106993	0.0107369
0.173097	0.0107369	0.0107698
0.173097	0.0107698	0.0107986
0.173097	0.0107986	0.0108238
0.173097	0.0108238	0.0108458
0.173097	0.0108458	0.0108651
0.173097	0.0108651	0.0108819
0.173097	0.0108819	0.0108967
0.173097	0.0108967	0.0109096
0.173097	0.0109096	0.0109209
0.173097	0.0109209	0.0109308
0.173097	0.0109308	0.0109394
0.173097	0.0109394	0.010947
0.173097	0.010947	0.0109536
0.173097	0.0109536	0.0109594
0.173098	0.0109594	0.0109645
0.173296	0.0109645	0.0109689
0.173296	0.0109689	0.0109728
0.173296	0.0109728	0.0109762
0.173296	0.0109762	0.0109792
0.173296	0.0109792	0.0109818
0.173296	0.0109818	0.0109841
0.173296	0.0109841	0.0109861
0.173296	0.0109861	0.0109878
0.173296	0.0109878	0.0109893
0.173296	0.0109893	0.0109907
0.173297	0.0109907	0.0109918
0.173297	0.0109918	0.0109928
0.173297	0.0109928	0.0109937
0.173297	0.0109937	0.0109945
0.173297	0.0109945	0.0109952
0.173297	0.0109952	0.0109958
0.173297	0.0109958	0.0109963
0.173297	0.0109963	0.0109968
0.173297	0.0109968	0.0109972
0.173297	0.0109972	0.0109975
0.173297	0.0109975	0.0109978
0.173297	0.0109978	0.0109981
0.173596	0.0109981	0.0109984
0.173596	0.0109984	0.0109986
0.173596	0.0109986	0.0109987
0.173596	0.0109987	0.0109989
0.173596	0.0109989	0.010999
0.173596	0.010999	0.0109992
0.173596	0.0109992	0.0109993
0.173596	0.0109993	0.0109993
0.173596	0.0109993	0.0109994
0.173596	0.0109994	0.0109995
0.173597	0.0109995	0.0109996
0.173597	0.0109996	0.0109996
0.173597	0.0109996	0.0109997
0.173597	0.0109997	0.0109997
0.173597	0.0109997	0.0109997
0.173597	0.0109997	0.0109998
0.173597	0.0109998	0.0109998
0.173597	0.0109998	0.0109998
0.173597	0.0109998	0.0109998
0.173597	0.0109998	0.0109999
0.173597	0.0109999	0.0109999
0.173597	0.0109999	0.0109999
0.173597	0.0109999	0.0109999
0.173597	0.0109999	0.0109999
0.173598	0.0109999	0.0109999
0.173598	0.0109999	0.0109999
0.173598	0.0109999	0.0109999
0.173598	0.0109999	0.011
0.173598	0.011	0.011
0.173598	0.011	0.011
0.173598	0.011	0.011
0.173796	0.011	0.011
0.173796	0.011	0.011
0.173796	0.011	0.011
0.173796	0.011	0.011
0.173796	0.011	0.011
0.173796	0.011	0.011
0.173796	0.011	0.011
0.173796	0.011	0.011
0.173796	0.011	0.011
0.173796	0.011	0.011
0.173797	0.011	0.011
0.173797	0.011	0.011
0.173797	0.011	0.011
0.173797	0.011	0.011
0.173797	0.011	0.011
0.174192	0.011	0.011125
0.174192	0.011125	0.0112344
0.174192	0.0112344	0.0113301
0.174192	0.0113301	0.0114138
0.174192	0.0114138	0.0114871
0.174192	0.0114871	0.0115512
0.174192	0.0115512	0.0116073
0.174192	0.0116073	0.0116564
0.174192	0.0116564	0.0116993
0.174192	0.0116993	0.0117369
0.174192	0.0117369	0.0117698
0.174192	0.0117698	0.0117986
0.174193	0.0117986	0.0118238
0.174193	0.0118238	0.0118458
0.174193	0.0118458	0.0118651
0.174193	0.0118651	0.0118819
0.174193	0.0118819	0.0118967
0.174193	0.0118967	0.0119096
0.174193	0.0119096	0.0119209
0.174193	0.0119209	0.0119308
0.174193	0.0119308	0.0119394
0.174193	0.0119394	0.011947
0.174193	0.011947	0.0119536
0.174193	0.0119536	0.0119594
0.174296	0.0119594	0.0119645
0.174296	0.0119645	0.0119689
0.174296	0.0119689	0.0119728
0.174296	0.0119728	0.0119762
0.174296	0.0119762	0.0119792
0.174296	0.0119792	0.0119818
0.174296	0.0119818	0.0119841
0.174296	0.0119841	0.0119861
0.174296	0.0119861	0.0119878
0.174296	0.0119878	0.0119893
0.174297	0.0119893	0.0119907
0.174496	0.0119907	0.0119918
0.174496	0.0119918	0.0119928
0.174496	0.0119928	0.0119937
0.174496	0.0119937	0.0119945
0.174496	0.0119945	0.0119952
0.174496	0.0119952	0.0119958
0.174496	0.0119958	0.0119963
0.174496	0.0119963	0.0119968
0.174496	0.0119968	0.0118722
0.174496	0.0118722	0.0117632
0.174497	0.0117632	0.0116678
0.174497	0.0116678	0.0115843
0.174497	0.0115843	0.0115113
0.174497	0.0115113	0.0114474
0.174497	0.0114474	0.0113914
0.174497	0.0113914	0.0113425
0.174497	0.0113425	0.0112997
0.174497	0.0112997	0.0112622
0.174497	0.0112622	0.0112294
0.174497	0.0112294	0.0112008
0.174497	0.0112008	0.0111757
0.174587	0.0111757	0.0111537
0.174588	0.0111537	0.0111345
0.174588	0.0111345	0.0111177
0.174588	0.0111177	0.011103
0.174588	0.011103	0.0110901
0.174588	0.0110901	0.0110788
0.174588	0.0110788	0.011069
0.174787	0.011069	0.0110604
0.174788	0.0110604	0.0110528
0.174788	0.0110528	0.0110462
0.174788	0.0110462	0.0110404
0.174788	0.0110404	0.0110354
0.174788	0.0110354	0.011031
0.174788	0.011031	0.0110271
0.174788	0.0110271	0.0110237
0.174788	0.0110237	0.0110207
0.174892	0.0110207	0.0110181
0.174892	0.0110181	0.0110159
0.174892	0.0110159	0.0110139
0.174892	0.0110139	0.0110122
0.174892	0.0110122	0.0110106
0.174892	0.0110106	0.0110093
0.174892	0.0110093	0.0110081
0.175079	0.0110081	0.0111321
0.175079	0.0111321	0.0112406
0.175079	0.0112406	0.0113355
0.175079	0.0113355	0.0114186
0.175079	0.0114186	0.0114913
0.175079	0.0114913	0.0115549
0.17508	0.0115549	0.0116105
0.17508	0.0116105	0.0116592
0.17508	0.0116592	0.0117018
0.17508	0.0117018	0.0117391
0.17508	0.0117391	0.0117717
0.17508	0.0117717	0.0118002
0.17508	0.0118002	0.0118252
0.17508	0.0118252	0.011847
0.17508	0.011847	0.0118662
0.17508	0.0118662	0.0118829
0.175196	0.0118829	0.0118975
0.175196	0.0118975	0.0119103
0.175196	0.0119103	0.0119215
0.175196	0.0119215	0.0119314
0.175196	0.0119314	0.0119399
0.175196	0.0119399	0.0119474
0.175196	0.0119474	0.011954
0.175396	0.011954	0.0119598
0.175396	0.0119598	0.0119648
0.175396	0.0119648	0.0119692
0.175396	0.0119692	0.011973
0.175396	0.011973	0.0119764
0.175396	0.0119764	0.0119794
0.175396	0.0119794	0.0119819
0.175396	0.0119819	0.0119842
0.175396	0.0119842	0.0119862
0.175396	0.0119862	0.0119879
0.175397	0.0119879	0.0119894
0.175397	0.0119894	0.0119907
0.175397	0.0119907	0.0119919
0.175397	0.0119919	0.0119929
0.175397	0.0119929	0.0119938
0.175397	0.0119938	0.0119946
0.175696	0.0119946	0.0119952
0.175696	0.0119952	0.0119958
0.175696	0.0119958	0.0119964
0.175696	0.0119964	0.0119968
0.175696	0.0119968	0.0119972
0.175696	0.0119972	0.0119976
0.175696	0.0119976	0.0119979
0.175696	0.0119979	0.0119981
0.175696	0.0119981	0.0119984
0.175696	0.0119984	0.0119986
0.175697	0.0119986	0.0119987
0.175697	0.0119987	0.0119989
0.175697	0.0119989	0.011999
0.175697	0.011999	0.0119992
0.175697	0.0119992	0.0119993
0.175697	0.0119993	0.0119994
0.175697	0.0119994	0.0119994
0.175697	0.0119994	0.0119995
0.175697	0.0119995	0.0119996
0.175697	0.0119996	0.0119996
0.175697	0.0119996	0.0119997
0.175996	0.0119997	0.0119997
0.175996	0.0119997	0.0119997
0.175996	0.0119997	0.0119998
0.175996	0.0119998	0.0119998
0.175996	0.0119998	0.0119998
0.175996	0.0119998	0.0119998
0.175996	0.0119998	0.0119999
0.175996	0.0119999	0.0119999
0.175996	0.0119999	0.0119999
0.175996	0.0119999	0.0119999
0.175997	0.0119999	0.0119999
0.175997	0.0119999	0.0119999
0.175997	0.0119999	0.0119999
0.175997	0.0119999	0.0119999
0.175997	0.0119999	0.012
0.175997	0.012	0.012
0.175997	0.012	0.012
0.175997	0.012	0.012
0.175997	0.012	0.012
0.175997	0.012	0.012
0.175997	0.012	0.012
0.175997	0.012	0.012
0.175997	0.012	0.012
0.175997	0.012	0.012
0.175998	0.012	0.012
0.175998	0.012	0.012
0.175998	0.012	0.012
0.175998	0.012	0.012
0.175998	0.012	0.012
0.175998	0.012	0.012
0.175998	0.012	0.012
0.176096	0.012	0.012125
0.176096	0.012125	0.0122344
0.176096	0.0122344	0.0123301
0.176096	0.0123301	0.0124138
0.176096	0.0124138	0.0124871
0.176096	0.0124871	0.0125512
0.176096	0.0125512	0.0126073
0.176096	0.0126073	0.0126564
0.176096	0.0126564	0.0126993
0.176096	0.0126993	0.0127369
0.176097	0.0127369	0.0127698
0.176097	0.0127698	0.0127986
0.176097	0.0127986	0.0128238
0.176097	0.0128238	0.0128458
0.176097	0.0128458	0.0128651
0.176097	0.0128651	0.0128819
0.176097	0.0128819	0.0128967
0.176292	0.0128967	0.0129096
0.176292	0.0129096	0.0129209
0.176292	0.0129209	0.0129308
0.176292	0.0129308	0.0129394
0.176292	0.0129394	0.012947
0.176292	0.012947	0.0129536
0.176292	0.0129536	0.0129594
0.176292	0.0129594	0.0129645
0.176292	0.0129645	0.0129689
0.176292	0.0129689	0.0129728
0.176292	0.0129728	0.0129762
0.176292	0.0129762	0.0129792
0.176293	0.0129792	0.0129818
0.176293	0.0129818	0.0129841
