Tx 0.007 1 1 0 12 
Tx 0.008 1 2 0 12 
Tx 0.009 1 3 0 12 
Rx 0.01 1 1 0 12 2999999
Tx 0.01 1 4 0 12 
Rx 0.011 1 2 0 12 2999999
Tx 0.011 1 5 0 12 
Rx 0.012 1 3 0 12 2999999
Tx 0.012 1 6 0 12 
Rx 0.013 1 4 0 12 2999999
Rx 0.014 1 5 0 12 2999999
Rx 0.015 1 6 0 12 2999999
Tx 0.022 1 1 0 3 
Tx 0.023 1 2 0 3 
Tx 0.024 1 3 0 3 
Rx 0.025 1 1 0 3 2999999
Tx 0.025 1 4 0 3 
Rx 0.026 1 2 0 3 2999999
Tx 0.026 1 5 0 3 
Rx 0.027 1 3 0 3 2999999
Tx 0.027 1 6 0 3 
Rx 0.028 1 4 0 3 2999999
Tx 0.0284 2 1 0 12 
Tx 0.0284 2 2 0 12 
Tx 0.0284 2 3 0 12 
Rx 0.0287083 2 1 0 12 308319
Rx 0.0287125 2 2 0 12 312479
Rx 0.0287166 2 3 0 12 316639
Rx 0.029 1 5 0 3 2999999
Rx 0.03 1 6 0 3 2999999
Tx 0.0334 2 4 0 12 
Tx 0.0334 2 5 0 12 
Tx 0.0334 2 6 0 12 
Rx 0.0337083 2 4 0 12 308319
Rx 0.0337125 2 5 0 12 312479
Rx 0.0337166 2 6 0 12 316639
Tx 0.037 1 1 1 43 
Tx 0.038 1 2 1 43 
Tx 0.039 1 3 1 43 
Tx 0.04 1 4 1 43 
Tx 0.041 1 5 1 43 
Tx 0.042 1 6 1 43 
Tx 0.063 1 3 1 19 
Tx 0.063 1 3 1 19 
Tx 0.067 1 1 1 19 
Tx 0.067 1 1 1 19 
Tx 0.068 1 2 1 19 
Tx 0.068 1 2 1 19 
Tx 0.07 1 4 1 19 
Tx 0.07 1 4 1 19 
Tx 0.071 1 5 1 19 
Tx 0.071 1 5 1 19 
Tx 0.072 1 6 1 19 
Tx 0.072 1 6 1 19 
Tx 0.1021 2 4 3 62 
Tx 0.107 2 4 3 1514 
Tx 0.1119 2 4 3 2914 
Tx 0.1168 2 4 3 5825 
Tx 0.1217 2 4 3 11646 
Tx 0.1221 2 2 3 62 
Tx 0.1226 2 4 3 5 
Tx 0.1266 2 4 3 20370 
Tx 0.127 2 2 3 1514 
Tx 0.1275 2 4 3 2925 
Tx 0.1301 2 1 3 62 
Tx 0.1315 2 4 3 37818 
Tx 0.1323 2 2 3 2914 
Tx 0.1324 2 4 3 8765 
Tx 0.1364 2 4 3 39184 
Tx 0.1365 2 4 3 33533 
Tx 0.1372 2 2 3 5825 
Tx 0.1373 2 4 3 20435 
Tx 0.1393 2 4 3 15 
Tx 0.1413 2 4 3 39176 
Tx 0.1414 2 4 3 39184 
Tx 0.1415 2 4 3 39184 
Tx 0.1416 2 4 3 25011 
Tx 0.1421 2 6 3 62 
Tx 0.1422 2 4 3 39184 
Tx 0.1428 2 2 3 11646 
Tx 0.1437 2 2 3 5 
Tx 0.1442 2 4 3 4590 
Tx 0.1462 2 4 3 37397 
Tx 0.1463 2 4 3 39184 
Tx 0.1464 2 4 3 39184 
Tx 0.1465 2 4 3 39184 
Tx 0.1466 2 4 3 39184 
Tx 0.1467 2 4 3 37405 
Tx 0.1468 2 4 3 35622 
Tx 0.1469 2 4 3 9216 
Tx 0.147 2 6 3 1514 
Tx 0.1471 2 4 3 35622 
Tx 0.1473 2 4 3 11527 
Tx 0.1477 2 2 3 17032 
Tx 0.1478 2 2 3 3341 
Tx 0.1486 2 2 3 2926 
Tx 0.1491 2 4 3 37397 
Tx 0.1492 2 4 3 11693 
Tx 0.1501 2 5 3 62 
Tx 0.1511 2 4 3 4414 
Tx 0.1512 2 4 3 39184 
Tx 0.1513 2 4 3 39184 
Tx 0.1514 2 4 3 39184 
Tx 0.1515 2 4 3 39184 
Tx 0.1516 2 4 3 37405 
Tx 0.1517 2 4 3 35622 
Tx 0.1518 2 4 3 35622 
Tx 0.1519 2 4 3 28495 
Tx 0.1519 2 6 3 2914 
Tx 0.152 2 4 3 37405 
Tx 0.1522 2 4 3 37405 
Tx 0.1523 2 4 3 37405 
Tx 0.1524 2 4 3 35622 
Tx 0.1525 2 4 3 39184 
Tx 0.1526 2 4 3 37405 
Tx 0.1527 2 4 3 39184 
Tx 0.1528 2 4 3 23360 
Tx 0.153 2 2 3 13933 
Tx 0.1531 2 2 3 14708 
Tx 0.1532 2 4 3 16019 
Tx 0.1532 2 2 3 9183 
Tx 0.1533 2 4 3 21763 
Tx 0.1535 2 2 3 4401 
Tx 0.1536 2 2 3 4369 
Tx 0.1538 2 4 3 35 
Tx 0.154 2 4 3 39184 
Tx 0.1541 2 4 3 37405 
Tx 0.1543 2 4 3 3518 
Tx 0.156 2 4 3 39176 
Tx 0.1561 2 4 3 37405 
Tx 0.1562 2 4 3 39184 
Tx 0.1563 2 4 3 39184 
Tx 0.1564 2 4 3 39184 
Tx 0.1565 2 4 3 35622 
Tx 0.1566 2 4 3 35622 
Tx 0.1567 2 4 3 33840 
Tx 0.1568 2 4 3 24933 
Tx 0.1568 2 6 3 4369 
Tx 0.1569 2 6 3 1458 
Tx 0.1569 2 4 3 33840 
Tx 0.1571 2 4 3 37405 
Tx 0.1572 2 4 3 35622 
Tx 0.1573 2 4 3 37405 
Tx 0.1574 2 4 3 33840 
Tx 0.1575 2 4 3 39184 
Tx 0.1576 2 4 3 37405 
Tx 0.1577 2 4 3 35622 
Tx 0.1578 2 4 3 35622 
Tx 0.1579 2 4 3 16027 
Tx 0.1579 2 2 3 8511 
Tx 0.158 2 2 3 9286 
Tx 0.1581 2 4 3 16027 
Tx 0.1581 2 2 3 9286 
Tx 0.1582 2 4 3 16027 
Tx 0.1582 2 2 3 7428 
Tx 0.1583 2 4 3 10682 
Tx 0.1584 2 4 3 19589 
Tx 0.1584 2 2 3 6809 
Tx 0.1585 2 4 3 16027 
Tx 0.1585 2 2 3 6187 
Tx 0.1586 2 4 3 16027 
Tx 0.1586 2 2 3 6187 
Tx 0.1587 2 4 3 17806 
Tx 0.1587 2 2 3 6187 
Tx 0.1588 2 4 3 16027 
Tx 0.1588 2 2 3 7428 
Tx 0.1589 2 4 3 16027 
Tx 0.1589 2 2 3 6187 
Tx 0.159 2 2 3 6179 
Tx 0.1591 2 2 3 6809 
Tx 0.1591 2 4 3 17806 
Tx 0.1592 2 4 3 16027 
Tx 0.1592 2 2 3 6187 
Tx 0.1593 2 4 3 35622 
Tx 0.1593 2 2 3 524 
Tx 0.1594 2 4 3 37405 
Tx 0.1595 2 4 3 37405 
Tx 0.1596 2 4 3 35622 
Tx 0.1597 2 4 3 35622 
Tx 0.1598 2 4 3 39184 
Tx 0.1599 2 4 3 37405 
Tx 0.1601 2 4 3 39184 
Tx 0.1602 2 4 3 35622 
Tx 0.1603 2 4 3 35622 
Tx 0.1603 2 2 3 19 
Tx 0.1604 2 4 3 35622 
Tx 0.1605 2 4 3 39184 
Tx 0.1606 2 4 3 37405 
Tx 0.1607 2 4 3 35622 
Tx 0.1608 2 4 3 23056 
Tx 0.1609 2 4 3 33840 
Tx 0.1611 2 4 3 35622 
Tx 0.1612 2 4 3 37405 
Tx 0.1613 2 4 3 37405 
Tx 0.1614 2 4 3 39184 
Tx 0.1615 2 4 3 37405 
Tx 0.1616 2 4 3 35622 
Tx 0.1617 2 4 3 28495 
Tx 0.1617 2 6 3 4369 
Tx 0.1618 2 6 3 7280 
Tx 0.1618 2 4 3 17806 
Tx 0.1619 2 4 3 33840 
Tx 0.1621 2 4 3 37405 
Tx 0.1622 2 4 3 37405 
Tx 0.1623 2 4 3 35622 
Tx 0.1624 2 4 3 37405 
Tx 0.1625 2 4 3 39184 
Tx 0.1626 2 4 3 35622 
Tx 0.1627 2 4 3 35622 
Tx 0.1628 2 4 3 39184 
Tx 0.1629 2 4 3 33840 
Tx 0.163 2 2 3 8503 
Tx 0.1631 2 4 3 19589 
Tx 0.1631 2 2 3 7737 
Tx 0.1632 2 2 3 8511 
Tx 0.1632 2 4 3 17806 
Tx 0.1633 2 4 3 16027 
Tx 0.1633 2 2 3 8511 
Tx 0.1634 2 4 3 19589 
Tx 0.1634 2 2 3 7737 
Tx 0.1635 2 2 3 8511 
Tx 0.1635 2 4 3 17806 
Tx 0.1636 2 4 3 19589 
Tx 0.1636 2 2 3 7737 
Tx 0.1637 2 2 3 6962 
Tx 0.1637 2 4 3 17806 
Tx 0.1638 2 2 3 8511 
Tx 0.1638 2 4 3 17806 
Tx 0.1639 2 4 3 19589 
Tx 0.1639 2 2 3 7737 
Tx 0.1641 2 4 3 16027 
Tx 0.1641 2 2 3 7737 
Tx 0.1642 2 4 3 19589 
Tx 0.1642 2 2 3 7737 
Tx 0.1643 2 2 3 8511 
Tx 0.1643 2 4 3 17806 
Tx 0.1644 2 4 3 19589 
Tx 0.1644 2 2 3 7737 
Tx 0.1645 2 2 3 6962 
Tx 0.1645 2 4 3 21371 
Tx 0.1646 2 2 3 8511 
Tx 0.1646 2 4 3 17806 
Tx 0.1647 2 4 3 19589 
Tx 0.1647 2 2 3 7737 
Tx 0.1648 2 2 3 6962 
Tx 0.1648 2 4 3 17806 
Tx 0.1649 2 2 3 6317 
Tx 0.1649 2 4 3 19589 
Tx 0.1651 2 2 3 8503 
Tx 0.1651 2 4 3 17806 
Tx 0.1652 2 4 3 33840 
Tx 0.1652 2 2 3 111 
Tx 0.1653 2 2 3 6962 
Tx 0.1653 2 4 3 21371 
Tx 0.1654 2 2 3 8511 
Tx 0.1654 2 4 3 17806 
Tx 0.1655 2 4 3 19589 
Tx 0.1655 2 2 3 7737 
Tx 0.1656 2 2 3 5893 
Tx 0.1656 2 4 3 19589 
Tx 0.1657 2 4 3 35622 
Tx 0.1658 2 4 3 37405 
Tx 0.1659 2 4 3 37405 
Tx 0.1661 2 4 3 37405 
Tx 0.1662 2 2 3 26 
Tx 0.1662 2 4 3 35622 
Tx 0.1663 2 4 3 39184 
Tx 0.1664 2 4 3 35622 
Tx 0.1665 2 4 3 35622 
Tx 0.1666 2 4 3 28495 
Tx 0.1666 2 6 3 4369 
Tx 0.1667 2 6 3 6962 
Tx 0.1667 2 4 3 17806 
Tx 0.1668 2 6 3 7737 
Tx 0.1668 2 4 3 17806 
Tx 0.1669 2 6 3 4223 
Tx 0.1669 2 4 3 26716 
Tx 0.1671 2 4 3 19589 
Tx 0.1672 2 4 3 39184 
Tx 0.1673 2 4 3 35622 
Tx 0.1674 2 4 3 35622 
Tx 0.1675 2 4 3 37405 
Tx 0.1676 2 4 3 35622 
Tx 0.1677 2 6 3 14 
Tx 0.1677 2 4 3 33840 
Tx 0.1678 2 2 3 4369 
Tx 0.1678 2 4 3 28495 
Tx 0.1679 2 2 3 8511 
Tx 0.1679 2 4 3 17806 
Tx 0.168 2 2 3 8511 
Tx 0.1681 2 4 3 19589 
Tx 0.1681 2 2 3 8511 
Tx 0.1682 2 4 3 14244 
Tx 0.1682 2 2 3 6962 
Tx 0.1683 2 4 3 16027 
Tx 0.1683 2 2 3 7737 
Tx 0.1684 2 4 3 16027 
Tx 0.1684 2 2 3 6962 
Tx 0.1685 2 4 3 16027 
Tx 0.1685 2 2 3 7737 
Tx 0.1686 2 4 3 16027 
Tx 0.1686 2 2 3 7737 
Tx 0.1687 2 4 3 16027 
Tx 0.1687 2 2 3 7737 
Tx 0.1688 2 4 3 16027 
Tx 0.1689 2 4 3 16027 
Tx 0.1689 2 2 3 7737 
Tx 0.169 2 2 3 7737 
Tx 0.1691 2 4 3 16027 
Tx 0.1691 2 2 3 7737 
Tx 0.1692 2 4 3 16027 
Tx 0.1692 2 2 3 9286 
Tx 0.1693 2 4 3 16027 
Tx 0.1693 2 2 3 7737 
Tx 0.1694 2 4 3 19589 
Tx 0.1694 2 2 3 7737 
Tx 0.1695 2 2 3 8511 
Tx 0.1695 2 4 3 17806 
Tx 0.1696 2 4 3 16027 
Tx 0.1696 2 2 3 7737 
Tx 0.1697 2 4 3 12462 
Tx 0.1697 2 2 3 5413 
Tx 0.1698 2 4 3 12462 
Tx 0.1699 2 2 3 5413 
Tx 0.1699 2 4 3 12462 
Tx 0.17 2 2 3 4638 
Tx 0.1701 2 4 3 14244 
Tx 0.1701 2 2 3 6962 
Tx 0.1701 2 3 3 62 
Tx 0.1702 2 4 3 16027 
Tx 0.1702 2 2 3 7737 
Tx 0.1703 2 4 3 19589 
Tx 0.1703 2 2 3 7737 
Tx 0.1704 2 2 3 8511 
Tx 0.1704 2 4 3 17806 
Tx 0.1705 2 4 3 16027 
Tx 0.1705 2 2 3 7737 
Tx 0.1706 2 4 3 16027 
Tx 0.1706 2 2 3 6962 
Tx 0.1707 2 2 3 8511 
Tx 0.1707 2 4 3 17806 
Tx 0.1708 2 4 3 19589 
Tx 0.1709 2 2 3 8511 
Tx 0.1709 2 4 3 17806 
Tx 0.171 2 1 3 305 
Tx 0.171 2 2 3 4638 
Tx 0.1711 2 4 3 12462 
Tx 0.1711 2 1 3 356 
Tx 0.1711 2 2 3 5413 
Tx 0.1712 2 4 3 12462 
Tx 0.1712 2 1 3 356 
Tx 0.1712 2 2 3 5413 
Tx 0.1713 2 1 3 509 
Tx 0.1713 2 2 3 6962 
Tx 0.1713 2 4 3 19589 
Tx 0.1714 2 2 3 6962 
Tx 0.1714 2 4 3 17806 
Tx 0.1715 2 2 3 7737 
Tx 0.1715 2 4 3 17806 
Tx 0.1716 2 2 3 6187 
Tx 0.1716 2 4 3 16027 
Tx 0.1717 2 2 3 6962 
Tx 0.1717 2 4 3 19589 
Tx 0.1718 2 4 3 10682 
Tx 0.1718 2 6 3 5413 
Tx 0.1719 2 2 3 4638 
Tx 0.1719 2 4 3 10682 
Tx 0.1719 2 6 3 5413 
Tx 0.172 2 2 3 4638 
Tx 0.172 2 6 3 4638 
Tx 0.1721 2 2 3 5413 
Tx 0.1721 2 4 3 12462 
Tx 0.1721 2 6 3 5413 
Tx 0.1722 2 6 3 4638 
Tx 0.1722 2 2 3 4638 
Tx 0.1722 2 4 3 10682 
Tx 0.1723 2 6 3 4638 
Tx 0.1723 2 2 3 4638 
Tx 0.1723 2 4 3 12462 
Tx 0.1724 2 6 3 4638 
Tx 0.1724 2 2 3 4638 
Tx 0.1724 2 4 3 10682 
Tx 0.1725 2 6 3 4638 
Tx 0.1725 2 2 3 4638 
Tx 0.1725 2 4 3 10682 
Tx 0.1726 2 6 3 4235 
Tx 0.1726 2 2 3 3711 
Tx 0.1726 2 4 3 12462 
Tx 0.1727 2 6 3 2953 
Tx 0.1727 2 2 3 3711 
Tx 0.1727 2 4 3 10682 
Tx 0.1728 2 4 3 17806 
Tx 0.1729 2 4 3 12462 
Tx 0.173 2 2 3 6809 
Tx 0.1731 2 4 3 16027 
Tx 0.1731 2 2 3 7428 
Tx 0.1732 2 4 3 19589 
Tx 0.1732 2 2 3 8511 
Tx 0.1733 2 4 3 16027 
Tx 0.1733 2 2 3 8511 
Tx 0.1734 2 2 3 6962 
Tx 0.1734 2 4 3 17806 
Tx 0.1735 2 2 3 6962 
Tx 0.1735 2 4 3 21371 
Tx 0.1736 2 2 3 6962 
Tx 0.1736 2 4 3 17806 
Tx 0.1737 2 2 3 6962 
Tx 0.1737 2 4 3 17806 
Tx 0.1738 2 4 3 17806 
Tx 0.1739 2 2 3 6962 
Tx 0.1739 2 4 3 17806 
Tx 0.174 2 2 3 6962 
Tx 0.1741 2 2 3 6962 
Tx 0.1741 2 4 3 21371 
Tx 0.1742 2 2 3 8511 
Tx 0.1742 2 4 3 17806 
Tx 0.1743 2 4 3 16027 
Tx 0.1743 2 2 3 7737 
Tx 0.1744 2 4 3 19589 
Tx 0.1744 2 2 3 7737 
Tx 0.1745 2 2 3 8511 
Tx 0.1745 2 4 3 17806 
Tx 0.1746 2 4 3 19589 
Tx 0.1746 2 2 3 7737 
Tx 0.1747 2 2 3 6962 
Tx 0.1747 2 4 3 16027 
Tx 0.1748 2 4 3 16027 
Tx 0.1749 2 4 3 19589 
Tx 0.1749 2 2 3 7737 
Tx 0.175 2 2 3 7737 
Tx 0.1751 2 2 3 6962 
Tx 0.1751 2 4 3 17806 
Tx 0.1752 2 2 3 8511 
Tx 0.1752 2 4 3 19589 
Tx 0.1753 2 2 3 8511 
Tx 0.1753 2 4 3 17806 
Tx 0.1754 2 4 3 16027 
Tx 0.1754 2 2 3 7737 
Tx 0.1755 2 4 3 19589 
Tx 0.1755 2 2 3 8511 
Tx 0.1756 2 4 3 16027 
Tx 0.1756 2 2 3 6962 
Tx 0.1757 2 2 3 6187 
Tx 0.1757 2 4 3 14244 
Tx 0.1758 2 4 3 16027 
Tx 0.1759 2 4 3 16027 
Tx 0.1759 2 2 3 7737 
Tx 0.176 2 2 3 7737 
Tx 0.1761 2 4 3 16027 
Tx 0.1761 2 2 3 7737 
Tx 0.1762 2 4 3 16027 
Tx 0.1762 2 2 3 7737 
Tx 0.1763 2 4 3 16027 
Tx 0.1763 2 2 3 7737 
Tx 0.1764 2 4 3 19589 
Tx 0.1764 2 2 3 7737 
Tx 0.1765 2 2 3 6962 
Tx 0.1765 2 4 3 17806 
Tx 0.1766 2 2 3 6962 
Tx 0.1766 2 4 3 17806 
Tx 0.1767 2 2 3 5413 
Tx 0.1767 2 4 3 12462 
Tx 0.1767 2 6 3 5413 
Tx 0.1768 2 4 3 12462 
Tx 0.1768 2 6 3 5413 
Tx 0.1769 2 6 3 4638 
Tx 0.1769 2 2 3 4638 
Tx 0.1769 2 4 3 10682 
Tx 0.177 2 6 3 5413 
Tx 0.177 2 2 3 5413 
Tx 0.1771 2 4 3 10682 
Tx 0.1771 2 6 3 4638 
Tx 0.1771 2 2 3 4638 
Tx 0.1772 2 4 3 10682 
Tx 0.1772 2 6 3 4638 
Tx 0.1772 2 2 3 5413 
Tx 0.1773 2 4 3 10682 
Tx 0.1773 2 6 3 4638 
Tx 0.1773 2 2 3 4638 
Tx 0.1774 2 4 3 10682 
Tx 0.1774 2 6 3 4638 
Tx 0.1774 2 2 3 4638 
Tx 0.1775 2 4 3 10682 
Tx 0.1775 2 6 3 4638 
Tx 0.1775 2 2 3 5413 
Tx 0.1776 2 4 3 10682 
Tx 0.1776 2 6 3 4630 
Tx 0.1776 2 2 3 4638 
Tx 0.1777 2 4 3 10682 
Tx 0.1777 2 6 3 4638 
Tx 0.1777 2 2 3 4638 
Tx 0.1778 2 4 3 10682 
Tx 0.1778 2 6 3 4638 
Tx 0.1779 2 4 3 10682 
Tx 0.1779 2 6 3 4638 
Tx 0.1779 2 2 3 4638 
Tx 0.178 2 6 3 3711 
Tx 0.178 2 2 3 4638 
Tx 0.1781 2 4 3 14244 
Tx 0.1781 2 6 3 673 
Tx 0.1781 2 2 3 6962 
Tx 0.1782 2 4 3 16027 
Tx 0.1782 2 2 3 7737 
Tx 0.1783 2 4 3 12462 
Tx 0.1783 2 2 3 5413 
Tx 0.1784 2 2 3 8511 
Tx 0.1784 2 4 3 17806 
Tx 0.1785 2 4 3 16027 
Tx 0.1785 2 2 3 7737 
Tx 0.1786 2 4 3 16027 
Tx 0.1786 2 2 3 7737 
Tx 0.1787 2 4 3 16027 
Tx 0.1787 2 2 3 9286 
Tx 0.1788 2 4 3 16027 
Tx 0.1789 2 4 3 16027 
Tx 0.1789 2 2 3 7737 
Tx 0.179 2 2 3 8511 
Tx 0.1791 2 4 3 16027 
Tx 0.1791 2 6 3 26 
Tx 0.1791 2 2 3 7737 
Tx 0.1792 2 4 3 16027 
Tx 0.1792 2 2 3 8511 
Tx 0.1793 2 4 3 19589 
Tx 0.1793 2 2 3 8511 
Tx 0.1794 2 4 3 10682 
Tx 0.1794 2 6 3 4369 
Tx 0.1794 2 2 3 4638 
Tx 0.1795 2 4 3 10682 
Tx 0.1795 2 6 3 4638 
Tx 0.1795 2 2 3 4638 
Tx 0.1796 2 4 3 10682 
Tx 0.1796 2 6 3 4638 
Tx 0.1796 2 2 3 4638 
Tx 0.1797 2 4 3 10682 
Tx 0.1797 2 6 3 4638 
Tx 0.1797 2 2 3 4638 
Tx 0.1798 2 4 3 10682 
Tx 0.1798 2 6 3 4638 
Tx 0.1799 2 4 3 10682 
Tx 0.1799 2 6 3 3284 
Tx 0.1799 2 2 3 4638 
Tx 0.18 2 2 3 7737 
Tx 0.1801 2 4 3 16027 
Tx 0.1801 2 2 3 7737 
Tx 0.1802 2 4 3 16027 
Tx 0.1802 2 2 3 9286 
Tx 0.1803 2 4 3 16027 
Tx 0.1803 2 6 3 21 
Tx 0.1803 2 2 3 7737 
Tx 0.1804 2 4 3 16027 
Tx 0.1804 2 2 3 7737 
Tx 0.1805 2 4 3 19589 
Tx 0.1805 2 2 3 8511 
Tx 0.1806 2 4 3 16027 
Tx 0.1806 2 2 3 7737 
Tx 0.1807 2 4 3 16027 
Tx 0.1807 2 2 3 7737 
Tx 0.1808 2 4 3 16027 
Tx 0.1809 2 4 3 16027 
Tx 0.1809 2 2 3 7737 
Tx 0.181 2 2 3 7737 
Tx 0.1811 2 2 3 8511 
Tx 0.1811 2 4 3 17806 
Tx 0.1812 2 4 3 16027 
Tx 0.1812 2 2 3 7737 
Tx 0.1813 2 4 3 19589 
Tx 0.1813 2 2 3 7737 
Tx 0.1814 2 2 3 8511 
Tx 0.1814 2 4 3 17806 
Tx 0.1815 2 4 3 19589 
Tx 0.1815 2 2 3 7737 
Tx 0.1816 2 2 3 4638 
Tx 0.1816 2 4 3 10682 
Tx 0.1816 2 6 3 5405 
Tx 0.1817 2 2 3 5413 
Tx 0.1817 2 4 3 10682 
Tx 0.1817 2 6 3 5413 
Tx 0.1818 2 4 3 12462 
Tx 0.1818 2 6 3 5413 
Tx 0.1819 2 4 3 12462 
Tx 0.1819 2 6 3 5413 
Tx 0.1819 2 2 3 5413 
Tx 0.182 2 6 3 4638 
Tx 0.182 2 2 3 4638 
Tx 0.1821 2 6 3 4638 
Tx 0.1821 2 2 3 4638 
Tx 0.1821 2 4 3 12462 
Tx 0.1822 2 6 3 4638 
Tx 0.1822 2 2 3 4638 
Tx 0.1822 2 4 3 10682 
Tx 0.1823 2 6 3 4638 
Tx 0.1823 2 2 3 4638 
Tx 0.1823 2 4 3 10682 
Tx 0.1824 2 6 3 4638 
Tx 0.1824 2 2 3 4638 
Tx 0.1824 2 4 3 12462 
Tx 0.1825 2 6 3 4638 
Tx 0.1825 2 2 3 3711 
Tx 0.1825 2 4 3 10682 
Tx 0.1826 2 2 3 3711 
Tx 0.1826 2 4 3 10682 
Tx 0.1827 2 6 3 4638 
Tx 0.1827 2 2 3 3711 
Tx 0.1827 2 4 3 12462 
Tx 0.1828 2 6 3 4638 
Tx 0.1828 2 4 3 10682 
Tx 0.1829 2 6 3 4638 
Tx 0.1829 2 2 3 3711 
Tx 0.1829 2 4 3 10682 
Tx 0.183 2 6 3 5413 
Tx 0.183 2 2 3 4330 
Tx 0.1831 2 4 3 10682 
Tx 0.1831 2 6 3 4638 
Tx 0.1831 2 2 3 4330 
Tx 0.1832 2 4 3 10682 
Tx 0.1832 2 6 3 4638 
Tx 0.1832 2 2 3 3711 
Tx 0.1833 2 4 3 12462 
Tx 0.1833 2 6 3 5413 
Tx 0.1833 2 2 3 4330 
Tx 0.1834 2 4 3 10682 
Tx 0.1834 2 6 3 4638 
Tx 0.1834 2 2 3 4330 
Tx 0.1835 2 4 3 10682 
Tx 0.1835 2 6 3 4638 
Tx 0.1835 2 2 3 4638 
Tx 0.1836 2 4 3 12462 
Tx 0.1836 2 2 3 5413 
Tx 0.1837 2 4 3 10682 
Tx 0.1837 2 6 3 4638 
Tx 0.1837 2 2 3 5413 
Tx 0.1838 2 4 3 10682 
Tx 0.1838 2 6 3 4638 
Tx 0.1839 2 4 3 12462 
Tx 0.1839 2 6 3 5413 
Tx 0.1839 2 2 3 5413 
