0.107308	1400
0.112212	1400
0.112212	1400
0.117121	1400
0.117121	1400
0.117121	1400
0.117121	1400
0.122033	1400
0.122033	1400
0.122033	1400
0.122033	1400
0.122033	1400
0.122033	1400
0.122033	1400
0.122908	1400
0.126954	1400
0.126954	1400
0.126954	1400
0.126954	1400
0.126954	1400
0.126954	1400
0.126954	1400
0.126954	1400
0.126954	1400
0.126954	1400
0.126954	1400
0.126954	1400
0.126954	1400
0.127812	1400
0.127812	1400
0.127812	1400
0.131896	1400
0.131896	1400
0.131896	1400
0.131896	1400
0.131896	1400
0.131896	1400
0.131896	1400
0.131896	1400
0.131896	1400
0.131896	1400
0.131896	1400
0.131896	1400
0.131896	1400
0.131896	1400
0.131896	1400
0.131896	1400
0.131896	1400
0.131896	1400
0.131896	1400
0.131896	1400
0.131896	1400
0.131896	1400
0.131896	1400
0.131896	1400
0.131896	1400
0.132725	1400
0.132725	1400
0.132725	1400
0.132725	1400
0.132725	1400
0.132725	1400
0.132725	1400
0.136796	1400
0.136796	1400
0.136796	1400
0.136796	1400
0.136796	1400
0.136796	1400
0.136796	1400
0.136796	1400
0.136796	1400
0.136796	1400
0.136796	1400
0.136796	1400
0.136796	1400
0.136796	1400
0.136796	1400
0.136796	1400
0.136796	1400
0.136796	1400
0.136796	1400
0.136796	1400
0.136796	1400
0.136796	1400
0.136796	1400
0.136796	1400
0.136796	1400
0.136796	1400
0.136883	1400
0.136883	1400
0.136883	1400
0.136883	1400
0.136883	1400
0.136883	1400
0.136883	1400
0.136883	1400
0.136883	1400
0.136883	1400
0.136883	1400
0.136883	1400
0.136883	1400
0.136883	1400
0.136883	1400
0.136883	1400
0.136883	1400
0.136883	1400
0.136883	1400
0.136883	1400
0.136883	1400
0.136883	1400
0.136883	1400
0.137654	1400
0.137654	1400
0.137654	1400
0.137654	1400
0.137654	1400
0.137654	1400
0.137654	1400
0.137654	1400
0.137654	1400
0.137654	1400
0.137654	1400
0.137654	1400
0.137654	1400
0.137654	1400
0.139608	1400
0.141696	1400
0.141696	1400
0.141696	1400
0.141696	1400
0.141696	1400
0.141696	1400
0.141696	1400
0.141696	1400
0.141696	1400
0.141696	1400
0.141696	1400
0.141696	1400
0.141696	1400
0.141696	1400
0.141696	1400
0.141696	1400
0.141696	1400
0.141696	1400
0.141696	1400
0.141696	1400
0.141696	1400
0.141696	1400
0.141696	1400
0.141696	1400
0.141696	1400
0.141696	1400
0.141796	1400
0.141796	1400
0.141796	1400
0.141796	1400
0.141796	1400
0.141796	1400
0.141796	1400
0.141796	1400
0.141796	1400
0.141796	1400
0.141796	1400
0.141796	1400
0.141796	1400
0.141796	1400
0.141796	1400
0.141796	1400
0.141796	1400
0.141796	1400
0.141796	1400
0.141796	1400
0.141796	1400
0.141796	1400
0.141796	1400
0.141796	1400
0.141796	1400
0.141796	1400
0.141796	1400
0.141896	1400
0.141896	1400
0.141896	1400
0.141896	1400
0.141896	1400
0.141896	1400
0.141896	1400
0.141896	1400
0.141896	1400
0.141896	1400
0.141896	1400
0.141896	1400
0.141896	1400
0.141896	1400
0.141896	1400
0.141896	1400
0.141896	1400
0.141896	1400
0.141896	1400
0.141896	1400
0.141896	1400
0.141896	1400
0.141896	1400
0.141896	1400
0.141896	1400
0.141896	1400
0.141896	1400
0.141967	1400
0.141967	1400
0.141967	1400
0.141967	1400
0.141967	1400
0.141967	1400
0.141967	1400
0.141967	1400
0.141967	1400
0.141967	1400
0.141967	1400
0.141967	1400
0.141967	1400
0.141967	1400
0.141967	1400
0.141967	1400
0.141967	1400
0.142596	1400
0.142596	1400
0.142596	1400
0.142596	1400
0.142596	1400
0.142596	1400
0.142596	1400
0.142596	1400
0.142596	1400
0.142596	1400
0.142596	1400
0.142596	1400
0.142596	1400
0.142596	1400
0.142596	1400
0.142596	1400
0.142596	1400
0.142596	1400
0.142596	1400
0.142596	1400
0.142596	1400
0.142596	1400
0.142596	1400
0.142596	1400
0.142596	1400
0.142596	1400
0.142596	1400
0.144517	1400
0.144517	1400
0.144517	1400
0.144517	1400
0.146592	1400
0.146592	1400
0.146592	1400
0.146592	1400
0.146592	1400
0.146592	1400
0.146592	1400
0.146592	1400
0.146592	1400
0.146592	1400
0.146592	1400
0.146592	1400
0.146592	1400
0.146592	1400
0.146592	1400
0.146592	1400
0.146592	1400
0.146592	1400
0.146592	1400
0.146592	1400
0.146592	1400
0.146592	1400
0.146592	1400
0.146592	1400
0.146592	1400
0.146696	1400
0.146696	1400
0.146696	1400
0.146696	1400
0.146696	1400
0.146696	1400
0.146696	1400
0.146696	1400
0.146696	1400
0.146696	1400
0.146696	1400
0.146696	1400
0.146696	1400
0.146696	1400
0.146696	1400
0.146696	1400
0.146696	1400
0.146696	1400
0.146696	1400
0.146696	1400
0.146696	1400
0.146696	1400
0.146696	1400
0.146696	1400
0.146696	1400
0.146696	1400
0.146696	1400
0.146796	1400
0.146796	1400
0.146796	1400
0.146796	1400
0.146796	1400
0.146796	1400
0.146796	1400
0.146796	1400
0.146796	1400
0.146796	1400
0.146796	1400
0.146796	1400
0.146796	1400
0.146796	1400
0.146796	1400
0.146796	1400
0.146796	1400
0.146796	1400
0.146796	1400
0.146796	1400
0.146796	1400
0.146796	1400
0.146796	1400
0.146796	1400
0.146796	1400
0.146796	1400
0.146796	1400
0.146896	1400
0.146896	1400
0.146896	1400
0.146896	1400
0.146896	1400
0.146896	1400
0.146896	1400
0.146896	1400
0.146896	1400
0.146896	1400
0.146896	1400
0.146896	1400
0.146896	1400
0.146896	1400
0.146896	1400
0.146896	1400
0.146896	1400
0.146896	1400
0.146896	1400
0.146896	1400
0.146896	1400
0.146896	1400
0.146896	1400
0.146896	1400
0.146896	1400
0.146896	1400
0.146896	1400
0.146996	1400
0.146996	1400
0.146996	1400
0.146996	1400
0.146996	1400
0.146996	1400
0.146996	1400
0.146996	1400
0.146996	1400
0.146996	1400
0.146996	1400
0.146996	1400
0.146996	1400
0.146996	1400
0.146996	1400
0.146996	1400
0.146996	1400
0.146996	1400
0.146996	1400
0.146996	1400
0.146996	1400
0.146996	1400
0.146996	1400
0.146996	1400
0.146996	1400
0.146996	1400
0.146996	1400
0.147092	1400
0.147092	1400
0.147092	1400
0.147092	1400
0.147092	1400
0.147092	1400
0.147092	1400
0.147092	1400
0.147092	1400
0.147092	1400
0.147092	1400
0.147092	1400
0.147092	1400
0.147092	1400
0.147092	1400
0.147092	1400
0.147092	1400
0.147092	1400
0.147092	1400
0.147092	1400
0.147092	1400
0.147092	1400
0.147092	1400
0.147092	1400
0.147092	1400
0.147092	1400
0.147187	1400
0.147187	1400
0.147187	1400
0.147187	1400
0.147187	1400
0.147187	1400
0.147187	1400
0.147187	1400
0.147187	1400
0.147187	1400
0.147187	1400
0.147187	1400
0.147187	1400
0.147187	1400
0.147187	1400
0.147187	1400
0.147187	1400
0.147187	1400
0.147187	1400
0.147187	1400
0.147187	1400
0.147187	1400
0.147187	1400
0.147187	1400
0.147229	1400
0.147229	1400
0.147229	1400
0.147229	1400
0.147229	1400
0.147229	1400
0.147487	1400
0.147487	1400
0.147487	1400
0.147487	1400
0.147487	1400
0.147487	1400
0.147487	1400
0.147487	1400
0.147487	1400
0.147487	1400
0.147487	1400
0.147487	1400
0.147487	1400
0.147487	1400
0.147487	1400
0.147487	1400
0.147487	1400
0.147487	1400
0.147487	1400
0.147487	1400
0.147487	1400
0.147487	1400
0.147487	1400
0.147487	1400
0.147487	1400
0.147633	1400
0.147633	1400
0.147633	1400
0.147633	1400
0.147633	1400
0.147633	1400
0.147633	1400
0.147633	1400
0.149492	1400
0.149492	1400
0.149492	1400
0.149492	1400
0.149492	1400
0.149492	1400
0.149492	1400
0.149492	1400
0.149492	1400
0.149492	1400
0.149492	1400
0.149492	1400
0.149492	1400
0.149492	1400
0.149492	1400
0.149492	1400
0.149492	1400
0.149492	1400
0.149492	1400
0.149492	1400
0.149492	1400
0.149492	1400
0.149492	1400
0.149492	1400
0.149492	1400
0.149533	1400
0.149533	1400
0.149533	1400
0.149533	1400
0.149533	1400
0.149533	1400
0.149533	1400
0.149533	1400
0.151417	1400
0.151417	1400
0.151417	1400
0.151417	1400
0.151596	1400
0.151596	1400
0.151596	1400
0.151596	1400
0.151596	1400
0.151596	1400
0.151596	1400
0.151596	1400
0.151596	1400
0.151596	1400
0.151596	1400
0.151596	1400
0.151596	1400
0.151596	1400
0.151596	1400
0.151596	1400
0.151596	1400
0.151596	1400
0.151596	1400
0.151596	1400
0.151596	1400
0.151596	1400
0.151596	1400
0.151596	1400
0.151596	1400
0.151596	1400
0.151696	1400
0.151696	1400
0.151696	1400
0.151696	1400
0.151696	1400
0.151696	1400
0.151696	1400
0.151696	1400
0.151696	1400
0.151696	1400
0.151696	1400
0.151696	1400
0.151696	1400
0.151696	1400
0.151696	1400
0.151696	1400
0.151696	1400
0.151696	1400
0.151696	1400
0.151696	1400
0.151696	1400
0.151696	1400
0.151696	1400
0.151696	1400
0.151696	1400
0.151696	1400
0.151696	1400
0.151796	1400
0.151796	1400
0.151796	1400
0.151796	1400
0.151796	1400
0.151796	1400
0.151796	1400
0.151796	1400
0.151796	1400
0.151796	1400
0.151796	1400
0.151796	1400
0.151796	1400
0.151796	1400
0.151796	1400
0.151796	1400
0.151796	1400
0.151796	1400
0.151796	1400
0.151796	1400
0.151796	1400
0.151796	1400
0.151796	1400
0.151796	1400
0.151796	1400
0.151796	1400
0.151796	1400
0.151896	1400
0.151896	1400
0.151896	1400
0.151896	1400
0.151896	1400
0.151896	1400
0.151896	1400
0.151896	1400
0.151896	1400
0.151896	1400
0.151896	1400
0.151896	1400
0.151896	1400
0.151896	1400
0.151896	1400
0.151896	1400
0.151896	1400
0.151896	1400
0.151896	1400
0.151896	1400
0.151896	1400
0.151896	1400
0.151896	1400
0.151896	1400
0.151896	1400
0.151896	1400
0.151896	1400
0.151992	1400
0.151992	1400
0.151992	1400
0.151992	1400
0.151992	1400
0.151992	1400
0.151992	1400
0.151992	1400
0.151992	1400
0.151992	1400
0.151992	1400
0.151992	1400
0.151992	1400
0.151992	1400
0.151992	1400
0.151992	1400
0.151992	1400
0.151992	1400
0.151992	1400
0.151992	1400
0.151992	1400
0.151992	1400
0.151992	1400
0.151992	1400
0.151992	1400
0.151992	1400
0.152087	1400
0.152087	1400
0.152087	1400
0.152087	1400
0.152087	1400
0.152087	1400
0.152087	1400
0.152087	1400
0.152087	1400
0.152087	1400
0.152087	1400
0.152087	1400
0.152087	1400
0.152087	1400
0.152087	1400
0.152087	1400
0.152087	1400
0.152087	1400
0.152087	1400
0.152087	1400
0.152087	1400
0.152087	1400
0.152087	1400
0.152087	1400
0.152187	1400
0.152187	1400
0.152187	1400
0.152187	1400
0.152187	1400
0.152187	1400
0.152187	1400
0.152187	1400
0.152187	1400
0.152187	1400
0.152187	1400
0.152187	1400
0.152187	1400
0.152187	1400
0.152187	1400
0.152187	1400
0.152187	1400
0.152187	1400
0.152187	1400
0.152187	1400
0.152187	1400
0.152187	1400
0.152187	1400
0.152187	1400
0.152187	1400
0.152271	1400
0.152271	1400
0.152271	1400
0.152271	1400
0.152271	1400
0.152271	1400
0.152271	1400
0.152271	1400
0.152271	1400
0.152271	1400
0.152271	1400
0.152271	1400
0.152271	1400
0.152271	1400
0.152271	1400
0.152271	1400
0.152271	1400
0.152271	1400
0.152271	1400
0.152392	1400
0.152392	1400
0.152392	1400
0.152392	1400
0.152392	1400
0.152392	1400
0.152392	1400
0.152392	1400
0.152392	1400
0.152392	1400
0.152392	1400
0.152392	1400
0.152392	1400
0.152392	1400
0.152392	1400
0.152392	1400
0.152392	1400
0.152392	1400
0.152392	1400
0.152392	1400
0.152392	1400
0.152392	1400
0.152392	1400
0.152392	1400
0.152392	1400
0.152392	1400
0.152592	1400
0.152592	1400
0.152592	1400
0.152592	1400
0.152592	1400
0.152592	1400
0.152592	1400
0.152592	1400
0.152592	1400
0.152592	1400
0.152592	1400
0.152592	1400
0.152592	1400
0.152592	1400
0.152592	1400
0.152592	1400
0.152592	1400
0.152592	1400
0.152592	1400
0.152592	1400
0.152592	1400
0.152592	1400
0.152592	1400
0.152592	1400
0.152592	1400
0.152592	1400
0.152692	1400
0.152692	1400
0.152692	1400
0.152692	1400
0.152692	1400
0.152692	1400
0.152692	1400
0.152692	1400
0.152692	1400
0.152692	1400
0.152692	1400
0.152692	1400
0.152692	1400
0.152692	1400
0.152692	1400
0.152692	1400
0.152692	1400
0.152692	1400
0.152692	1400
0.152692	1400
0.152692	1400
0.152692	1400
0.152692	1400
0.152692	1400
0.152692	1400
0.152787	1400
0.152787	1400
0.152787	1400
0.152787	1400
0.152787	1400
0.152787	1400
0.152787	1400
0.152787	1400
0.152787	1400
0.152787	1400
0.152787	1400
0.152787	1400
0.152787	1400
0.152787	1400
0.152787	1400
0.152787	1400
0.152787	1400
0.152787	1400
0.152787	1400
0.152787	1400
0.152787	1400
0.152787	1400
0.152787	1400
0.152787	1400
0.152787	1400
0.152896	1400
0.152896	1400
0.152896	1400
0.152896	1400
0.152896	1400
0.152896	1400
0.152896	1400
0.152896	1400
0.152896	1400
0.152896	1400
0.152896	1400
0.152896	1400
0.152896	1400
0.152896	1400
0.152896	1400
0.152896	1400
0.152896	1400
0.152896	1400
0.152896	1400
0.152896	1400
0.152896	1400
0.152896	1400
0.152896	1400
0.152896	1400
0.152896	1400
0.152896	1400
0.152896	1400
0.152992	1400
0.152992	1400
0.152992	1400
0.152992	1400
0.152992	1400
0.152992	1400
0.152992	1400
0.152992	1400
0.152992	1400
0.152992	1400
0.152992	1400
0.152992	1400
0.152992	1400
0.152992	1400
0.152992	1400
0.152992	1400
0.152992	1400
0.152992	1400
0.152992	1400
0.152992	1400
0.152992	1400
0.152992	1400
0.152992	1400
0.152992	1400
0.152992	1400
0.152992	1400
0.153096	1400
0.153096	1400
0.153096	1400
0.153096	1400
0.153096	1400
0.153096	1400
0.153096	1400
0.153096	1400
0.153096	1400
0.153096	1400
0.153096	1400
0.153096	1400
0.153096	1400
0.153096	1400
0.153096	1400
0.153096	1400
0.153096	1400
0.153096	1400
0.153096	1400
0.153096	1400
0.153096	1400
0.153096	1400
0.153096	1400
0.153096	1400
0.153096	1400
0.153096	1400
0.153162	1400
0.153162	1400
0.153162	1400
0.153162	1400
0.153162	1400
0.153162	1400
0.153162	1400
0.153162	1400
0.153162	1400
0.153162	1400
0.153162	1400
0.153162	1400
0.153162	1400
0.153162	1400
0.153162	1400
0.153162	1400
0.153162	1400
0.153542	1400
0.153542	1400
0.153542	1400
0.153542	1400
0.153542	1400
0.153542	1400
0.153542	1400
0.153542	1400
0.153542	1400
0.153542	1400
0.153542	1400
0.153658	1400
0.153658	1400
0.153658	1400
0.153658	1400
0.153658	1400
0.153658	1400
0.153658	1400
0.153658	1400
0.153658	1400
0.153658	1400
0.153658	1400
0.153658	1400
0.153658	1400
0.153658	1400
0.154108	1400
0.154396	1400
0.154396	1400
0.154396	1400
0.154396	1400
0.154396	1400
0.154396	1400
0.154396	1400
0.154396	1400
0.154396	1400
0.154396	1400
0.154396	1400
0.154396	1400
0.154396	1400
0.154396	1400
0.154396	1400
0.154396	1400
0.154396	1400
0.154396	1400
0.154396	1400
0.154396	1400
0.154396	1400
0.154396	1400
0.154396	1400
0.154396	1400
0.154396	1400
0.154396	1400
0.154492	1400
0.154492	1400
0.154492	1400
0.154492	1400
0.154492	1400
0.154492	1400
0.154492	1400
0.154492	1400
0.154492	1400
0.154492	1400
0.154492	1400
0.154492	1400
0.154492	1400
0.154492	1400
0.154492	1400
0.154492	1400
0.154492	1400
0.154492	1400
0.154492	1400
0.154492	1400
0.154492	1400
0.154492	1400
0.154492	1400
0.154492	1400
0.154492	1400
0.154492	1400
0.154612	1400
0.154612	1400
0.154612	1400
0.156396	1400
0.156396	1400
0.156396	1400
0.156396	1400
0.156396	1400
0.156396	1400
0.156396	1400
0.156396	1400
0.156396	1400
0.156396	1400
0.156396	1400
0.156396	1400
0.156396	1400
0.156396	1400
0.156396	1400
0.156396	1400
0.156396	1400
0.156396	1400
0.156396	1400
0.156396	1400
0.156396	1400
0.156396	1400
0.156396	1400
0.156396	1400
0.156396	1400
0.156396	1400
0.156492	1400
0.156492	1400
0.156492	1400
0.156492	1400
0.156492	1400
0.156492	1400
0.156492	1400
0.156492	1400
0.156492	1400
0.156492	1400
0.156492	1400
0.156492	1400
0.156492	1400
0.156492	1400
0.156492	1400
0.156492	1400
0.156492	1400
0.156492	1400
0.156492	1400
0.156492	1400
0.156492	1400
0.156492	1400
0.156492	1400
0.156492	1400
0.156492	1400
0.156492	1400
0.156596	1400
0.156596	1400
0.156596	1400
0.156596	1400
0.156596	1400
0.156596	1400
0.156596	1400
0.156596	1400
0.156596	1400
0.156596	1400
0.156596	1400
0.156596	1400
0.156596	1400
0.156596	1400
0.156596	1400
0.156596	1400
0.156596	1400
0.156596	1400
0.156596	1400
0.156596	1400
0.156596	1400
0.156596	1400
0.156596	1400
0.156596	1400
0.156596	1400
0.156596	1400
0.156596	1400
0.156696	1400
0.156696	1400
0.156696	1400
0.156696	1400
0.156696	1400
0.156696	1400
0.156696	1400
0.156696	1400
0.156696	1400
0.156696	1400
0.156696	1400
0.156696	1400
0.156696	1400
0.156696	1400
0.156696	1400
0.156696	1400
0.156696	1400
0.156696	1400
0.156696	1400
0.156696	1400
0.156696	1400
0.156696	1400
0.156696	1400
0.156696	1400
0.156696	1400
0.156696	1400
0.156696	1400
0.156796	1400
0.156796	1400
0.156796	1400
0.156796	1400
0.156796	1400
0.156796	1400
0.156796	1400
0.156796	1400
0.156796	1400
0.156796	1400
0.156796	1400
0.156796	1400
0.156796	1400
0.156796	1400
0.156796	1400
0.156796	1400
0.156796	1400
0.156796	1400
0.156796	1400
0.156796	1400
0.156796	1400
0.156796	1400
0.156796	1400
0.156796	1400
0.156796	1400
0.156796	1400
0.156796	1400
0.156887	1400
0.156887	1400
0.156887	1400
0.156887	1400
0.156887	1400
0.156887	1400
0.156887	1400
0.156887	1400
0.156887	1400
0.156887	1400
0.156887	1400
0.156887	1400
0.156887	1400
0.156887	1400
0.156887	1400
0.156887	1400
0.156887	1400
0.156887	1400
0.156887	1400
0.156887	1400
0.156887	1400
0.156887	1400
0.156887	1400
0.156887	1400
0.156987	1400
0.156987	1400
0.156987	1400
0.156987	1400
0.156987	1400
0.156987	1400
0.156987	1400
0.156987	1400
0.156987	1400
0.156987	1400
0.156987	1400
0.156987	1400
0.156987	1400
0.156987	1400
0.156987	1400
0.156987	1400
0.156987	1400
0.156987	1400
0.156987	1400
0.156987	1400
0.156987	1400
0.156987	1400
0.156987	1400
0.156987	1400
0.156987	1400
0.157083	1400
0.157083	1400
0.157083	1400
0.157083	1400
0.157083	1400
0.157083	1400
0.157083	1400
0.157083	1400
0.157083	1400
0.157083	1400
0.157083	1400
0.157083	1400
0.157083	1400
0.157083	1400
0.157083	1400
0.157083	1400
0.157083	1400
0.157083	1400
0.157083	1400
0.157083	1400
0.157083	1400
0.157083	1400
0.157083	1400
0.157162	1400
0.157162	1400
0.157162	1400
0.157162	1400
0.157162	1400
0.157162	1400
0.157162	1400
0.157162	1400
0.157162	1400
0.157162	1400
0.157162	1400
0.157162	1400
0.157162	1400
0.157162	1400
0.157162	1400
0.157162	1400
0.157162	1400
0.157292	1400
0.157292	1400
0.157292	1400
0.157292	1400
0.157292	1400
0.157292	1400
0.157292	1400
0.157292	1400
0.157292	1400
0.157292	1400
0.157292	1400
0.157292	1400
0.157292	1400
0.157292	1400
0.157292	1400
0.157292	1400
0.157292	1400
0.157292	1400
0.157292	1400
0.157292	1400
0.157292	1400
0.157292	1400
0.157292	1400
0.157492	1400
0.157492	1400
0.157492	1400
0.157492	1400
0.157492	1400
0.157492	1400
0.157492	1400
0.157492	1400
0.157492	1400
0.157492	1400
0.157492	1400
0.157492	1400
0.157492	1400
0.157492	1400
0.157492	1400
0.157492	1400
0.157492	1400
0.157492	1400
0.157492	1400
0.157492	1400
0.157492	1400
0.157492	1400
0.157492	1400
0.157492	1400
0.157492	1400
0.157492	1400
0.157587	1400
0.157587	1400
0.157587	1400
0.157587	1400
0.157587	1400
0.157587	1400
0.157587	1400
0.157587	1400
0.157587	1400
0.157587	1400
0.157587	1400
0.157587	1400
0.157587	1400
0.157587	1400
0.157587	1400
0.157587	1400
0.157587	1400
0.157587	1400
0.157587	1400
0.157587	1400
0.157587	1400
0.157587	1400
0.157587	1400
0.157587	1400
0.157587	1400
0.157692	1400
0.157692	1400
0.157692	1400
0.157692	1400
0.157692	1400
0.157692	1400
0.157692	1400
0.157692	1400
0.157692	1400
0.157692	1400
0.157692	1400
0.157692	1400
0.157692	1400
0.157692	1400
0.157692	1400
0.157692	1400
0.157692	1400
0.157692	1400
0.157692	1400
0.157692	1400
0.157692	1400
0.157692	1400
0.157692	1400
0.157692	1400
0.157692	1400
0.157783	1400
0.157783	1400
0.157783	1400
0.157783	1400
0.157783	1400
0.157783	1400
0.157783	1400
0.157783	1400
0.157783	1400
0.157783	1400
0.157783	1400
0.157783	1400
0.157783	1400
0.157783	1400
0.157783	1400
0.157783	1400
0.157783	1400
0.157783	1400
0.157783	1400
0.157783	1400
0.157783	1400
0.157783	1400
0.157783	1400
0.157783	1400
0.157896	1400
0.157896	1400
0.157896	1400
0.157896	1400
0.157896	1400
0.157896	1400
0.157896	1400
0.157896	1400
0.157896	1400
0.157896	1400
0.157896	1400
0.157896	1400
0.157896	1400
0.157896	1400
0.157896	1400
0.157896	1400
0.157896	1400
0.157896	1400
0.157896	1400
0.157896	1400
0.157896	1400
0.157896	1400
0.157896	1400
0.157896	1400
0.157896	1400
0.157896	1400
0.157992	1400
0.157992	1400
0.157992	1400
0.157992	1400
0.157992	1400
0.157992	1400
0.157992	1400
0.157992	1400
0.157992	1400
0.157992	1400
0.157992	1400
0.157992	1400
0.157992	1400
0.157992	1400
0.157992	1400
0.157992	1400
0.157992	1400
0.157992	1400
0.157992	1400
0.157992	1400
0.157992	1400
0.157992	1400
0.157992	1400
0.157992	1400
0.157992	1400
0.157992	1400
0.158087	1400
0.158087	1400
0.158087	1400
0.158087	1400
0.158087	1400
0.158087	1400
0.158087	1400
0.158087	1400
0.158087	1400
0.158087	1400
0.158087	1400
0.158087	1400
0.158087	1400
0.158087	1400
0.158087	1400
0.158087	1400
0.158087	1400
0.158087	1400
0.158087	1400
0.158087	1400
0.158087	1400
0.158087	1400
0.158087	1400
0.158087	1400
0.158087	1400
0.158187	1400
0.158187	1400
0.158187	1400
0.158187	1400
0.158187	1400
0.158187	1400
0.158187	1400
0.158187	1400
0.158187	1400
0.158187	1400
0.158187	1400
0.158187	1400
0.158187	1400
0.158187	1400
0.158187	1400
0.158187	1400
0.158187	1400
0.158187	1400
0.158187	1400
0.158187	1400
0.158187	1400
0.158187	1400
0.158187	1400
0.158187	1400
0.158242	1400
0.158242	1400
0.158242	1400
0.158242	1400
0.158242	1400
0.158242	1400
0.158242	1400
0.158242	1400
0.158242	1400
0.158242	1400
0.158242	1400
0.158442	1400
0.158442	1400
0.158442	1400
0.158442	1400
0.158442	1400
0.158442	1400
0.158442	1400
0.158442	1400
0.158442	1400
0.158442	1400
0.158442	1400
0.158542	1400
0.158542	1400
0.158542	1400
0.158542	1400
0.158542	1400
0.158542	1400
0.158542	1400
0.158542	1400
0.158542	1400
0.158542	1400
0.158542	1400
0.158675	1400
0.158675	1400
0.158675	1400
0.158675	1400
0.158675	1400
0.158675	1400
0.158675	1400
0.15875	1400
0.15875	1400
0.15875	1400
0.15875	1400
0.15875	1400
0.15875	1400
0.15875	1400
0.15875	1400
0.15875	1400
0.15875	1400
0.15875	1400
0.15875	1400
0.15875	1400
0.15875	1400
0.158842	1400
0.158842	1400
0.158842	1400
0.158842	1400
0.158842	1400
0.158842	1400
0.158842	1400
0.158842	1400
0.158842	1400
0.158842	1400
0.158842	1400
0.158942	1400
0.158942	1400
0.158942	1400
0.158942	1400
0.158942	1400
0.158942	1400
0.158942	1400
0.158942	1400
0.158942	1400
0.158942	1400
0.158942	1400
0.159046	1400
0.159046	1400
0.159046	1400
0.159046	1400
0.159046	1400
0.159046	1400
0.159046	1400
0.159046	1400
0.159046	1400
0.159046	1400
0.159046	1400
0.159046	1400
0.159142	1400
0.159142	1400
0.159142	1400
0.159142	1400
0.159142	1400
0.159142	1400
0.159142	1400
0.159142	1400
0.159142	1400
0.159142	1400
0.159142	1400
0.159242	1400
0.159242	1400
0.159242	1400
0.159242	1400
0.159242	1400
0.159242	1400
0.159242	1400
0.159242	1400
0.159242	1400
0.159242	1400
0.159242	1400
0.159492	1400
0.159492	1400
0.159492	1400
0.159492	1400
0.159492	1400
0.159492	1400
0.159492	1400
0.159492	1400
0.159492	1400
0.159492	1400
0.159492	1400
0.159492	1400
0.159542	1400
0.159542	1400
0.159542	1400
0.159542	1400
0.159542	1400
0.159542	1400
0.159542	1400
0.159542	1400
0.159542	1400
0.159542	1400
0.159542	1400
0.159687	1400
0.159687	1400
0.159687	1400
0.159687	1400
0.159687	1400
0.159687	1400
0.159687	1400
0.159687	1400
0.159687	1400
0.159687	1400
0.159687	1400
0.159687	1400
0.159687	1400
0.159687	1400
0.159687	1400
0.159687	1400
0.159687	1400
0.159687	1400
0.159687	1400
0.159687	1400
0.159687	1400
0.159687	1400
0.159687	1400
0.159687	1400
0.159687	1400
0.159792	1400
0.159792	1400
0.159792	1400
0.159792	1400
0.159792	1400
0.159792	1400
0.159792	1400
0.159792	1400
0.159792	1400
0.159792	1400
0.159792	1400
0.159792	1400
0.159792	1400
0.159792	1400
0.159792	1400
0.159792	1400
0.159792	1400
0.159792	1400
0.159792	1400
0.159792	1400
0.159792	1400
0.159792	1400
0.159792	1400
0.159792	1400
0.159792	1400
0.159792	1400
0.159892	1400
0.159892	1400
0.159892	1400
0.159892	1400
0.159892	1400
0.159892	1400
0.159892	1400
0.159892	1400
0.159892	1400
0.159892	1400
0.159892	1400
0.159892	1400
0.159892	1400
0.159892	1400
0.159892	1400
0.159892	1400
0.159892	1400
0.159892	1400
0.159892	1400
0.159892	1400
0.159892	1400
0.159892	1400
0.159892	1400
0.159892	1400
0.159892	1400
0.159987	1400
0.159987	1400
0.159987	1400
0.159987	1400
0.159987	1400
0.159987	1400
0.159987	1400
0.159987	1400
0.159987	1400
0.159987	1400
0.159987	1400
0.159987	1400
0.159987	1400
0.159987	1400
0.159987	1400
0.159987	1400
0.159987	1400
0.159987	1400
0.159987	1400
0.159987	1400
0.159987	1400
0.159987	1400
0.159987	1400
0.159987	1400
0.159987	1400
0.160087	1400
0.160087	1400
0.160087	1400
0.160087	1400
0.160087	1400
0.160087	1400
0.160087	1400
0.160087	1400
0.160087	1400
0.160087	1400
0.160087	1400
0.160087	1400
0.160087	1400
0.160087	1400
0.160087	1400
0.160087	1400
0.160087	1400
0.160087	1400
0.160087	1400
0.160087	1400
0.160087	1400
0.160087	1400
0.160087	1400
0.160087	1400
0.160196	1400
0.160196	1400
0.160196	1400
0.160196	1400
0.160196	1400
0.160196	1400
0.160196	1400
0.160196	1400
0.160196	1400
0.160196	1400
0.160196	1400
0.160196	1400
0.160196	1400
0.160196	1400
0.160196	1400
0.160196	1400
0.160196	1400
0.160196	1400
0.160196	1400
0.160196	1400
0.160196	1400
0.160196	1400
0.160196	1400
0.160196	1400
0.160196	1400
0.160196	1400
0.160196	1400
0.160292	1400
0.160292	1400
0.160292	1400
0.160292	1400
0.160292	1400
0.160292	1400
0.160292	1400
0.160292	1400
0.160292	1400
0.160292	1400
0.160292	1400
0.160292	1400
0.160292	1400
0.160292	1400
0.160292	1400
0.160292	1400
0.160292	1400
0.160292	1400
0.160292	1400
0.160292	1400
0.160292	1400
0.160292	1400
0.160292	1400
0.160292	1400
0.160292	1400
0.160292	1400
0.160496	1400
0.160496	1400
0.160496	1400
0.160496	1400
0.160496	1400
0.160496	1400
0.160496	1400
0.160496	1400
0.160496	1400
0.160496	1400
0.160496	1400
0.160496	1400
0.160496	1400
0.160496	1400
0.160496	1400
0.160496	1400
0.160496	1400
0.160496	1400
0.160496	1400
0.160496	1400
0.160496	1400
0.160496	1400
0.160496	1400
0.160496	1400
0.160496	1400
0.160496	1400
0.160496	1400
0.160587	1400
0.160587	1400
0.160587	1400
0.160587	1400
0.160587	1400
0.160587	1400
0.160587	1400
0.160587	1400
0.160587	1400
0.160587	1400
0.160587	1400
0.160587	1400
0.160587	1400
0.160587	1400
0.160587	1400
0.160587	1400
0.160587	1400
0.160587	1400
0.160587	1400
0.160587	1400
0.160587	1400
0.160587	1400
0.160587	1400
0.160587	1400
0.160687	1400
0.160687	1400
0.160687	1400
0.160687	1400
0.160687	1400
0.160687	1400
0.160687	1400
0.160687	1400
0.160687	1400
0.160687	1400
0.160687	1400
0.160687	1400
0.160687	1400
0.160687	1400
0.160687	1400
0.160687	1400
0.160687	1400
0.160687	1400
0.160687	1400
0.160687	1400
0.160687	1400
0.160687	1400
0.160687	1400
0.160687	1400
0.160687	1400
0.160787	1400
0.160787	1400
0.160787	1400
0.160787	1400
0.160787	1400
0.160787	1400
0.160787	1400
0.160787	1400
0.160787	1400
0.160787	1400
0.160787	1400
0.160787	1400
0.160787	1400
0.160787	1400
0.160787	1400
0.160787	1400
0.160787	1400
0.160787	1400
0.160787	1400
0.160787	1400
0.160787	1400
0.160787	1400
0.160787	1400
0.160787	1400
0.160896	1400
0.160896	1400
0.160896	1400
0.160896	1400
0.160896	1400
0.160896	1400
0.160896	1400
0.160896	1400
0.160896	1400
0.160896	1400
0.160896	1400
0.160896	1400
0.160896	1400
0.160896	1400
0.160896	1400
0.160896	1400
0.160896	1400
0.160896	1400
0.160896	1400
0.160896	1400
0.160896	1400
0.160896	1400
0.160896	1400
0.160896	1400
0.160896	1400
0.160896	1400
0.160896	1400
0.160992	1400
0.160992	1400
0.160992	1400
0.160992	1400
0.160992	1400
0.160992	1400
0.160992	1400
0.160992	1400
0.160992	1400
0.160992	1400
0.160992	1400
0.160992	1400
0.160992	1400
0.160992	1400
0.160992	1400
0.160992	1400
0.160992	1400
0.160992	1400
0.160992	1400
0.160992	1400
0.160992	1400
0.160992	1400
0.160992	1400
0.160992	1400
0.160992	1400
0.160992	1400
0.161087	1400
0.161087	1400
0.161087	1400
0.161087	1400
0.161087	1400
0.161087	1400
0.161087	1400
0.161087	1400
0.161087	1400
0.161087	1400
0.161087	1400
0.161087	1400
0.161087	1400
0.161087	1400
0.161087	1400
0.161087	1400
0.161087	1400
0.161087	1400
0.161087	1400
0.161087	1400
0.161087	1400
0.161087	1400
0.161087	1400
0.161087	1400
0.161158	1400
0.161158	1400
0.161158	1400
0.161158	1400
0.161158	1400
0.161158	1400
0.161158	1400
0.161158	1400
0.161158	1400
0.161158	1400
0.161158	1400
0.161158	1400
0.161158	1400
0.161158	1400
0.161158	1400
0.161158	1400
0.161283	1400
0.161283	1400
0.161283	1400
0.161283	1400
0.161283	1400
0.161283	1400
0.161283	1400
0.161283	1400
0.161283	1400
0.161283	1400
0.161283	1400
0.161283	1400
0.161283	1400
0.161283	1400
0.161283	1400
0.161283	1400
0.161283	1400
0.161283	1400
0.161283	1400
0.161283	1400
0.161283	1400
0.161283	1400
0.161283	1400
0.161487	1400
0.161487	1400
0.161487	1400
0.161487	1400
0.161487	1400
0.161487	1400
0.161487	1400
0.161487	1400
0.161487	1400
0.161487	1400
0.161487	1400
0.161487	1400
0.161487	1400
0.161487	1400
0.161487	1400
0.161487	1400
0.161487	1400
0.161487	1400
0.161487	1400
0.161487	1400
0.161487	1400
0.161487	1400
0.161487	1400
0.161487	1400
0.161487	1400
0.161592	1400
0.161592	1400
0.161592	1400
0.161592	1400
0.161592	1400
0.161592	1400
0.161592	1400
0.161592	1400
0.161592	1400
0.161592	1400
0.161592	1400
0.161592	1400
0.161592	1400
0.161592	1400
0.161592	1400
0.161592	1400
0.161592	1400
0.161592	1400
0.161592	1400
0.161592	1400
0.161592	1400
0.161592	1400
0.161592	1400
0.161592	1400
0.161592	1400
0.161592	1400
0.161692	1400
0.161692	1400
0.161692	1400
0.161692	1400
0.161692	1400
0.161692	1400
0.161692	1400
0.161692	1400
0.161692	1400
0.161692	1400
0.161692	1400
0.161692	1400
0.161692	1400
0.161692	1400
0.161692	1400
0.161692	1400
0.161692	1400
0.161692	1400
0.161692	1400
0.161692	1400
0.161692	1400
0.161692	1400
0.161692	1400
0.161692	1400
0.161692	1400
0.161796	1400
0.161796	1400
0.161796	1400
0.161796	1400
0.161796	1400
0.161796	1400
0.161796	1400
0.161796	1400
0.161796	1400
0.161796	1400
0.161796	1400
0.161796	1400
0.161796	1400
0.161796	1400
0.161796	1400
0.161796	1400
0.161796	1400
0.161796	1400
0.161796	1400
0.161796	1400
0.161796	1400
0.161796	1400
0.161796	1400
0.161796	1400
0.161796	1400
0.161796	1400
0.161796	1400
0.161892	1400
0.161892	1400
0.161892	1400
0.161892	1400
0.161892	1400
0.161892	1400
0.161892	1400
0.161892	1400
0.161892	1400
0.161892	1400
0.161892	1400
0.161892	1400
0.161892	1400
0.161892	1400
0.161892	1400
0.161892	1400
0.161892	1400
0.161892	1400
0.161892	1400
0.161892	1400
0.161892	1400
0.161892	1400
0.161892	1400
0.161892	1400
0.161892	1400
0.161892	1400
0.161987	1400
0.161987	1400
0.161987	1400
0.161987	1400
0.161987	1400
0.161987	1400
0.161987	1400
0.161987	1400
0.161987	1400
0.161987	1400
0.161987	1400
0.161987	1400
0.161987	1400
0.161987	1400
0.161987	1400
0.161987	1400
0.161987	1400
0.161987	1400
0.161987	1400
0.161987	1400
0.161987	1400
0.161987	1400
0.161987	1400
0.161987	1400
0.162071	1400
0.162071	1400
0.162071	1400
0.162071	1400
0.162071	1400
0.162071	1400
0.162071	1400
0.162071	1400
0.162071	1400
0.162071	1400
0.162071	1400
0.162071	1400
0.162071	1400
0.162071	1400
0.162071	1400
0.162071	1400
0.162071	1400
0.162071	1400
0.162071	1400
0.162071	1400
0.162187	1400
0.162187	1400
0.162187	1400
0.162187	1400
0.162187	1400
0.162187	1400
0.162187	1400
0.162187	1400
0.162187	1400
0.162187	1400
0.162187	1400
0.162187	1400
0.162283	1400
0.162283	1400
0.162283	1400
0.162283	1400
0.162283	1400
0.162283	1400
0.162283	1400
0.162283	1400
0.162283	1400
0.162283	1400
0.162283	1400
0.162283	1400
0.162283	1400
0.162283	1400
0.162283	1400
0.162283	1400
0.162283	1400
0.162283	1400
0.162283	1400
0.162283	1400
0.162283	1400
0.162283	1400
0.162283	1400
0.162492	1400
0.162492	1400
0.162492	1400
0.162492	1400
0.162492	1400
0.162492	1400
0.162492	1400
0.162492	1400
0.162492	1400
0.162492	1400
0.162492	1400
0.162492	1400
0.162492	1400
0.162492	1400
0.162492	1400
0.162492	1400
0.162492	1400
0.162492	1400
0.162492	1400
0.162492	1400
0.162492	1400
0.162492	1400
0.162492	1400
0.162492	1400
0.162492	1400
0.162492	1400
0.162592	1400
0.162592	1400
0.162592	1400
0.162592	1400
0.162592	1400
0.162592	1400
0.162592	1400
0.162592	1400
0.162592	1400
0.162592	1400
0.162592	1400
0.162592	1400
0.162592	1400
0.162592	1400
0.162592	1400
0.162592	1400
0.162592	1400
0.162592	1400
0.162592	1400
0.162592	1400
0.162592	1400
0.162592	1400
0.162592	1400
0.162592	1400
0.162592	1400
0.162592	1400
0.162687	1400
0.162687	1400
0.162687	1400
0.162687	1400
0.162687	1400
0.162687	1400
0.162687	1400
0.162687	1400
0.162687	1400
0.162687	1400
0.162687	1400
0.162687	1400
0.162687	1400
0.162687	1400
0.162687	1400
0.162687	1400
0.162687	1400
0.162687	1400
0.162687	1400
0.162687	1400
0.162687	1400
0.162687	1400
0.162687	1400
0.162687	1400
0.162792	1400
0.162792	1400
0.162792	1400
0.162792	1400
0.162792	1400
0.162792	1400
0.162792	1400
0.162792	1400
0.162792	1400
0.162792	1400
0.162792	1400
0.162792	1400
0.162792	1400
0.162792	1400
0.162792	1400
0.162792	1400
0.162792	1400
0.162792	1400
0.162792	1400
0.162792	1400
0.162792	1400
0.162792	1400
0.162792	1400
0.162792	1400
0.162792	1400
0.162792	1400
0.162896	1400
0.162896	1400
0.162896	1400
0.162896	1400
0.162896	1400
0.162896	1400
0.162896	1400
0.162896	1400
0.162896	1400
0.162896	1400
0.162896	1400
0.162896	1400
0.162896	1400
0.162896	1400
0.162896	1400
0.162896	1400
0.162896	1400
0.162896	1400
0.162896	1400
0.162896	1400
0.162896	1400
0.162896	1400
0.162896	1400
0.162896	1400
0.162896	1400
0.162896	1400
0.162896	1400
0.162987	1400
0.162987	1400
0.162987	1400
0.162987	1400
0.162987	1400
0.162987	1400
0.162987	1400
0.162987	1400
0.162987	1400
0.162987	1400
0.162987	1400
0.162987	1400
0.162987	1400
0.162987	1400
0.162987	1400
0.162987	1400
0.162987	1400
0.162987	1400
0.162987	1400
0.162987	1400
0.162987	1400
0.162987	1400
0.162987	1400
0.162987	1400
0.163087	1400
0.163087	1400
0.163087	1400
0.163087	1400
0.163087	1400
0.163087	1400
0.163087	1400
0.163087	1400
0.163087	1400
0.163087	1400
0.163087	1400
0.163087	1400
0.163087	1400
0.163087	1400
0.163087	1400
0.163087	1400
0.163087	1400
0.163087	1400
0.163087	1400
0.163087	1400
0.163087	1400
0.163087	1400
0.163087	1400
0.163087	1400
0.163087	1400
0.163196	1400
0.163196	1400
0.163196	1400
0.163196	1400
0.163196	1400
0.163196	1400
0.163196	1400
0.163196	1400
0.163196	1400
0.163196	1400
0.163196	1400
0.163196	1400
0.163196	1400
0.163196	1400
0.163196	1400
0.163196	1400
0.163196	1400
0.163196	1400
0.163196	1400
0.163196	1400
0.163196	1400
0.163196	1400
0.163196	1400
0.163196	1400
0.163196	1400
0.163196	1400
0.163196	1400
0.163283	1400
0.163283	1400
0.163283	1400
0.163283	1400
0.163283	1400
0.163283	1400
0.163283	1400
0.163283	1400
0.163283	1400
0.163283	1400
0.163283	1400
0.163283	1400
0.163283	1400
0.163283	1400
0.163283	1400
0.163283	1400
0.163283	1400
0.163283	1400
0.163283	1400
0.163283	1400
0.163283	1400
0.163283	1400
0.163283	1400
0.16345	1400
0.16345	1400
0.16345	1400
0.16345	1400
0.16345	1400
0.16345	1400
0.16345	1400
0.16345	1400
0.16345	1400
0.16345	1400
0.16345	1400
0.16345	1400
0.16345	1400
0.163592	1400
0.163592	1400
0.163592	1400
0.163592	1400
0.163592	1400
0.163592	1400
0.163592	1400
0.163592	1400
0.163592	1400
0.163592	1400
0.163592	1400
0.163592	1400
0.163592	1400
0.163642	1400
0.163642	1400
0.163642	1400
0.163642	1400
0.163642	1400
0.163642	1400
0.163642	1400
0.163642	1400
0.163642	1400
0.163642	1400
0.163642	1400
0.16375	1400
0.16375	1400
0.16375	1400
0.16375	1400
0.16375	1400
0.16375	1400
0.16375	1400
0.16375	1400
0.16375	1400
0.16375	1400
0.16375	1400
0.16375	1400
0.16375	1400
0.163892	1400
0.163892	1400
0.163892	1400
0.163892	1400
0.163892	1400
0.163892	1400
0.163892	1400
0.163892	1400
0.163892	1400
0.163892	1400
0.163892	1400
0.163892	1400
0.16395	1400
0.16395	1400
0.16395	1400
0.16395	1400
0.16395	1400
0.16395	1400
0.16395	1400
0.16395	1400
0.16395	1400
0.16395	1400
0.16395	1400
0.16395	1400
0.16395	1400
0.16395	1400
0.164083	1400
0.164083	1400
0.164083	1400
0.164083	1400
0.164083	1400
0.164083	1400
0.164083	1400
0.164083	1400
0.164083	1400
0.164083	1400
0.164083	1400
0.164083	1400
0.164192	1400
0.164192	1400
0.164192	1400
0.164192	1400
0.164192	1400
0.164192	1400
0.164192	1400
0.164192	1400
0.164192	1400
0.164192	1400
0.164192	1400
0.164192	1400
0.16425	1400
0.16425	1400
0.16425	1400
0.16425	1400
0.16425	1400
0.16425	1400
0.16425	1400
0.16425	1400
0.16425	1400
0.16425	1400
0.16425	1400
0.16425	1400
0.16425	1400
0.16425	1400
0.164442	1400
0.164442	1400
0.164442	1400
0.164442	1400
0.164442	1400
0.164442	1400
0.164442	1400
0.164442	1400
0.164442	1400
0.164442	1400
0.164442	1400
0.16455	1400
0.16455	1400
0.16455	1400
0.16455	1400
0.16455	1400
0.16455	1400
0.16455	1400
0.16455	1400
0.16455	1400
0.16455	1400
0.16455	1400
0.16455	1400
0.16455	1400
0.164692	1400
0.164692	1400
0.164692	1400
0.164692	1400
0.164692	1400
0.164692	1400
0.164692	1400
0.164692	1400
0.164692	1400
0.164692	1400
0.164692	1400
0.164692	1400
0.16475	1400
0.16475	1400
0.16475	1400
0.16475	1400
0.16475	1400
0.16475	1400
0.16475	1400
0.16475	1400
0.16475	1400
0.16475	1400
0.16475	1400
0.16475	1400
0.16475	1400
0.16475	1400
0.164892	1400
0.164892	1400
0.164892	1400
0.164892	1400
0.164892	1400
0.164892	1400
0.164892	1400
0.164892	1400
0.164892	1400
0.164892	1400
0.164892	1400
0.164892	1400
0.164892	1400
0.164892	1400
0.164892	1400
0.164992	1400
0.164992	1400
0.164992	1400
0.164992	1400
0.164992	1400
0.164992	1400
0.164992	1400
0.164992	1400
0.164992	1400
0.164992	1400
0.164992	1400
0.164992	1400
0.16505	1400
0.16505	1400
0.16505	1400
0.16505	1400
0.16505	1400
0.16505	1400
0.16505	1400
0.16505	1400
0.16505	1400
0.16505	1400
0.16505	1400
0.16505	1400
0.16505	1400
0.165183	1400
0.165183	1400
0.165183	1400
0.165183	1400
0.165183	1400
0.165183	1400
0.165183	1400
0.165183	1400
0.165183	1400
0.165183	1400
0.165183	1400
0.165183	1400
0.165287	1400
0.165287	1400
0.165287	1400
0.165287	1400
0.165287	1400
0.165287	1400
0.165287	1400
0.165287	1400
0.165287	1400
0.165287	1400
0.165287	1400
0.165287	1400
0.165287	1400
0.165287	1400
0.165492	1400
0.165492	1400
0.165492	1400
0.165492	1400
0.165492	1400
0.165492	1400
0.165492	1400
0.165492	1400
0.165492	1400
0.165492	1400
0.165492	1400
0.165492	1400
0.165583	1400
0.165583	1400
0.165583	1400
0.165583	1400
0.165583	1400
0.165583	1400
0.165583	1400
0.165583	1400
0.165583	1400
0.165583	1400
0.165583	1400
0.165583	1400
0.165583	1400
0.165583	1400
0.165583	1400
0.165583	1400
0.165583	1400
0.165583	1400
0.165583	1400
0.165583	1400
0.165583	1400
0.165583	1400
0.165583	1400
0.165692	1400
0.165692	1400
0.165692	1400
0.165692	1400
0.165692	1400
0.165692	1400
0.165692	1400
0.165692	1400
0.165692	1400
0.165692	1400
0.165692	1400
0.165692	1400
0.165692	1400
0.165692	1400
0.165692	1400
0.165792	1400
0.165792	1400
0.165792	1400
0.165792	1400
0.165792	1400
0.165792	1400
0.165792	1400
0.165792	1400
0.165792	1400
0.165792	1400
0.165792	1400
0.165792	1400
0.16585	1400
0.16585	1400
0.16585	1400
0.16585	1400
0.16585	1400
0.16585	1400
0.16585	1400
0.16585	1400
0.16585	1400
0.16585	1400
0.16585	1400
0.16585	1400
0.16585	1400
0.16585	1400
0.165983	1400
0.165983	1400
0.165983	1400
0.165983	1400
0.165983	1400
0.165983	1400
0.165983	1400
0.165983	1400
0.165983	1400
0.165983	1400
0.165983	1400
0.165983	1400
0.165983	1400
0.166087	1400
0.166087	1400
0.166087	1400
0.166087	1400
0.166087	1400
0.166087	1400
0.166087	1400
0.166087	1400
0.166087	1400
0.166087	1400
0.166087	1400
0.166087	1400
0.166087	1400
0.166087	1400
0.166087	1400
0.166087	1400
0.166087	1400
0.166087	1400
0.166087	1400
0.166087	1400
0.166087	1400
0.166087	1400
0.166087	1400
0.166087	1400
0.166087	1400
0.166192	1400
0.166192	1400
0.166192	1400
0.166192	1400
0.166192	1400
0.166192	1400
0.166192	1400
0.166192	1400
0.166192	1400
0.166192	1400
0.166192	1400
0.166192	1400
0.166192	1400
0.166192	1400
0.166192	1400
0.166192	1400
0.166192	1400
0.166192	1400
0.166192	1400
0.166192	1400
0.166192	1400
0.166192	1400
0.166192	1400
0.166192	1400
0.166192	1400
0.166292	1400
0.166292	1400
0.166292	1400
0.166292	1400
0.166292	1400
0.166292	1400
0.166292	1400
0.166292	1400
0.166292	1400
0.166292	1400
0.166292	1400
0.166292	1400
0.166292	1400
0.166292	1400
0.166292	1400
0.166292	1400
0.166292	1400
0.166292	1400
0.166292	1400
0.166292	1400
0.166292	1400
0.166292	1400
0.166292	1400
0.166292	1400
0.166292	1400
0.166292	1400
0.166492	1400
0.166492	1400
0.166492	1400
0.166492	1400
0.166492	1400
0.166492	1400
0.166492	1400
0.166492	1400
0.166492	1400
0.166492	1400
0.166492	1400
0.166492	1400
0.166492	1400
0.166492	1400
0.166492	1400
0.166492	1400
0.166492	1400
0.166492	1400
0.166492	1400
0.166492	1400
0.166492	1400
0.166492	1400
0.166492	1400
0.166492	1400
0.166492	1400
0.166492	1400
0.166592	1400
0.166592	1400
0.166592	1400
0.166592	1400
0.166592	1400
0.166592	1400
0.166592	1400
0.166592	1400
0.166592	1400
0.166592	1400
0.166592	1400
0.166592	1400
0.166592	1400
0.166592	1400
0.166592	1400
0.166592	1400
0.166592	1400
0.166592	1400
0.166592	1400
0.166592	1400
0.166592	1400
0.166592	1400
0.166592	1400
0.166592	1400
0.166696	1400
0.166696	1400
0.166696	1400
0.166696	1400
0.166696	1400
0.166696	1400
0.166696	1400
0.166696	1400
0.166696	1400
0.166696	1400
0.166696	1400
0.166696	1400
0.166696	1400
0.166696	1400
0.166696	1400
0.166696	1400
0.166696	1400
0.166696	1400
0.166696	1400
0.166696	1400
0.166696	1400
0.166696	1400
0.166696	1400
0.166696	1400
0.166696	1400
0.166696	1400
0.166696	1400
0.166787	1400
0.166787	1400
0.166787	1400
0.166787	1400
0.166787	1400
0.166787	1400
0.166787	1400
0.166787	1400
0.166787	1400
0.166787	1400
0.166787	1400
0.166787	1400
0.166787	1400
0.166787	1400
0.166787	1400
0.166787	1400
0.166787	1400
0.166787	1400
0.166787	1400
0.166787	1400
0.166787	1400
0.166787	1400
0.166787	1400
0.166787	1400
0.166787	1400
0.166887	1400
0.166887	1400
0.166887	1400
0.166887	1400
0.166887	1400
0.166887	1400
0.166887	1400
0.166887	1400
0.166887	1400
0.166887	1400
0.166887	1400
0.166887	1400
0.166887	1400
0.166887	1400
0.166887	1400
0.166887	1400
0.166887	1400
0.166887	1400
0.166887	1400
0.166887	1400
0.166887	1400
0.166887	1400
0.166887	1400
0.166887	1400
0.166971	1400
0.166971	1400
0.166971	1400
0.166971	1400
0.166971	1400
0.166971	1400
0.166971	1400
0.166971	1400
0.166971	1400
0.166971	1400
0.166971	1400
0.166971	1400
0.166971	1400
0.166971	1400
0.166971	1400
0.166971	1400
0.166971	1400
0.166971	1400
0.166971	1400
0.166971	1400
0.167083	1400
0.167083	1400
0.167083	1400
0.167083	1400
0.167083	1400
0.167083	1400
0.167083	1400
0.167083	1400
0.167083	1400
0.167083	1400
0.167083	1400
0.167083	1400
0.167187	1400
0.167187	1400
0.167187	1400
0.167187	1400
0.167187	1400
0.167187	1400
0.167187	1400
0.167187	1400
0.167187	1400
0.167187	1400
0.167187	1400
0.167187	1400
0.167296	1400
0.167296	1400
0.167296	1400
0.167296	1400
0.167296	1400
0.167296	1400
0.167296	1400
0.167296	1400
0.167296	1400
0.167296	1400
0.167296	1400
0.167296	1400
0.167296	1400
0.167296	1400
0.167296	1400
0.167296	1400
0.167296	1400
0.167296	1400
0.167487	1400
0.167487	1400
0.167487	1400
0.167487	1400
0.167487	1400
0.167487	1400
0.167487	1400
0.167487	1400
0.167487	1400
0.167487	1400
0.167487	1400
0.167487	1400
0.167487	1400
0.167487	1400
0.167596	1400
0.167596	1400
0.167596	1400
0.167596	1400
0.167596	1400
0.167596	1400
0.167596	1400
0.167596	1400
0.167596	1400
0.167596	1400
0.167596	1400
0.167596	1400
0.167596	1400
0.167596	1400
0.167596	1400
0.167596	1400
0.167596	1400
0.167596	1400
0.167596	1400
0.167596	1400
0.167596	1400
0.167596	1400
0.167596	1400
0.167596	1400
0.167596	1400
0.167596	1400
0.167596	1400
0.167687	1400
0.167687	1400
0.167687	1400
0.167687	1400
0.167687	1400
0.167687	1400
0.167687	1400
0.167687	1400
0.167687	1400
0.167687	1400
0.167687	1400
0.167687	1400
0.167687	1400
0.167687	1400
0.167687	1400
0.167687	1400
0.167687	1400
0.167687	1400
0.167687	1400
0.167687	1400
0.167687	1400
0.167687	1400
0.167687	1400
0.167687	1400
0.167787	1400
0.167787	1400
0.167787	1400
0.167787	1400
0.167787	1400
0.167787	1400
0.167787	1400
0.167787	1400
0.167787	1400
0.167787	1400
0.167787	1400
0.167787	1400
0.167787	1400
0.167787	1400
0.167787	1400
0.167787	1400
0.167787	1400
0.167787	1400
0.167787	1400
0.167787	1400
0.167787	1400
0.167787	1400
0.167787	1400
0.167787	1400
0.167787	1400
0.167892	1400
0.167892	1400
0.167892	1400
0.167892	1400
0.167892	1400
0.167892	1400
0.167892	1400
0.167892	1400
0.167892	1400
0.167892	1400
0.167892	1400
0.167892	1400
0.167892	1400
0.167892	1400
0.167892	1400
0.167892	1400
0.167892	1400
0.167892	1400
0.167892	1400
0.167892	1400
0.167892	1400
0.167892	1400
0.167892	1400
0.167892	1400
0.167892	1400
0.167892	1400
0.167987	1400
0.167987	1400
0.167987	1400
0.167987	1400
0.167987	1400
0.167987	1400
0.167987	1400
0.167987	1400
0.167987	1400
0.167987	1400
0.167987	1400
0.167987	1400
0.167987	1400
0.167987	1400
0.167987	1400
0.167987	1400
0.167987	1400
0.167987	1400
0.167987	1400
0.167987	1400
0.167987	1400
0.167987	1400
0.167987	1400
0.167987	1400
0.168087	1400
0.168087	1400
0.168087	1400
0.168087	1400
0.168087	1400
0.168087	1400
0.168087	1400
0.168087	1400
0.168087	1400
0.168087	1400
0.168087	1400
0.168087	1400
0.168087	1400
0.168087	1400
0.168087	1400
0.168087	1400
0.168087	1400
0.168087	1400
0.168087	1400
0.168087	1400
0.168087	1400
0.168087	1400
0.168087	1400
0.168196	1400
0.168196	1400
0.168196	1400
0.168196	1400
0.168196	1400
0.168196	1400
0.168196	1400
0.168196	1400
0.168196	1400
0.168196	1400
0.168196	1400
0.168196	1400
0.168196	1400
0.168196	1400
0.168196	1400
0.168196	1400
0.168196	1400
0.168196	1400
0.168196	1400
0.168196	1400
0.168292	1400
0.168292	1400
0.168292	1400
0.168292	1400
0.168292	1400
0.168292	1400
0.168292	1400
0.168292	1400
0.168292	1400
0.168292	1400
0.168292	1400
0.168292	1400
0.16845	1400
0.16845	1400
0.16845	1400
0.16845	1400
0.16845	1400
0.16845	1400
0.16845	1400
0.16845	1400
0.16845	1400
0.16845	1400
0.16845	1400
0.16845	1400
0.16845	1400
0.168537	1400
0.168537	1400
0.168537	1400
0.168537	1400
0.168537	1400
0.168537	1400
0.168537	1400
0.168537	1400
0.168537	1400
0.168537	1400
0.168642	1400
0.168642	1400
0.168642	1400
0.168642	1400
0.168642	1400
0.168642	1400
0.168642	1400
0.168642	1400
0.168642	1400
0.168642	1400
0.168642	1400
0.168742	1400
0.168742	1400
0.168742	1400
0.168742	1400
0.168742	1400
0.168742	1400
0.168742	1400
0.168742	1400
0.168742	1400
0.168742	1400
0.168742	1400
0.168842	1400
0.168842	1400
0.168842	1400
0.168842	1400
0.168842	1400
0.168842	1400
0.168842	1400
0.168842	1400
0.168842	1400
0.168842	1400
0.168842	1400
0.168942	1400
0.168942	1400
0.168942	1400
0.168942	1400
0.168942	1400
0.168942	1400
0.168942	1400
0.168942	1400
0.168942	1400
0.168942	1400
0.168942	1400
0.169042	1400
0.169042	1400
0.169042	1400
0.169042	1400
0.169042	1400
0.169042	1400
0.169042	1400
0.169042	1400
0.169042	1400
0.169042	1400
0.169042	1400
0.169142	1400
0.169142	1400
0.169142	1400
0.169142	1400
0.169142	1400
0.169142	1400
0.169142	1400
0.169142	1400
0.169142	1400
0.169142	1400
0.169142	1400
0.169242	1400
0.169242	1400
0.169242	1400
0.169242	1400
0.169242	1400
0.169242	1400
0.169242	1400
0.169242	1400
0.169242	1400
0.169242	1400
0.169242	1400
0.169442	1400
0.169442	1400
0.169442	1400
0.169442	1400
0.169442	1400
0.169442	1400
0.169442	1400
0.169442	1400
0.169442	1400
0.169442	1400
0.169442	1400
0.169542	1400
0.169542	1400
0.169542	1400
0.169542	1400
0.169542	1400
0.169542	1400
0.169542	1400
0.169542	1400
0.169542	1400
0.169542	1400
0.169542	1400
0.169642	1400
0.169642	1400
0.169642	1400
0.169642	1400
0.169642	1400
0.169642	1400
0.169642	1400
0.169642	1400
0.169642	1400
0.169642	1400
0.169642	1400
0.16975	1400
0.16975	1400
0.16975	1400
0.16975	1400
0.16975	1400
0.16975	1400
0.16975	1400
0.16975	1400
0.16975	1400
0.16975	1400
0.16975	1400
0.16975	1400
0.16975	1400
0.16975	1400
0.169892	1400
0.169892	1400
0.169892	1400
0.169892	1400
0.169892	1400
0.169892	1400
0.169892	1400
0.169892	1400
0.169892	1400
0.169892	1400
0.169892	1400
0.169892	1400
0.169942	1400
0.169942	1400
0.169942	1400
0.169942	1400
0.169942	1400
0.169942	1400
0.169942	1400
0.169942	1400
0.169942	1400
0.169942	1400
0.169942	1400
0.170033	1400
0.170033	1400
0.170033	1400
0.170033	1400
0.170033	1400
0.170033	1400
0.170033	1400
0.170033	1400
0.170033	1400
0.170133	1400
0.170133	1400
0.170133	1400
0.170133	1400
0.170133	1400
0.170133	1400
0.170133	1400
0.170133	1400
0.170292	1400
0.170292	1400
0.170292	1400
0.170292	1400
0.170292	1400
0.170292	1400
0.170292	1400
0.170292	1400
0.170292	1400
0.170437	1400
0.170437	1400
0.170437	1400
0.170437	1400
0.170437	1400
0.170437	1400
0.170437	1400
0.170437	1400
0.170437	1400
0.170437	1400
0.170542	1400
0.170542	1400
0.170542	1400
0.170542	1400
0.170542	1400
0.170542	1400
0.170542	1400
0.170542	1400
0.170542	1400
0.170542	1400
0.170542	1400
0.17065	1400
0.17065	1400
0.17065	1400
0.17065	1400
0.17065	1400
0.17065	1400
0.17065	1400
0.17065	1400
0.17065	1400
0.17065	1400
0.17065	1400
0.17065	1400
0.17065	1400
0.170792	1400
0.170792	1400
0.170792	1400
0.170792	1400
0.170792	1400
0.170792	1400
0.170792	1400
0.170792	1400
0.170792	1400
0.170792	1400
0.170792	1400
0.170792	1400
0.170842	1400
0.170842	1400
0.170842	1400
0.170842	1400
0.170842	1400
0.170842	1400
0.170842	1400
0.170842	1400
0.170842	1400
0.170842	1400
0.170842	1400
0.170942	1400
0.170942	1400
0.170942	1400
0.170942	1400
0.170942	1400
0.170942	1400
0.170942	1400
0.170942	1400
0.170942	1400
0.170942	1400
0.170942	1400
0.171092	1400
0.171092	1400
0.171092	1400
0.171092	1400
0.171092	1400
0.171092	1400
0.171092	1400
0.171092	1400
0.171092	1400
0.171092	1400
0.171092	1400
0.171092	1400
0.17115	1400
0.17115	1400
0.17115	1400
0.17115	1400
0.17115	1400
0.17115	1400
0.17115	1400
0.17115	1400
0.17115	1400
0.17115	1400
0.17115	1400
0.17115	1400
0.17115	1400
0.17115	1400
0.171292	1400
0.171292	1400
0.171292	1400
0.171292	1400
0.171292	1400
0.171292	1400
0.171292	1400
0.171292	1400
0.171292	1400
0.171292	1400
0.171292	1400
0.171292	1400
0.171433	1400
0.171433	1400
0.171433	1400
0.171433	1400
0.171433	1400
0.171433	1400
0.171433	1400
0.171433	1400
0.171433	1400
0.171533	1400
0.171533	1400
0.171533	1400
0.171533	1400
0.171533	1400
0.171533	1400
0.171533	1400
0.171533	1400
0.171692	1400
0.171692	1400
0.171692	1400
0.171692	1400
0.171692	1400
0.171692	1400
0.171692	1400
0.171692	1400
0.171692	1400
0.171692	1400
0.171692	1400
0.171692	1400
0.171692	1400
0.171692	1400
0.171783	1400
0.171783	1400
0.171783	1400
0.171783	1400
0.171783	1400
0.171783	1400
0.171783	1400
0.171783	1400
0.171783	1400
0.171783	1400
0.171783	1400
0.171783	1400
0.171887	1400
0.171887	1400
0.171887	1400
0.171887	1400
0.171887	1400
0.171887	1400
0.171887	1400
0.171887	1400
0.171887	1400
0.171887	1400
0.171887	1400
0.171887	1400
0.171975	1400
0.171975	1400
0.171975	1400
0.171975	1400
0.171975	1400
0.171975	1400
0.171975	1400
0.171975	1400
0.171975	1400
0.171975	1400
0.171975	1400
0.172087	1400
0.172087	1400
0.172087	1400
0.172087	1400
0.172087	1400
0.172087	1400
0.172087	1400
0.172087	1400
0.172087	1400
0.172087	1400
0.172087	1400
0.172087	1400
0.172087	1400
0.172087	1400
0.172154	1400
0.172154	1400
0.172154	1400
0.172154	1400
0.172154	1400
0.172154	1400
0.172154	1400
0.172254	1400
0.172254	1400
0.172254	1400
0.172254	1400
0.172254	1400
0.172254	1400
0.172254	1400
0.172462	1400
0.172462	1400
0.172462	1400
0.172462	1400
0.172462	1400
0.172462	1400
0.172462	1400
0.172462	1400
0.172462	1400
0.172579	1400
0.172579	1400
0.172579	1400
0.172579	1400
0.172579	1400
0.172579	1400
0.172579	1400
0.172683	1400
0.172683	1400
0.172683	1400
0.172683	1400
0.172683	1400
0.172683	1400
0.172683	1400
0.172683	1400
0.172683	1400
0.172779	1400
0.172779	1400
0.172779	1400
0.172779	1400
0.172779	1400
0.172779	1400
0.172779	1400
0.172879	1400
0.172879	1400
0.172879	1400
0.172879	1400
0.172879	1400
0.172879	1400
0.172879	1400
0.172983	1400
0.172983	1400
0.172983	1400
0.172983	1400
0.172983	1400
0.172983	1400
0.172983	1400
0.172983	1400
0.172983	1400
0.173071	1400
0.173071	1400
0.173071	1400
0.173071	1400
0.173071	1400
0.173071	1400
0.173071	1400
0.173183	1400
0.173183	1400
0.173183	1400
0.173183	1400
0.173183	1400
0.173183	1400
0.173183	1400
0.173183	1400
0.173183	1400
0.173183	1400
0.173183	1400
0.173183	1400
0.173183	1400
0.173283	1400
0.173283	1400
0.173283	1400
0.173283	1400
0.173283	1400
0.173283	1400
0.173283	1400
0.173283	1400
0.173442	1400
0.173442	1400
0.173442	1400
0.173442	1400
0.173442	1400
0.173442	1400
0.173442	1400
0.173442	1400
0.173442	1400
0.173442	1400
0.173442	1400
0.17355	1400
0.17355	1400
0.17355	1400
0.17355	1400
0.17355	1400
0.17355	1400
0.17355	1400
0.17355	1400
0.17355	1400
0.17355	1400
0.17355	1400
0.17355	1400
0.17355	1400
0.17355	1400
0.173642	1400
0.173642	1400
0.173642	1400
0.173642	1400
0.173642	1400
0.173642	1400
0.173642	1400
0.173642	1400
0.173642	1400
0.173642	1400
0.173642	1400
0.173783	1400
0.173783	1400
0.173783	1400
0.173783	1400
0.173783	1400
0.173783	1400
0.173783	1400
0.173783	1400
0.173783	1400
0.173783	1400
0.173783	1400
0.173783	1400
0.173892	1400
0.173892	1400
0.173892	1400
0.173892	1400
0.173892	1400
0.173892	1400
0.173892	1400
0.173892	1400
0.173892	1400
0.173892	1400
0.173892	1400
0.173892	1400
0.173892	1400
0.173892	1400
