Rx 0.0219286 1 1 1 8 4714285
Rx 0.0229286 1 2 1 8 4714285
Rx 0.0239286 1 3 1 8 4714285
Rx 0.0239286 1 1 1 8 0
Rx 0.0249286 1 2 1 8 0
Rx 0.0249286 1 4 1 8 4714285
Rx 0.0259286 1 3 1 8 0
Rx 0.0259286 1 5 1 8 4714285
Rx 0.0259286 1 1 1 8 0
Rx 0.0269286 1 6 1 8 4714285
Rx 0.0269286 1 2 1 8 0
Rx 0.0269286 1 4 1 8 0
Rx 0.0279286 1 3 1 8 0
Rx 0.0279286 1 5 1 8 0
Rx 0.0279286 1 1 1 8 0
Rx 0.0289286 1 6 1 8 0
Rx 0.0289286 1 2 1 8 0
Rx 0.0289286 1 4 1 8 0
Rx 0.0292083 2 1 1 8 204160
Rx 0.0292125 2 2 1 8 208320
Rx 0.0292166 2 3 1 8 212480
Rx 0.0299286 1 3 1 8 0
Rx 0.0299286 1 5 1 8 0
Rx 0.0309286 1 6 1 8 0
Rx 0.0309286 1 4 1 8 0
Rx 0.0319286 1 5 1 8 0
Rx 0.0329286 1 6 1 8 0
Rx 0.0342083 2 4 1 8 204160
Rx 0.0342125 2 5 1 8 208320
Rx 0.0342166 2 6 1 8 212480
Rx 0.0409286 1 2 1 11 4714285
Rx 0.0409286 1 3 1 11 4714285
Rx 0.0409286 1 1 1 11 4714285
Rx 0.0429286 1 2 1 11 0
Rx 0.0429286 1 3 1 11 0
Rx 0.0429286 1 1 1 11 0
Rx 0.0449286 1 2 1 11 0
Rx 0.0449286 1 3 1 11 0
Rx 0.0449286 1 1 1 2 0
Rx 0.0449286 1 1 1 7 4714285
Rx 0.0459286 1 6 1 11 4714285
Rx 0.0459286 1 5 1 11 4714285
Rx 0.0459286 1 4 1 11 4714285
Rx 0.0469286 1 2 1 2 0
Rx 0.0469286 1 2 1 7 4714285
Rx 0.0469286 1 3 1 2 0
Rx 0.0469286 1 3 1 7 4714285
Rx 0.0469286 1 1 1 11 0
Rx 0.0469286 1 1 1 11 0
Rx 0.0479286 1 6 1 11 0
Rx 0.0479286 1 5 1 11 0
Rx 0.0479286 1 4 1 2 0
Rx 0.0479286 1 4 1 7 4714285
Rx 0.0499286 1 6 1 2 0
Rx 0.0499286 1 6 1 7 4714285
Rx 0.0499286 1 5 1 2 0
Rx 0.0499286 1 5 1 7 4714285
Rx 0.0499286 1 4 1 11 0
Rx 0.0499286 1 4 1 11 0
Rx 0.0519286 1 6 1 11 0
Rx 0.0519286 1 6 1 11 0
Rx 0.0519286 1 5 1 11 0
Rx 0.0519286 1 5 1 11 0
Rx 0.0519286 1 4 1 7 0
Rx 0.0519286 1 4 1 7 0
Rx 0.0519286 1 1 1 7 0
Rx 0.0519286 1 1 1 7 0
Rx 0.0529286 1 2 1 7 0
Rx 0.0529286 1 2 1 7 0
Rx 0.0539286 1 3 1 7 0
Rx 0.0539286 1 3 1 7 0
Rx 0.0549286 1 4 1 7 0
Rx 0.0549286 1 4 1 7 0
Rx 0.0559286 1 5 1 7 0
Rx 0.0559286 1 5 1 7 0
Rx 0.0559286 1 1 1 7 0
Rx 0.0559286 1 1 1 7 0
Rx 0.0569286 1 6 1 7 0
Rx 0.0569286 1 6 1 7 0
Rx 0.0569286 1 2 1 7 0
Rx 0.0569286 1 2 1 7 0
Rx 0.0569286 1 3 1 7 0
Rx 0.0569286 1 3 1 7 0
Rx 0.0589286 1 4 1 7 0
Rx 0.0589286 1 4 1 7 0
Rx 0.0599286 1 5 1 7 0
Rx 0.0599286 1 5 1 7 0
Rx 0.0609286 1 6 1 7 0
Rx 0.0609286 1 6 1 7 0
Rx 0.0819286 1 1 1 2 0
Rx 0.0819286 1 1 1 2 0
Rx 0.0819286 1 1 1 7 4714285
Rx 0.0819286 1 1 1 7 4714285
Rx 0.0839286 1 1 1 7 0
Rx 0.0839286 1 1 1 7 0
Rx 0.0849286 1 4 1 2 0
Rx 0.0849286 1 4 1 2 0
Rx 0.0849286 1 4 1 7 4714285
Rx 0.0849286 1 4 1 7 4714285
Rx 0.0859286 1 5 1 2 0
Rx 0.0859286 1 5 1 2 0
Rx 0.0859286 1 5 1 7 4714285
Rx 0.0859286 1 5 1 7 4714285
Rx 0.0859286 1 1 1 7 0
Rx 0.0859286 1 1 1 7 0
Rx 0.0869286 1 6 1 2 0
Rx 0.0869286 1 6 1 2 0
Rx 0.0869286 1 6 1 7 4714285
Rx 0.0869286 1 6 1 7 4714285
Rx 0.0869286 1 4 1 7 0
Rx 0.0869286 1 4 1 7 0
Rx 0.0879286 1 2 1 2 0
Rx 0.0879286 1 2 1 2 0
Rx 0.0879286 1 2 1 7 4714285
Rx 0.0879286 1 2 1 7 4714285
Rx 0.0879286 1 5 1 7 0
Rx 0.0879286 1 5 1 7 0
Rx 0.0879286 1 1 1 2 0
Rx 0.0879286 1 1 1 2 0
Rx 0.0879286 1 1 1 7 0
Rx 0.0879286 1 1 1 7 0
Rx 0.0889286 1 6 1 7 0
Rx 0.0889286 1 6 1 7 0
Rx 0.0889286 1 4 1 7 0
Rx 0.0889286 1 4 1 7 0
Rx 0.0899286 1 3 1 2 0
Rx 0.0899286 1 3 1 2 0
Rx 0.0899286 1 3 1 7 4714285
Rx 0.0899286 1 3 1 7 4714285
Rx 0.0899286 1 5 1 7 0
Rx 0.0899286 1 5 1 7 0
Rx 0.0909286 1 6 1 7 0
Rx 0.0909286 1 6 1 7 0
Rx 0.0909286 1 2 1 7 0
Rx 0.0909286 1 2 1 7 0
Rx 0.0909286 1 4 1 2 0
Rx 0.0909286 1 4 1 2 0
Rx 0.0909286 1 4 1 7 0
Rx 0.0909286 1 4 1 7 0
Rx 0.0919286 1 3 1 7 0
Rx 0.0919286 1 3 1 7 0
Rx 0.0919286 1 5 1 2 0
Rx 0.0919286 1 5 1 2 0
Rx 0.0919286 1 5 1 7 0
Rx 0.0919286 1 5 1 7 0
Rx 0.0929286 1 6 1 2 0
Rx 0.0929286 1 6 1 2 0
Rx 0.0929286 1 6 1 7 0
Rx 0.0929286 1 6 1 7 0
Rx 0.0929286 1 2 1 7 0
Rx 0.0929286 1 2 1 7 0
Rx 0.0939286 1 3 1 7 0
Rx 0.0939286 1 3 1 7 0
Rx 0.0949286 1 2 1 2 0
Rx 0.0949286 1 2 1 2 0
Rx 0.0949286 1 2 1 7 0
Rx 0.0949286 1 2 1 7 0
Rx 0.0959286 1 3 1 2 0
Rx 0.0959286 1 3 1 2 0
Rx 0.0959286 1 3 1 7 0
Rx 0.0959286 1 3 1 7 0
Rx 0.0979286 1 2 1 7 0
Rx 0.0979286 1 2 1 7 0
Rx 0.102912 2 4 3 2 0
Rx 0.102912 2 4 3 62 208320
Rx 0.107808 2 4 3 2 0
Rx 0.107808 2 4 3 58 204160
Rx 0.112708 2 4 3 2 0
Rx 0.112708 2 4 3 114 204160
Rx 0.117608 2 4 3 2 0
Rx 0.117608 2 4 3 225 204160
Rx 0.122508 2 4 3 2 0
Rx 0.122508 2 4 3 391 204160
Rx 0.122917 2 2 3 2 0
Rx 0.122917 2 2 3 62 212480
Rx 0.123408 2 4 3 58 204160
Rx 0.125408 2 4 3 2 0
Rx 0.127408 2 4 3 2 0
Rx 0.127408 2 4 3 724 204160
Rx 0.128208 2 2 3 2 0
Rx 0.128208 2 2 3 58 204160
Rx 0.128308 2 4 3 169 204160
Rx 0.130308 2 4 3 2 0
Rx 0.130912 2 1 3 2 0
Rx 0.130912 2 1 3 62 208320
Rx 0.132308 2 4 3 2 0
Rx 0.132308 2 4 3 1390 204160
Rx 0.133108 2 2 3 2 0
Rx 0.133108 2 2 3 114 204160
Rx 0.133208 2 4 3 391 204160
Rx 0.135208 2 4 3 2 0
Rx 0.137208 2 4 3 2 0
Rx 0.137208 2 4 3 1768 204160
Rx 0.137312 2 4 3 959 208320
Rx 0.138108 2 4 3 780 204160
Rx 0.138708 2 2 3 2 0
Rx 0.138708 2 2 3 225 504160
Rx 0.140108 2 4 3 2 0
Rx 0.140108 2 4 3 58 204160
Rx 0.142108 2 4 3 2 0
Rx 0.142108 2 4 3 1768 204160
Rx 0.142212 2 4 3 3554 208320
Rx 0.142912 2 6 3 2 0
Rx 0.142912 2 6 3 62 208320
Rx 0.143008 2 4 3 1571 204160
Rx 0.143608 2 2 3 2 0
Rx 0.143608 2 2 3 391 204160
Rx 0.144521 2 2 3 58 216640
Rx 0.145008 2 4 3 2 0
Rx 0.145008 2 4 3 225 204160
Rx 0.146596 2 2 3 2 0
Rx 0.147096 2 4 3 2 0
Rx 0.147096 2 4 3 1768 291520
Rx 0.147196 2 4 3 3554 291520
Rx 0.147242 2 4 3 2071 237440
Rx 0.147325 2 4 3 1446 220800
Rx 0.147496 2 4 3 1335 291520
Rx 0.147596 2 4 3 336 291520
Rx 0.147708 2 4 3 1390 204160
Rx 0.147812 2 6 3 2 0
Rx 0.147812 2 6 3 58 208320
Rx 0.148129 2 4 3 2 0
Rx 0.148608 2 2 3 2 0
Rx 0.148933 2 2 3 724 229120
Rx 0.149496 2 2 3 169 291520
Rx 0.149912 2 4 3 2 0
Rx 0.149912 2 4 3 2278 208320
Rx 0.150996 2 5 3 2 0
Rx 0.150996 2 5 3 62 291520
Rx 0.151421 2 2 3 2 0
Rx 0.151996 2 4 3 2 0
Rx 0.151996 2 4 3 1768 291520
Rx 0.152096 2 4 3 2901 291520
Rx 0.152196 2 4 3 1501 291520
Rx 0.152296 2 4 3 1446 291520
Rx 0.152396 2 4 3 1335 291520
Rx 0.152496 2 4 3 1390 291520
Rx 0.152596 2 4 3 1057 291520
Rx 0.152696 2 4 3 1446 291520
Rx 0.152796 2 6 3 2 0
Rx 0.152796 2 6 3 114 291520
Rx 0.152996 2 4 3 2 0
Rx 0.153175 2 4 3 3554 270720
Rx 0.153217 2 4 3 3613 212480
Rx 0.153396 2 4 3 1446 291520
Rx 0.153496 2 4 3 946 291520
Rx 0.153833 2 2 3 2 0
Rx 0.153833 2 2 3 688 229120
Rx 0.153937 2 2 3 706 233280
Rx 0.153942 2 4 3 2 0
Rx 0.154212 2 2 3 391 208320
Rx 0.154617 2 4 3 1772 212480
Rx 0.154812 2 4 3 2564 208320
Rx 0.154912 2 4 3 2 0
Rx 0.156496 2 2 3 2 0
Rx 0.156896 2 4 3 2 0
Rx 0.156896 2 4 3 3550 291520
Rx 0.156996 2 4 3 2507 291520
Rx 0.157096 2 4 3 1501 291520
Rx 0.157196 2 4 3 1335 291520
Rx 0.157296 2 4 3 1390 291520
Rx 0.157496 2 4 3 1772 291520
Rx 0.157596 2 4 3 1732 291520
Rx 0.157696 2 6 3 2 0
Rx 0.157696 2 6 3 225 291520
Rx 0.157796 2 4 3 1446 291520
Rx 0.157996 2 4 3 2 0
Rx 0.157996 2 4 3 1768 291520
Rx 0.158096 2 4 3 1772 291520
Rx 0.158196 2 4 3 2021 291520
Rx 0.158296 2 4 3 1446 291520
Rx 0.158396 2 4 3 1390 291520
Rx 0.158496 2 4 3 1335 291520
Rx 0.158596 2 4 3 613 291520
Rx 0.158887 2 4 3 1224 283200
Rx 0.158892 2 2 3 2 0
Rx 0.158987 2 4 3 2 0
Rx 0.158992 2 2 3 764 287360
Rx 0.159096 2 2 3 797 291520
Rx 0.159196 2 4 3 1772 291520
Rx 0.159292 2 4 3 622 287360
Rx 0.159296 2 2 3 447 291520
Rx 0.159396 2 2 3 280 291520
Rx 0.159496 2 4 3 1279 291520
Rx 0.159587 2 4 3 613 283200
Rx 0.159592 2 2 3 502 287360
Rx 0.159696 2 2 3 225 291520
Rx 0.159796 2 4 3 669 291520
Rx 0.159896 2 2 3 2 0
Rx 0.159996 2 4 3 2 0
Rx 0.160096 2 4 3 3444 291520
Rx 0.160296 2 4 3 1772 291520
Rx 0.160396 2 4 3 2342 291520
Rx 0.160596 2 4 3 2944 291520
Rx 0.160796 2 4 3 1501 291520
Rx 0.160996 2 4 3 2 0
Rx 0.161096 2 4 3 3554 291520
Rx 0.161162 2 2 3 2 0
Rx 0.161162 2 2 3 558 258240
Rx 0.161296 2 4 3 3446 291520
Rx 0.161396 2 4 3 1335 291520
Rx 0.161496 2 4 3 891 291520
Rx 0.161596 2 4 3 1279 291520
Rx 0.161896 2 4 3 1772 291520
Rx 0.161996 2 4 3 2 0
Rx 0.162196 2 4 3 3554 291520
Rx 0.162296 2 4 3 3177 291520
Rx 0.162396 2 4 3 1113 291520
Rx 0.162496 2 4 3 669 291520
Rx 0.162596 2 6 3 2 0
Rx 0.162596 2 6 3 447 291520
Rx 0.162696 2 4 3 1279 291520
Rx 0.162796 2 4 3 1446 291520
Rx 0.162996 2 4 3 2 0
Rx 0.163096 2 4 3 3554 291520
Rx 0.163296 2 4 3 3502 291520
Rx 0.163396 2 4 3 1390 291520
Rx 0.163496 2 2 3 558 0
Rx 0.163596 2 4 3 1772 291520
Rx 0.163696 2 4 3 1010 291520
Rx 0.163796 2 2 3 2 0
Rx 0.163796 2 2 3 613 291520
Rx 0.163896 2 4 3 1446 291520
Rx 0.163996 2 2 3 613 291520
Rx 0.164087 2 2 3 336 283200
Rx 0.164092 2 4 3 2 0
Rx 0.164092 2 4 3 1335 287360
Rx 0.164196 2 4 3 669 291520
Rx 0.164296 2 2 3 613 291520
Rx 0.164396 2 4 3 1446 291520
Rx 0.164487 2 4 3 669 283200
Rx 0.164492 2 2 3 558 287360
Rx 0.164596 2 2 3 336 291520
Rx 0.164696 2 4 3 780 291520
Rx 0.164796 2 2 3 2 0
Rx 0.164896 2 2 3 558 291520
Rx 0.164996 2 4 3 1772 291520
Rx 0.165096 2 2 3 669 291520
Rx 0.165187 2 2 3 225 283200
Rx 0.165196 2 4 3 2 0
Rx 0.165196 2 4 3 1843 291520
Rx 0.165296 2 4 3 669 291520
Rx 0.165396 2 2 3 613 291520
Rx 0.165496 2 4 3 1390 291520
Rx 0.165592 2 4 3 780 287360
Rx 0.165596 2 2 3 558 291520
Rx 0.165796 2 4 3 669 291520
Rx 0.165896 2 2 3 2 0
Rx 0.165896 2 2 3 336 291520
Rx 0.165987 2 2 3 225 283200
Rx 0.165992 2 4 3 1772 287360
Rx 0.166096 2 4 3 1010 291520
Rx 0.166196 2 2 3 613 291520
Rx 0.166296 2 4 3 2 0
Rx 0.166296 2 4 3 1501 291520
Rx 0.166392 2 4 3 1390 287360
Rx 0.166396 2 2 3 225 291520
Rx 0.166596 2 4 3 1772 291520
Rx 0.166796 2 4 3 2509 291520
Rx 0.166896 2 4 3 1335 291520
Rx 0.167087 2 2 3 2 0
Rx 0.167092 2 4 3 1772 287360
Rx 0.167196 2 4 3 2453 291520
Rx 0.167396 2 4 3 2 0
Rx 0.167396 2 4 3 1768 291520
Rx 0.167496 2 4 3 681 291520
Rx 0.167692 2 4 3 1002 287360
Rx 0.167696 2 6 3 2 0
Rx 0.167696 2 6 3 169 291520
Rx 0.167792 2 6 3 669 287360
Rx 0.167796 2 4 3 780 291520
Rx 0.167996 2 4 3 1772 291520
Rx 0.168096 2 4 3 2453 291520
Rx 0.168296 2 4 3 1772 291520
Rx 0.168396 2 4 3 2 0
Rx 0.168583 2 4 3 3554 279040
Rx 0.168587 2 6 3 58 283200
Rx 0.168592 2 2 3 2 0
Rx 0.168592 2 2 3 502 287360
Rx 0.168692 2 4 3 513 287360
Rx 0.168696 2 2 3 336 291520
Rx 0.168792 2 4 3 724 287360
Rx 0.168796 2 2 3 336 291520
Rx 0.168887 2 4 3 558 283200
Rx 0.168892 2 2 3 280 287360
Rx 0.168987 2 4 3 613 283200
Rx 0.168992 2 2 3 280 287360
Rx 0.169087 2 4 3 613 283200
Rx 0.169092 2 2 3 280 287360
Rx 0.169187 2 4 3 613 283200
Rx 0.169192 2 2 3 280 287360
Rx 0.169287 2 4 3 613 283200
Rx 0.169292 2 2 3 336 287360
Rx 0.169387 2 4 3 2 0
Rx 0.169392 2 2 3 280 287360
Rx 0.169487 2 4 3 1224 283200
Rx 0.169596 2 4 3 613 291520
Rx 0.169692 2 2 3 2 0
Rx 0.169692 2 2 3 558 287360
Rx 0.169796 2 2 3 336 291520
Rx 0.169896 2 4 3 1224 291520
Rx 0.169987 2 4 3 613 283200
Rx 0.169992 2 2 3 613 287360
Rx 0.170096 2 2 3 336 291520
Rx 0.170196 2 4 3 1446 291520
Rx 0.170296 2 2 3 613 291520
Rx 0.170375 2 4 3 2 0
Rx 0.170379 2 2 3 225 274880
Rx 0.170487 2 4 3 1557 283200
Rx 0.170492 2 6 3 2 0
Rx 0.170587 2 4 3 502 283200
Rx 0.170596 2 2 3 169 291520
Rx 0.170696 2 2 3 2 0
Rx 0.170796 2 4 3 558 291520
Rx 0.170887 2 4 3 613 283200
Rx 0.170892 2 2 3 764 287360
Rx 0.170987 2 2 3 298 283200
Rx 0.170996 2 3 3 2 0
Rx 0.170996 2 3 3 62 291520
Rx 0.171096 2 4 3 1390 291520
Rx 0.171196 2 2 3 613 291520
Rx 0.171296 2 4 3 1224 291520
Rx 0.171387 2 4 3 2 0
Rx 0.171392 2 2 3 613 287360
Rx 0.171596 2 4 3 1772 291520
Rx 0.171787 2 2 3 669 283200
Rx 0.171796 2 4 3 844 291520
Rx 0.171892 2 4 3 447 287360
Rx 0.171896 2 1 3 2 0
Rx 0.171983 2 1 3 45 279040
Rx 0.171987 2 2 3 502 283200
Rx 0.171992 2 4 3 780 287360
Rx 0.172092 2 1 3 17 287360
Rx 0.172096 2 2 3 280 291520
Rx 0.172192 2 4 3 1335 287360
Rx 0.172287 2 2 3 2 0
Rx 0.172292 2 2 3 502 287360
Rx 0.172296 2 4 3 613 291520
Rx 0.172387 2 2 3 280 283200
Rx 0.172496 2 4 3 2 0
Rx 0.172496 2 4 3 1168 291520
Rx 0.172583 2 2 3 169 279040
Rx 0.172587 2 4 3 391 283200
Rx 0.172687 2 6 3 2 0
Rx 0.172687 2 6 3 558 283200
Rx 0.172692 2 2 3 2 0
Rx 0.172783 2 6 3 225 279040
Rx 0.172787 2 4 3 502 283200
Rx 0.172883 2 6 3 169 279040
Rx 0.172887 2 2 3 558 283200
Rx 0.172892 2 4 3 391 287360
Rx 0.172987 2 6 3 169 283200
Rx 0.172992 2 2 3 225 287360
Rx 0.173075 2 6 3 169 270720
Rx 0.173079 2 4 3 891 274880
Rx 0.173192 2 2 3 169 287360
Rx 0.173196 2 4 3 391 291520
Rx 0.173396 2 4 3 891 291520
Rx 0.173496 2 4 3 2 0
Rx 0.173696 2 4 3 1168 291520
Rx 0.173787 2 2 3 2 0
Rx 0.173787 2 2 3 760 283200
Rx 0.173792 2 6 3 2 0
Rx 0.173896 2 2 3 579 291520
Rx 0.173992 2 2 3 280 287360
Rx 0.173996 2 4 3 1772 291520
Rx 0.174087 2 2 3 280 283200
Rx 0.174096 2 4 3 899 291520
Rx 0.174187 2 2 3 280 283200
Rx 0.174192 2 1 3 2 0
Rx 0.174287 2 2 3 280 283200
Rx 0.174292 2 4 3 1613 287360
Rx 0.174387 2 2 3 280 283200
Rx 0.174396 2 4 3 861 291520
Rx 0.174596 2 4 3 2 0
Rx 0.174596 2 4 3 1768 291520
Rx 0.174692 2 4 3 147 287360
Rx 0.174696 2 2 3 502 291520
Rx 0.174796 2 2 3 2 0
Rx 0.174896 2 4 3 1772 291520
Rx 0.174996 2 2 3 764 291520
Rx 0.175087 2 2 3 409 283200
Rx 0.175096 2 4 3 2369 291520
Rx 0.175196 2 4 3 957 291520
Rx 0.175296 2 2 3 669 291520
Rx 0.175392 2 4 3 1772 287360
Rx 0.175396 2 6 3 502 291520
Rx 0.175487 2 2 3 225 283200
Rx 0.175496 2 4 3 1017 291520
Rx 0.175696 2 4 3 2 0
Rx 0.175792 2 2 3 2 0
Rx 0.175987 2 4 3 3554 283200
Rx 0.175996 2 2 3 1501 291520
Rx 0.176083 2 2 3 336 279040
Rx 0.176092 2 4 3 1461 287360
Rx 0.176196 2 4 3 1036 291520
Rx 0.176287 2 4 3 877 283200
Rx 0.176292 2 2 3 558 287360
Rx 0.176387 2 4 3 798 283200
Rx 0.176392 2 2 3 280 287360
Rx 0.176487 2 4 3 877 283200
Rx 0.176587 2 4 3 877 283200
Rx 0.176592 2 2 3 280 287360
Rx 0.176692 2 2 3 280 287360
Rx 0.176796 2 2 3 2 0
Rx 0.176887 2 2 3 613 283200
Rx 0.176892 2 4 3 2 0
Rx 0.176892 2 4 3 1752 287360
Rx 0.176987 2 2 3 280 283200
Rx 0.176996 2 4 3 877 291520
Rx 0.177096 2 2 3 336 291520
Rx 0.177196 2 4 3 1772 291520
Rx 0.177283 2 2 3 502 279040
Rx 0.177292 2 4 3 1256 287360
Rx 0.177396 2 2 3 225 291520
Rx 0.177483 2 4 3 1354 279040
Rx 0.177587 2 4 3 639 283200
Rx 0.177592 2 6 3 2 0
Rx 0.177592 2 6 3 558 287360
Rx 0.177683 2 6 3 225 279040
Rx 0.177687 2 2 3 391 283200
Rx 0.177783 2 4 3 559 279040
Rx 0.177787 2 6 3 169 283200
Rx 0.177792 2 2 3 2 0
Rx 0.177887 2 4 3 2 0
Rx 0.177892 2 6 3 169 287360
Rx 0.177983 2 6 3 169 279040
Rx 0.177987 2 2 3 558 283200
Rx 0.178083 2 4 3 1752 279040
Rx 0.178087 2 6 3 225 283200
Rx 0.178092 2 2 3 169 287360
Rx 0.178192 2 4 3 559 287360
Rx 0.178196 2 6 3 169 291520
Rx 0.178283 2 6 3 169 279040
Rx 0.178287 2 2 3 391 283200
Rx 0.178383 2 4 3 1195 279040
Rx 0.178387 2 6 3 169 283200
Rx 0.178392 2 2 3 169 287360
Rx 0.178487 2 4 3 559 283200
Rx 0.178492 2 6 3 169 287360
Rx 0.178592 2 2 3 169 287360
Rx 0.178692 2 4 3 639 287360
Rx 0.178696 2 2 3 169 291520
Rx 0.178796 2 6 3 2 0
Rx 0.178892 2 2 3 2 0
Rx 0.178892 2 2 3 558 287360
Rx 0.178992 2 4 3 2 0
Rx 0.178992 2 4 3 2308 287360
Rx 0.178996 2 2 3 225 291520
Rx 0.179096 2 6 3 336 291520
Rx 0.179192 2 4 3 1831 287360
Rx 0.179196 2 2 3 613 291520
Rx 0.179292 2 4 3 877 287360
Rx 0.179296 2 2 3 336 291520
Rx 0.179492 2 4 3 1752 287360
Rx 0.179496 2 2 3 336 291520
Rx 0.179596 2 4 3 877 291520
Rx 0.179783 2 4 3 877 279040
Rx 0.179787 2 2 3 764 283200
Rx 0.179883 2 4 3 877 279040
Rx 0.179887 2 2 3 2 0
Rx 0.179983 2 6 3 2 0
Rx 0.179992 2 2 3 797 287360
Rx 0.180083 2 4 3 2 0
Rx 0.180083 2 4 3 1672 279040
Rx 0.180087 2 2 3 169 283200
Rx 0.180187 2 4 3 559 283200
Rx 0.180192 2 2 3 225 287360
Rx 0.180279 2 6 3 558 274880
Rx 0.180283 2 2 3 169 279040
Rx 0.180387 2 4 3 1195 283200
Rx 0.180392 2 2 3 169 287360
Rx 0.180487 2 4 3 559 283200
Rx 0.180492 2 6 3 336 287360
Rx 0.180596 2 6 3 114 291520
Rx 0.180692 2 4 3 639 287360
Rx 0.180696 2 2 3 447 291520
Rx 0.180792 2 2 3 336 287360
Rx 0.180992 2 4 3 2626 287360
Rx 0.180996 2 2 3 2 0
Rx 0.180996 2 2 3 613 291520
Rx 0.181087 2 6 3 2 0
Rx 0.181092 2 2 3 336 287360
Rx 0.181196 2 4 3 2 0
Rx 0.181196 2 4 3 1911 291520
Rx 0.181292 2 4 3 877 287360
Rx 0.181296 2 2 3 613 291520
Rx 0.181396 2 2 3 280 291520
Rx 0.181496 2 4 3 1752 291520
Rx 0.181592 2 4 3 877 287360
Rx 0.181596 2 2 3 336 291520
Rx 0.181696 2 2 3 280 291520
Rx 0.181796 2 4 3 957 291520
Rx 0.181896 2 2 3 613 291520
Rx 0.181987 2 2 3 2 0
Rx 0.181992 2 4 3 1772 287360
Rx 0.182096 2 4 3 1176 291520
Rx 0.182196 2 2 3 764 291520
Rx 0.182296 2 4 3 2 0
Rx 0.182296 2 4 3 1672 291520
Rx 0.182387 2 2 3 520 283200
Rx 0.182396 2 4 3 559 291520
Rx 0.182487 2 6 3 2 0
Rx 0.182487 2 6 3 669 283200
Rx 0.182583 2 6 3 169 279040
Rx 0.182587 2 4 3 1354 283200
Rx 0.182683 2 6 3 225 279040
Rx 0.182787 2 6 3 169 283200
Rx 0.182792 2 2 3 558 287360
Rx 0.182883 2 6 3 169 279040
Rx 0.182887 2 4 3 1275 283200
Rx 0.182983 2 6 3 169 279040
Rx 0.182987 2 2 3 2 0
Rx 0.182992 2 4 3 639 287360
Rx 0.183087 2 6 3 169 283200
Rx 0.183092 2 2 3 558 287360
Rx 0.183183 2 6 3 169 279040
Rx 0.183187 2 4 3 1195 283200
Rx 0.183287 2 2 3 280 283200
Rx 0.183292 2 4 3 2 0
Rx 0.183396 2 2 3 169 291520
Rx 0.183487 2 4 3 1772 283200
Rx 0.183492 2 6 3 2 0
Rx 0.183587 2 4 3 699 283200
Rx 0.183592 2 6 3 558 287360
Rx 0.183596 2 2 3 114 291520
Rx 0.183696 2 2 3 169 291520
Rx 0.183787 2 4 3 559 283200
Rx 0.183792 2 6 3 391 287360
Rx 0.183883 2 4 3 639 279040
Rx 0.183887 2 6 3 169 283200
Rx 0.183892 2 2 3 336 287360
Rx 0.183996 2 2 3 2 0
