0.107308	1400
0.112212	1400
0.112212	1400
0.117121	1400
0.117121	1400
0.117121	1400
0.117121	1400
0.122033	1400
0.122033	1400
0.122033	1400
0.122033	1400
0.122033	1400
0.122033	1400
0.122033	1400
0.122908	1400
0.126954	1400
0.126954	1400
0.126954	1400
0.126954	1400
0.126954	1400
0.126954	1400
0.126954	1400
0.126954	1400
0.126954	1400
0.126954	1400
0.126954	1400
0.126954	1400
0.126954	1400
0.127812	1400
0.127812	1400
0.127812	1400
0.131846	1400
0.131846	1400
0.131846	1400
0.131846	1400
0.131846	1400
0.131846	1400
0.131846	1400
0.131846	1400
0.131846	1400
0.131846	1400
0.131846	1400
0.132717	1400
0.132717	1400
0.132717	1400
0.132717	1400
0.136746	1400
0.136746	1400
0.136746	1400
0.136746	1400
0.136746	1400
0.136746	1400
0.136746	1400
0.136746	1400
0.136746	1400
0.136746	1400
0.136746	1400
0.137621	1400
0.137621	1400
0.137621	1400
0.137621	1400
0.137621	1400
0.141646	1400
0.141646	1400
0.141646	1400
0.141646	1400
0.141646	1400
0.141646	1400
0.141646	1400
0.141646	1400
0.141646	1400
0.141646	1400
0.141646	1400
0.142525	1400
0.142525	1400
0.142525	1400
0.142525	1400
0.142525	1400
0.142525	1400
0.142525	1400
0.146542	1400
0.146542	1400
0.146542	1400
0.146542	1400
0.146542	1400
0.146542	1400
0.146542	1400
0.146542	1400
0.146542	1400
0.146542	1400
0.147433	1400
0.147433	1400
0.147433	1400
0.147433	1400
0.147433	1400
0.147433	1400
0.147433	1400
0.147433	1400
0.149408	1400
0.151442	1400
0.151442	1400
0.151442	1400
0.151442	1400
0.151442	1400
0.151442	1400
0.151442	1400
0.151442	1400
0.151442	1400
0.152337	1400
0.152337	1400
0.152337	1400
0.152337	1400
0.152337	1400
0.152337	1400
0.152337	1400
0.152337	1400
0.152337	1400
0.153208	1400
0.154308	1400
0.156337	1400
0.156337	1400
0.156337	1400
0.156337	1400
0.156337	1400
0.156337	1400
0.156337	1400
0.156337	1400
0.157242	1400
0.157242	1400
0.157242	1400
0.157242	1400
0.157242	1400
0.157242	1400
0.157242	1400
0.157242	1400
0.157242	1400
0.157242	1400
0.158108	1400
0.158108	1400
0.161237	1400
0.161237	1400
0.161237	1400
0.161237	1400
0.161237	1400
0.161237	1400
0.161237	1400
0.161237	1400
0.162142	1400
0.162142	1400
0.162142	1400
0.162142	1400
0.162142	1400
0.162142	1400
0.162142	1400
0.162142	1400
0.162142	1400
0.162142	1400
0.162142	1400
0.163012	1400
0.163012	1400
0.163012	1400
0.166133	1400
0.166133	1400
0.166133	1400
0.166133	1400
0.166133	1400
0.166133	1400
0.166133	1400
0.167046	1400
0.167046	1400
0.167046	1400
0.167046	1400
0.167046	1400
0.167046	1400
0.167046	1400
0.167046	1400
0.167046	1400
0.167046	1400
0.167046	1400
0.167046	1400
0.167917	1400
0.167917	1400
0.167917	1400
0.167917	1400
0.171029	1400
0.171029	1400
0.171029	1400
0.171029	1400
0.171029	1400
0.171029	1400
0.171029	1400
0.17195	1400
0.17195	1400
0.17195	1400
0.17195	1400
0.17195	1400
0.17195	1400
0.17195	1400
0.17195	1400
0.17195	1400
0.17195	1400
0.17195	1400
0.17195	1400
0.172817	1400
0.172817	1400
0.172817	1400
0.172817	1400
0.174908	1400
0.176875	1400
0.176875	1400
0.176875	1400
0.176875	1400
0.176875	1400
0.176875	1400
0.176875	1400
0.176875	1400
0.176875	1400
0.176875	1400
0.176875	1400
0.176875	1400
0.176875	1400
0.176875	1400
0.176875	1400
0.176875	1400
0.176875	1400
0.176875	1400
0.176875	1400
0.177717	1400
0.177717	1400
0.177717	1400
0.177717	1400
0.177808	1400
0.179808	1400
0.181779	1400
0.181779	1400
0.181779	1400
0.181779	1400
0.181779	1400
0.181779	1400
0.181779	1400
0.181779	1400
0.181779	1400
0.181779	1400
0.181779	1400
0.181779	1400
0.181779	1400
0.181779	1400
0.181779	1400
0.181779	1400
0.181779	1400
0.181779	1400
0.181779	1400
0.182625	1400
0.182625	1400
0.182625	1400
0.182625	1400
0.182625	1400
0.182625	1400
0.184708	1400
0.186667	1400
0.186667	1400
0.186667	1400
0.186667	1400
0.186667	1400
0.186667	1400
0.186667	1400
0.186667	1400
0.186746	1400
0.186746	1400
0.186746	1400
0.186746	1400
0.186746	1400
0.186746	1400
0.186746	1400
0.186746	1400
0.186746	1400
0.186746	1400
0.186746	1400
0.187525	1400
0.187525	1400
0.187525	1400
0.187525	1400
0.187525	1400
0.187525	1400
0.187525	1400
0.189508	1400
0.191596	1400
0.191596	1400
0.191596	1400
0.191596	1400
0.191596	1400
0.191596	1400
0.191596	1400
0.191596	1400
0.191596	1400
0.191596	1400
0.191596	1400
0.191596	1400
0.191596	1400
0.191596	1400
0.191596	1400
0.191621	1400
0.191621	1400
0.191621	1400
0.191621	1400
0.192429	1400
0.192429	1400
0.192429	1400
0.192429	1400
0.192429	1400
0.192429	1400
0.192429	1400
0.193396	1400
0.194408	1400
0.196475	1400
0.196475	1400
0.196475	1400
0.196475	1400
0.196475	1400
0.196475	1400
0.196475	1400
0.196475	1400
0.196475	1400
0.196475	1400
0.196475	1400
0.196475	1400
0.196475	1400
0.196475	1400
0.196475	1400
0.196475	1400
0.196475	1400
0.196475	1400
0.196475	1400
0.197329	1400
0.197329	1400
0.197329	1400
0.197329	1400
0.197329	1400
0.197329	1400
0.197329	1400
0.198296	1400
0.198296	1400
0.201379	1400
0.201379	1400
0.201379	1400
0.201379	1400
0.201379	1400
0.201379	1400
0.201379	1400
0.201379	1400
0.201379	1400
0.201379	1400
0.201379	1400
0.201379	1400
0.201379	1400
0.201379	1400
0.201379	1400
0.201379	1400
0.201379	1400
0.201379	1400
0.201379	1400
0.201379	1400
0.202229	1400
0.202229	1400
0.202229	1400
0.202229	1400
0.202229	1400
0.202229	1400
0.202229	1400
0.203196	1400
0.203196	1400
0.203196	1400
0.206279	1400
0.206279	1400
0.206279	1400
0.206279	1400
0.206279	1400
0.206279	1400
0.206279	1400
0.206279	1400
0.206279	1400
0.206279	1400
0.206279	1400
0.206279	1400
0.206279	1400
0.206279	1400
0.206279	1400
0.206279	1400
0.206279	1400
0.206279	1400
0.206279	1400
0.206279	1400
0.207133	1400
0.207133	1400
0.207133	1400
0.207133	1400
0.207133	1400
0.207133	1400
0.207133	1400
0.208017	1400
0.208017	1400
0.208017	1400
0.208017	1400
0.211179	1400
0.211179	1400
0.211179	1400
0.211179	1400
0.211179	1400
0.211179	1400
0.211179	1400
0.211179	1400
0.211179	1400
0.211179	1400
0.211179	1400
0.211179	1400
0.211179	1400
0.211179	1400
0.211179	1400
0.211179	1400
0.211179	1400
0.211179	1400
0.211179	1400
0.211179	1400
0.212029	1400
0.212029	1400
0.212029	1400
0.212029	1400
0.212029	1400
0.212029	1400
0.212029	1400
0.212921	1400
0.212921	1400
0.212921	1400
0.212921	1400
0.212921	1400
0.216079	1400
0.216079	1400
0.216079	1400
0.216079	1400
0.216079	1400
0.216079	1400
0.216079	1400
0.216079	1400
0.216079	1400
0.216079	1400
0.216079	1400
0.216079	1400
0.216079	1400
0.216079	1400
0.216079	1400
0.216079	1400
0.216079	1400
0.216079	1400
0.216079	1400
0.216079	1400
0.216929	1400
0.216929	1400
0.216929	1400
0.216929	1400
0.216929	1400
0.216929	1400
0.216929	1400
0.217817	1400
0.217817	1400
0.217817	1400
0.217817	1400
0.219912	1400
0.219912	1400
0.221892	1400
0.221892	1400
0.221892	1400
0.221892	1400
0.221892	1400
0.221892	1400
0.221892	1400
0.221892	1400
0.221892	1400
0.221892	1400
0.221892	1400
0.221892	1400
0.221892	1400
0.221892	1400
0.221892	1400
0.221892	1400
0.221892	1400
0.221892	1400
0.221892	1400
0.221892	1400
0.221892	1400
0.221892	1400
0.221892	1400
0.221892	1400
0.221892	1400
0.221912	1400
0.221912	1400
0.222717	1400
0.222717	1400
0.222717	1400
0.222717	1400
0.222808	1400
0.224812	1400
0.224812	1400
0.226796	1400
0.226796	1400
0.226796	1400
0.226796	1400
0.226796	1400
0.226796	1400
0.226796	1400
0.226796	1400
0.226796	1400
0.226796	1400
0.226796	1400
0.226796	1400
0.226796	1400
0.226796	1400
0.226796	1400
0.226796	1400
0.226796	1400
0.226796	1400
0.226796	1400
0.226796	1400
0.226796	1400
0.226796	1400
0.226796	1400
0.226796	1400
0.226796	1400
0.226796	1400
0.226808	1400
0.227617	1400
0.227617	1400
0.227617	1400
0.227617	1400
0.229612	1400
0.229612	1400
0.229712	1400
0.229712	1400
0.231692	1400
0.231692	1400
0.231692	1400
0.231692	1400
0.231692	1400
0.231692	1400
0.231692	1400
0.231692	1400
0.231692	1400
0.231692	1400
0.231692	1400
0.231692	1400
0.231692	1400
0.231692	1400
0.231692	1400
0.231692	1400
0.231692	1400
0.231692	1400
0.231692	1400
0.231692	1400
0.231692	1400
0.231692	1400
0.231692	1400
0.231692	1400
0.231692	1400
0.231712	1400
0.231712	1400
0.232583	1400
0.232583	1400
0.232583	1400
0.232583	1400
0.234525	1400
0.234525	1400
0.234525	1400
0.234525	1400
0.234525	1400
0.234525	1400
0.236592	1400
0.236592	1400
0.236592	1400
0.236592	1400
0.236592	1400
0.236592	1400
0.236592	1400
0.236592	1400
0.236592	1400
0.236592	1400
0.236592	1400
0.236592	1400
0.236592	1400
0.236592	1400
0.236592	1400
0.236592	1400
0.236592	1400
0.236592	1400
0.236592	1400
0.236592	1400
0.236592	1400
0.236592	1400
0.236592	1400
0.236592	1400
0.236592	1400
0.236612	1400
0.237421	1400
0.237421	1400
0.237421	1400
0.237421	1400
0.237421	1400
0.239429	1400
0.239429	1400
0.239429	1400
0.239429	1400
0.239429	1400
0.239429	1400
0.239429	1400
0.241496	1400
0.241496	1400
0.241496	1400
0.241496	1400
0.241496	1400
0.241496	1400
0.241496	1400
0.241496	1400
0.241496	1400
0.241496	1400
0.241496	1400
0.241496	1400
0.241496	1400
0.241496	1400
0.241496	1400
0.241496	1400
0.241496	1400
0.241496	1400
0.241496	1400
0.241496	1400
0.241496	1400
0.241496	1400
0.241496	1400
0.241496	1400
0.241496	1400
0.242325	1400
0.242325	1400
0.242325	1400
0.242325	1400
0.242325	1400
0.242325	1400
0.244333	1400
0.244333	1400
0.244333	1400
0.244333	1400
0.244333	1400
0.244333	1400
0.244333	1400
0.246392	1400
0.246392	1400
0.246392	1400
0.246392	1400
0.246392	1400
0.246392	1400
0.246392	1400
0.246392	1400
0.246392	1400
0.246392	1400
0.246392	1400
0.246392	1400
0.246392	1400
0.246392	1400
0.246392	1400
0.246392	1400
0.246392	1400
0.246392	1400
0.246392	1400
0.246392	1400
0.246392	1400
0.246392	1400
0.246392	1400
0.246392	1400
0.246392	1400
0.247225	1400
0.247225	1400
0.247225	1400
0.247225	1400
0.247225	1400
0.247225	1400
0.247225	1400
0.249233	1400
0.249233	1400
0.249233	1400
0.249233	1400
0.249233	1400
0.249233	1400
0.249233	1400
0.250108	1400
0.251267	1400
0.251267	1400
0.251267	1400
0.251267	1400
0.251267	1400
0.251267	1400
0.251267	1400
0.251267	1400
0.251354	1400
0.251354	1400
0.251354	1400
0.251354	1400
0.251354	1400
0.251354	1400
0.251354	1400
0.251354	1400
0.251354	1400
0.251354	1400
0.251354	1400
0.251354	1400
0.251354	1400
0.251354	1400
0.251354	1400
0.251412	1400
0.252129	1400
0.252129	1400
0.252129	1400
0.252129	1400
0.252129	1400
0.252129	1400
0.252129	1400
0.253008	1400
0.254171	1400
0.254171	1400
0.254171	1400
0.254171	1400
0.254171	1400
0.254171	1400
0.254171	1400
0.255008	1400
0.255008	1400
0.256187	1400
0.256187	1400
0.256187	1400
0.256187	1400
0.256187	1400
0.256187	1400
0.256187	1400
0.256187	1400
0.256187	1400
0.256187	1400
0.256187	1400
0.256187	1400
0.256187	1400
0.256187	1400
0.256187	1400
0.256187	1400
0.256187	1400
0.256187	1400
0.256187	1400
0.256187	1400
0.256187	1400
0.256187	1400
0.256187	1400
0.257029	1400
0.257029	1400
0.257029	1400
0.257029	1400
0.257029	1400
0.257029	1400
0.257029	1400
0.257912	1400
0.257912	1400
0.257912	1400
0.259937	1400
0.259937	1400
0.259937	1400
0.259937	1400
0.259937	1400
0.259937	1400
0.259937	1400
0.259937	1400
0.260833	1400
0.261083	1400
0.261083	1400
0.261083	1400
0.261083	1400
0.261083	1400
0.261083	1400
0.261083	1400
0.261083	1400
0.261083	1400
0.261083	1400
0.261083	1400
0.261083	1400
0.261083	1400
0.261083	1400
0.261083	1400
0.261083	1400
0.261083	1400
0.261083	1400
0.261083	1400
0.261083	1400
0.261083	1400
0.261083	1400
0.261929	1400
0.261929	1400
0.261929	1400
0.261929	1400
0.261929	1400
0.261929	1400
0.261929	1400
0.262817	1400
0.262817	1400
0.262817	1400
0.262817	1400
0.264837	1400
0.264837	1400
0.264837	1400
0.264837	1400
0.264837	1400
0.264837	1400
0.264837	1400
0.264837	1400
0.265796	1400
0.265796	1400
0.265796	1400
0.265796	1400
0.265796	1400
0.265796	1400
0.265796	1400
0.265796	1400
0.265796	1400
0.265796	1400
0.265796	1400
0.265796	1400
0.265796	1400
0.265796	1400
0.267779	1400
0.267779	1400
0.267779	1400
0.267779	1400
0.267779	1400
0.267779	1400
0.267779	1400
0.267779	1400
0.267779	1400
0.267779	1400
0.267779	1400
0.267779	1400
0.267779	1400
0.267779	1400
0.267779	1400
0.267779	1400
0.267779	1400
0.267779	1400
0.267779	1400
0.267779	1400
0.267779	1400
0.268608	1400
0.269733	1400
0.269733	1400
0.269733	1400
0.269733	1400
0.269733	1400
0.269733	1400
0.269733	1400
0.270654	1400
0.270654	1400
0.270654	1400
0.270654	1400
0.270654	1400
0.270654	1400
0.270654	1400
0.270654	1400
0.270654	1400
0.270654	1400
0.270654	1400
0.270654	1400
0.270654	1400
0.270654	1400
0.271508	1400
0.27265	1400
0.27265	1400
0.27265	1400
0.27265	1400
0.27265	1400
0.27265	1400
0.27265	1400
0.27265	1400
0.27265	1400
0.27265	1400
0.27265	1400
0.27265	1400
0.272737	1400
0.272737	1400
0.272737	1400
0.272737	1400
0.272737	1400
0.272737	1400
0.272737	1400
0.272737	1400
0.272737	1400
0.273542	1400
0.273542	1400
0.274629	1400
0.274629	1400
0.274629	1400
0.274629	1400
0.274629	1400
0.274629	1400
0.274629	1400
0.275554	1400
0.275554	1400
0.275554	1400
0.275554	1400
0.275554	1400
0.275554	1400
0.275554	1400
0.275554	1400
0.275554	1400
0.275554	1400
0.275554	1400
0.275554	1400
0.275554	1400
0.276496	1400
0.276496	1400
0.278483	1400
0.278483	1400
0.278483	1400
0.278483	1400
0.278483	1400
0.278483	1400
0.278483	1400
0.278483	1400
0.278483	1400
0.278483	1400
0.278483	1400
0.278483	1400
0.278483	1400
0.278483	1400
0.278483	1400
0.278533	1400
0.278533	1400
0.278533	1400
0.278533	1400
0.278533	1400
0.278533	1400
0.278533	1400
0.278533	1400
0.279308	1400
0.279529	1400
0.279529	1400
0.279529	1400
0.279529	1400
0.279529	1400
0.279529	1400
0.279529	1400
0.28045	1400
0.28045	1400
0.28045	1400
0.28045	1400
0.28045	1400
0.28045	1400
0.28045	1400
0.28045	1400
0.28045	1400
0.28045	1400
0.28045	1400
0.28045	1400
0.281312	1400
0.281312	1400
0.281312	1400
0.283383	1400
0.283383	1400
0.283383	1400
0.283383	1400
0.283383	1400
0.283383	1400
0.283383	1400
0.283383	1400
0.283383	1400
0.283383	1400
0.283383	1400
0.283383	1400
0.283383	1400
0.283383	1400
0.283383	1400
0.283383	1400
0.283383	1400
0.283383	1400
0.283383	1400
0.283383	1400
0.283383	1400
0.283383	1400
0.283383	1400
0.284233	1400
0.284233	1400
0.284233	1400
0.284233	1400
0.284233	1400
0.284233	1400
0.284233	1400
0.284233	1400
0.285346	1400
0.285346	1400
0.285346	1400
0.285346	1400
0.285346	1400
0.285346	1400
0.285346	1400
0.285346	1400
0.285346	1400
0.285346	1400
0.285346	1400
0.285346	1400
0.286217	1400
0.286217	1400
0.286217	1400
0.286217	1400
0.288283	1400
0.288283	1400
0.288283	1400
0.288283	1400
0.288283	1400
0.288283	1400
0.288283	1400
0.288283	1400
0.288283	1400
0.288283	1400
0.288283	1400
0.288283	1400
0.288283	1400
0.288283	1400
0.288283	1400
0.288283	1400
0.288283	1400
0.288283	1400
0.288283	1400
0.288283	1400
0.288283	1400
0.288283	1400
0.288283	1400
0.289008	1400
0.289133	1400
0.289133	1400
0.289133	1400
0.289133	1400
0.289133	1400
0.289133	1400
0.289133	1400
0.290246	1400
0.290246	1400
0.290246	1400
0.290246	1400
0.290246	1400
0.290246	1400
0.290246	1400
0.290246	1400
0.290246	1400
0.290246	1400
0.290246	1400
0.290246	1400
0.291121	1400
0.291121	1400
0.291121	1400
0.291121	1400
0.291121	1400
0.293087	1400
0.293087	1400
0.293087	1400
0.293087	1400
0.293087	1400
0.293087	1400
0.293087	1400
0.293087	1400
0.293087	1400
0.293087	1400
0.293087	1400
0.293087	1400
0.293087	1400
0.293087	1400
0.293087	1400
0.293087	1400
0.293087	1400
0.293087	1400
0.293087	1400
0.293087	1400
0.293087	1400
0.293087	1400
0.293087	1400
0.293933	1400
0.293933	1400
0.293933	1400
0.293933	1400
0.293933	1400
0.293933	1400
0.293933	1400
0.293933	1400
0.295146	1400
0.295146	1400
0.295146	1400
0.295146	1400
0.295146	1400
0.295146	1400
0.295146	1400
0.295146	1400
0.295146	1400
0.295146	1400
0.295146	1400
0.295146	1400
0.296025	1400
0.296025	1400
0.296025	1400
0.296025	1400
0.296025	1400
0.296025	1400
0.297917	1400
0.297917	1400
0.297917	1400
0.298079	1400
0.298079	1400
0.298079	1400
0.298079	1400
0.298079	1400
0.298079	1400
0.298079	1400
0.298079	1400
0.298079	1400
0.298079	1400
0.298079	1400
0.298079	1400
0.298079	1400
0.298079	1400
0.298079	1400
0.298079	1400
0.298079	1400
0.298079	1400
0.298079	1400
0.298079	1400
0.298817	1400
0.298817	1400
0.298817	1400
0.298817	1400
0.298925	1400
0.298925	1400
0.298925	1400
0.298925	1400
0.298925	1400
0.300046	1400
0.300046	1400
0.300046	1400
0.300046	1400
0.300046	1400
0.300046	1400
0.300046	1400
0.300046	1400
0.300046	1400
0.300046	1400
0.300046	1400
0.300917	1400
0.300917	1400
0.300917	1400
0.300917	1400
0.302825	1400
0.302825	1400
0.302825	1400
0.302825	1400
0.302825	1400
0.302825	1400
0.302979	1400
0.302979	1400
0.302979	1400
0.302979	1400
0.302979	1400
0.302979	1400
0.302979	1400
0.302979	1400
0.302979	1400
0.302979	1400
0.302979	1400
0.302979	1400
0.302979	1400
0.302979	1400
0.302979	1400
0.302979	1400
0.302979	1400
0.302979	1400
0.302979	1400
0.302979	1400
0.303737	1400
0.303737	1400
0.303737	1400
0.303737	1400
0.303737	1400
0.303737	1400
0.303737	1400
0.303737	1400
0.303737	1400
0.304608	1400
0.304942	1400
0.304942	1400
0.304942	1400
0.304942	1400
0.304942	1400
0.304942	1400
0.304942	1400
0.304942	1400
0.304942	1400
0.304942	1400
0.305817	1400
0.305817	1400
0.305817	1400
0.305817	1400
0.305908	1400
0.307783	1400
0.307783	1400
0.307783	1400
0.307783	1400
0.307783	1400
0.307783	1400
0.307783	1400
0.307783	1400
0.307783	1400
0.307783	1400
0.307783	1400
0.307783	1400
0.307783	1400
0.307783	1400
0.307783	1400
0.307783	1400
0.307783	1400
0.307783	1400
0.307783	1400
0.307783	1400
0.307783	1400
0.307783	1400
0.307783	1400
0.307817	1400
0.307817	1400
0.307817	1400
0.308662	1400
0.308662	1400
0.308662	1400
0.308662	1400
0.308662	1400
0.308662	1400
0.308662	1400
0.308662	1400
0.308662	1400
0.309508	1400
0.309508	1400
0.309842	1400
0.309842	1400
0.309842	1400
0.309842	1400
0.309842	1400
0.309842	1400
0.309842	1400
0.309842	1400
0.309842	1400
0.310717	1400
0.310717	1400
0.310717	1400
0.310717	1400
0.310812	1400
0.310812	1400
0.312687	1400
0.312687	1400
0.312687	1400
0.312687	1400
0.312687	1400
0.312687	1400
0.312687	1400
0.312687	1400
0.312687	1400
0.312687	1400
0.312687	1400
0.312687	1400
0.312687	1400
0.312687	1400
0.312687	1400
0.312687	1400
0.312687	1400
0.312687	1400
0.312687	1400
0.312687	1400
0.312687	1400
0.312687	1400
0.312687	1400
0.312687	1400
0.312717	1400
0.312717	1400
0.313596	1400
0.313596	1400
0.313596	1400
0.313596	1400
0.313596	1400
0.313596	1400
0.313596	1400
0.313596	1400
0.313596	1400
0.314412	1400
0.314412	1400
0.314412	1400
0.314737	1400
0.314737	1400
0.314737	1400
0.314737	1400
0.314737	1400
0.314737	1400
0.314737	1400
0.314737	1400
0.315617	1400
0.315617	1400
0.315617	1400
0.315617	1400
0.315717	1400
0.315717	1400
0.315717	1400
0.317587	1400
0.317587	1400
0.317587	1400
0.317587	1400
0.317587	1400
0.317587	1400
0.317587	1400
0.317587	1400
0.317587	1400
0.317587	1400
0.317587	1400
0.317587	1400
0.317587	1400
0.317587	1400
0.317587	1400
0.317587	1400
0.317587	1400
0.317587	1400
0.317587	1400
0.317587	1400
0.317587	1400
0.317587	1400
0.317587	1400
0.317587	1400
0.317617	1400
0.317617	1400
0.318492	1400
0.318492	1400
0.318492	1400
0.318492	1400
0.318492	1400
0.318492	1400
0.318492	1400
0.318492	1400
0.318492	1400
0.319317	1400
0.319317	1400
0.319317	1400
0.319317	1400
0.319633	1400
0.319633	1400
0.319633	1400
0.319633	1400
0.319633	1400
0.319633	1400
0.319633	1400
0.320517	1400
0.320517	1400
0.320517	1400
0.320517	1400
0.320621	1400
0.320621	1400
0.320621	1400
0.320621	1400
0.322487	1400
0.322487	1400
0.322487	1400
0.322487	1400
0.322487	1400
0.322487	1400
0.322487	1400
0.322487	1400
0.322487	1400
0.322487	1400
0.322487	1400
0.322487	1400
0.322487	1400
0.322487	1400
0.322487	1400
0.322487	1400
0.322487	1400
0.322487	1400
0.322487	1400
0.322487	1400
0.322487	1400
0.322487	1400
0.322487	1400
0.322487	1400
0.322517	1400
0.322517	1400
0.323396	1400
0.323396	1400
0.323396	1400
0.323396	1400
0.323396	1400
0.323396	1400
0.323396	1400
0.323396	1400
0.323396	1400
0.324225	1400
0.324225	1400
0.324225	1400
0.324225	1400
0.324225	1400
0.324529	1400
0.324529	1400
0.324529	1400
0.324529	1400
0.324529	1400
0.324529	1400
0.324529	1400
0.325417	1400
0.325417	1400
0.325417	1400
0.325525	1400
0.325525	1400
0.325525	1400
0.325525	1400
0.325525	1400
0.327387	1400
0.327387	1400
0.327387	1400
0.327387	1400
0.327387	1400
0.327387	1400
0.327387	1400
0.327387	1400
0.327387	1400
0.327387	1400
0.327387	1400
0.327387	1400
0.327387	1400
0.327387	1400
0.327387	1400
0.327387	1400
0.327387	1400
0.327387	1400
0.327387	1400
0.327387	1400
0.327387	1400
0.327387	1400
0.327387	1400
0.327387	1400
0.327417	1400
0.327417	1400
0.328296	1400
0.328296	1400
0.328296	1400
0.328296	1400
0.328296	1400
0.328296	1400
0.328296	1400
0.328296	1400
0.328296	1400
0.329129	1400
0.329129	1400
0.329129	1400
0.329129	1400
0.329129	1400
0.329129	1400
0.329429	1400
0.329429	1400
0.329429	1400
0.329429	1400
0.329429	1400
0.329429	1400
0.329429	1400
0.330317	1400
0.330317	1400
0.330317	1400
0.330425	1400
0.330425	1400
0.330425	1400
0.330425	1400
0.330425	1400
0.332296	1400
0.332296	1400
0.332296	1400
0.332296	1400
0.332296	1400
0.332296	1400
0.332296	1400
0.332296	1400
0.332296	1400
0.332296	1400
0.332296	1400
0.332296	1400
0.332296	1400
0.332296	1400
0.332296	1400
0.332296	1400
0.332296	1400
0.332296	1400
0.332296	1400
0.332296	1400
0.332296	1400
0.332296	1400
0.332296	1400
0.332296	1400
0.332296	1400
0.332296	1400
0.334058	1400
0.334058	1400
0.334058	1400
0.334058	1400
0.334058	1400
0.334058	1400
0.334058	1400
0.334058	1400
0.334058	1400
0.334058	1400
0.334058	1400
0.334058	1400
0.334058	1400
0.334058	1400
0.334058	1400
0.334329	1400
0.334329	1400
0.334329	1400
0.334329	1400
0.334329	1400
0.334329	1400
0.334329	1400
0.334908	1400
0.335217	1400
0.335217	1400
0.335217	1400
0.335325	1400
0.335325	1400
0.335325	1400
0.335325	1400
0.335325	1400
0.337196	1400
0.337196	1400
0.337196	1400
0.337196	1400
0.337196	1400
0.337196	1400
0.337196	1400
0.337196	1400
0.337196	1400
0.337196	1400
0.337196	1400
0.337196	1400
0.337196	1400
0.337196	1400
0.337196	1400
0.337196	1400
0.337196	1400
0.337196	1400
0.337196	1400
0.337196	1400
0.337196	1400
0.337196	1400
0.337196	1400
0.337196	1400
0.337196	1400
0.337196	1400
0.338062	1400
0.338933	1400
0.338933	1400
0.338933	1400
0.339258	1400
0.339258	1400
0.339258	1400
0.339258	1400
0.339258	1400
0.339258	1400
0.339258	1400
0.339258	1400
0.339258	1400
0.339258	1400
0.339258	1400
0.339258	1400
0.339258	1400
0.339258	1400
0.339325	1400
0.339325	1400
0.339325	1400
0.339325	1400
0.339325	1400
0.339808	1400
0.340117	1400
0.340117	1400
0.340117	1400
0.340225	1400
0.340225	1400
0.340225	1400
0.340225	1400
0.340225	1400
0.342096	1400
0.342096	1400
0.342096	1400
0.342096	1400
0.342096	1400
0.342096	1400
0.342096	1400
0.342096	1400
0.342096	1400
0.342096	1400
0.342096	1400
0.342096	1400
0.342096	1400
0.342096	1400
0.342096	1400
0.342096	1400
0.342096	1400
0.342096	1400
0.342096	1400
0.342096	1400
0.342096	1400
0.342096	1400
0.342096	1400
0.342096	1400
0.342096	1400
0.342096	1400
0.342908	1400
0.342908	1400
0.343887	1400
0.343887	1400
0.343887	1400
0.344179	1400
0.344179	1400
0.344179	1400
0.344179	1400
0.344179	1400
0.344179	1400
0.344179	1400
0.344179	1400
0.344179	1400
0.344179	1400
0.344179	1400
0.344179	1400
0.344179	1400
0.344179	1400
0.344179	1400
0.344179	1400
0.344179	1400
0.344179	1400
0.344708	1400
0.344708	1400
0.345017	1400
0.345017	1400
0.345017	1400
0.345125	1400
0.345125	1400
0.345125	1400
0.345125	1400
0.345125	1400
0.346996	1400
0.346996	1400
0.346996	1400
0.346996	1400
0.346996	1400
0.346996	1400
0.346996	1400
0.346996	1400
0.346996	1400
0.346996	1400
0.346996	1400
0.346996	1400
0.346996	1400
0.346996	1400
0.346996	1400
0.346996	1400
0.346996	1400
0.346996	1400
0.346996	1400
0.346996	1400
0.346996	1400
0.346996	1400
0.346996	1400
0.346996	1400
0.346996	1400
0.346996	1400
0.347812	1400
0.347812	1400
0.347812	1400
0.348717	1400
0.348717	1400
0.348717	1400
0.349067	1400
0.349067	1400
0.349067	1400
0.349067	1400
0.349067	1400
0.349067	1400
0.349067	1400
0.349067	1400
0.349067	1400
0.349067	1400
0.349067	1400
0.349067	1400
0.349067	1400
0.349067	1400
0.349067	1400
0.349067	1400
0.349067	1400
0.349612	1400
0.349612	1400
0.349612	1400
0.349917	1400
0.349917	1400
0.349917	1400
0.350025	1400
0.350025	1400
0.350025	1400
0.350025	1400
0.350025	1400
0.351883	1400
0.351883	1400
0.351883	1400
0.351883	1400
0.351883	1400
0.351883	1400
0.351883	1400
0.351883	1400
0.351883	1400
0.351883	1400
0.351883	1400
0.351883	1400
0.351883	1400
0.351883	1400
0.351883	1400
0.351883	1400
0.351883	1400
0.351883	1400
0.351883	1400
0.351883	1400
0.351883	1400
0.351883	1400
0.351883	1400
0.351921	1400
0.351921	1400
0.351921	1400
0.352717	1400
0.352717	1400
0.352717	1400
0.352717	1400
0.353637	1400
0.353637	1400
0.353637	1400
0.353992	1400
0.353992	1400
0.353992	1400
0.353992	1400
0.353992	1400
0.353992	1400
0.353992	1400
0.353992	1400
0.353992	1400
0.353992	1400
0.353992	1400
0.353992	1400
0.353992	1400
0.353992	1400
0.354025	1400
0.354025	1400
0.354517	1400
0.354517	1400
0.354517	1400
0.354517	1400
0.354817	1400
0.354817	1400
0.354817	1400
0.354925	1400
0.354925	1400
0.354925	1400
0.354925	1400
0.354925	1400
0.356787	1400
0.356787	1400
0.356787	1400
0.356787	1400
0.356787	1400
0.356787	1400
0.356787	1400
0.356787	1400
0.356787	1400
0.356787	1400
0.356787	1400
0.356787	1400
0.356787	1400
0.356787	1400
0.356787	1400
0.356787	1400
0.356787	1400
0.356787	1400
0.356787	1400
0.356787	1400
0.356787	1400
0.356787	1400
0.356787	1400
0.356787	1400
0.356817	1400
0.356817	1400
0.357621	1400
0.357621	1400
0.357621	1400
0.357621	1400
0.357621	1400
0.358596	1400
0.358596	1400
0.358596	1400
0.358871	1400
0.358871	1400
0.358871	1400
0.358871	1400
0.358871	1400
0.358871	1400
0.358871	1400
0.358871	1400
0.358871	1400
0.358871	1400
0.358871	1400
0.358871	1400
0.358871	1400
0.358871	1400
0.358871	1400
0.359421	1400
0.359421	1400
0.359421	1400
0.359421	1400
0.359421	1400
0.359717	1400
0.359717	1400
0.359717	1400
0.359825	1400
0.359825	1400
0.359825	1400
0.359825	1400
0.359825	1400
0.361658	1400
0.361658	1400
0.361658	1400
0.361658	1400
0.361658	1400
0.361658	1400
0.361658	1400
0.361658	1400
0.361658	1400
0.361658	1400
0.361658	1400
0.361658	1400
0.361658	1400
0.361658	1400
0.361658	1400
0.361746	1400
0.361746	1400
0.361746	1400
0.361746	1400
0.361746	1400
0.361746	1400
0.361746	1400
0.361746	1400
0.361746	1400
0.361746	1400
0.361746	1400
0.362529	1400
0.362529	1400
0.362529	1400
0.362529	1400
0.362529	1400
0.362529	1400
0.363517	1400
0.363517	1400
0.363517	1400
0.363792	1400
0.363792	1400
0.363792	1400
0.363792	1400
0.363792	1400
0.363792	1400
0.363792	1400
0.363792	1400
0.363792	1400
0.363792	1400
0.363792	1400
0.363792	1400
0.363792	1400
0.363792	1400
0.364329	1400
0.364329	1400
0.364329	1400
0.364329	1400
0.364329	1400
0.364329	1400
0.364617	1400
0.364617	1400
0.364617	1400
0.364725	1400
0.364725	1400
0.364725	1400
0.364725	1400
0.364725	1400
0.36655	1400
0.36655	1400
0.36655	1400
0.36655	1400
0.36655	1400
0.36655	1400
0.36655	1400
0.36655	1400
0.36655	1400
0.36655	1400
0.36655	1400
0.36655	1400
0.36655	1400
0.36665	1400
0.36665	1400
0.36665	1400
0.36665	1400
0.36665	1400
0.36665	1400
0.36665	1400
0.36665	1400
0.36665	1400
0.36665	1400
0.36665	1400
0.36665	1400
0.36665	1400
0.367429	1400
0.367429	1400
0.367429	1400
0.367429	1400
0.367429	1400
0.367429	1400
0.367429	1400
0.36845	1400
0.36845	1400
0.36845	1400
0.36845	1400
0.36845	1400
0.36845	1400
0.36845	1400
0.36845	1400
0.36845	1400
0.36845	1400
0.36845	1400
0.36845	1400
0.36845	1400
0.368517	1400
0.368517	1400
0.368517	1400
0.369225	1400
0.369225	1400
0.369225	1400
0.369225	1400
0.369225	1400
0.369225	1400
0.369225	1400
0.371446	1400
0.371446	1400
0.371446	1400
0.371446	1400
0.371446	1400
0.371446	1400
0.371446	1400
0.371446	1400
0.371446	1400
0.371446	1400
0.371446	1400
0.371446	1400
0.371546	1400
0.371546	1400
0.371546	1400
0.371546	1400
0.371546	1400
0.371546	1400
0.371546	1400
0.371546	1400
0.371546	1400
0.371546	1400
0.371546	1400
0.371546	1400
0.371696	1400
0.371696	1400
0.371696	1400
0.371696	1400
0.371696	1400
0.371696	1400
0.371696	1400
0.371696	1400
0.371696	1400
0.371696	1400
0.372108	1400
0.372329	1400
0.372329	1400
0.372329	1400
0.372329	1400
0.372329	1400
0.372329	1400
0.372329	1400
0.373396	1400
0.373396	1400
0.373396	1400
0.373396	1400
0.373396	1400
0.373396	1400
0.373396	1400
0.373396	1400
0.373396	1400
0.373396	1400
0.373396	1400
0.373396	1400
0.373396	1400
0.373496	1400
0.373496	1400
0.374129	1400
0.374129	1400
0.374129	1400
0.374129	1400
0.374129	1400
0.374129	1400
0.374129	1400
0.375008	1400
0.37615	1400
0.37615	1400
0.37615	1400
0.376229	1400
0.376229	1400
0.376229	1400
0.376229	1400
0.376229	1400
0.376229	1400
0.376229	1400
0.376325	1400
0.376325	1400
0.376325	1400
0.376325	1400
0.376325	1400
0.376325	1400
0.376421	1400
0.376421	1400
0.376421	1400
0.376421	1400
0.376421	1400
0.376525	1400
0.376525	1400
0.376525	1400
0.376525	1400
0.376525	1400
0.376525	1400
0.376621	1400
0.376621	1400
0.376621	1400
0.376621	1400
0.376621	1400
0.376717	1400
0.376717	1400
0.377029	1400
0.377029	1400
0.377029	1400
0.377029	1400
0.377029	1400
0.377029	1400
0.377029	1400
0.377029	1400
0.378296	1400
0.378296	1400
0.378296	1400
0.378296	1400
0.378296	1400
0.378296	1400
0.378296	1400
0.378296	1400
0.378296	1400
0.378296	1400
0.378296	1400
0.378296	1400
0.378296	1400
0.378396	1400
0.378396	1400
0.379033	1400
0.379033	1400
0.379033	1400
0.379033	1400
0.379033	1400
0.379033	1400
0.379033	1400
0.379908	1400
0.379908	1400
0.381042	1400
0.381042	1400
0.381042	1400
0.381042	1400
0.381042	1400
0.381042	1400
0.381042	1400
0.381042	1400
0.381042	1400
0.381146	1400
0.381146	1400
0.381146	1400
0.381146	1400
0.381146	1400
0.381146	1400
0.381146	1400
0.381146	1400
0.381146	1400
0.381146	1400
0.381146	1400
0.381146	1400
0.381225	1400
0.381225	1400
0.381225	1400
0.381225	1400
0.381225	1400
0.381225	1400
0.381225	1400
0.381325	1400
0.381325	1400
0.381325	1400
0.381325	1400
0.381325	1400
0.381412	1400
0.381412	1400
0.381833	1400
0.381833	1400
0.381833	1400
0.381833	1400
0.381833	1400
0.381833	1400
0.381833	1400
0.382117	1400
0.383296	1400
0.383296	1400
0.383296	1400
0.383296	1400
0.383296	1400
0.383296	1400
0.383296	1400
0.383296	1400
0.383296	1400
0.383296	1400
0.383296	1400
0.383296	1400
0.383296	1400
0.383396	1400
0.383929	1400
0.383929	1400
0.383929	1400
0.383929	1400
0.383929	1400
0.383929	1400
0.383929	1400
0.384812	1400
0.384812	1400
0.384812	1400
0.385996	1400
0.385996	1400
0.385996	1400
0.385996	1400
0.385996	1400
0.385996	1400
0.385996	1400
0.385996	1400
0.385996	1400
0.385996	1400
0.385996	1400
0.385996	1400
0.386092	1400
0.386092	1400
0.386092	1400
0.386092	1400
0.386092	1400
0.386092	1400
0.386092	1400
0.386092	1400
0.386092	1400
0.386092	1400
0.386092	1400
0.386092	1400
0.386092	1400
0.386133	1400
0.386133	1400
0.386133	1400
0.386133	1400
0.386133	1400
0.386133	1400
0.386133	1400
0.386133	1400
0.386212	1400
0.386212	1400
0.386729	1400
0.386729	1400
0.386729	1400
0.386729	1400
0.386729	1400
0.386729	1400
0.386729	1400
0.387608	1400
0.388883	1400
0.388883	1400
0.388883	1400
0.388883	1400
0.388883	1400
0.388883	1400
0.388883	1400
0.388883	1400
0.388883	1400
0.388883	1400
0.388883	1400
0.388883	1400
0.388883	1400
0.388883	1400
0.388883	1400
0.388883	1400
0.388883	1400
0.388883	1400
0.388883	1400
0.388883	1400
0.388883	1400
0.389717	1400
0.389717	1400
0.389717	1400
0.389717	1400
0.390858	1400
0.390858	1400
0.390858	1400
0.390858	1400
0.390858	1400
0.390858	1400
0.390992	1400
0.390992	1400
0.390992	1400
0.390992	1400
0.390992	1400
0.390992	1400
0.390992	1400
0.390992	1400
0.390992	1400
0.390992	1400
0.390992	1400
0.390992	1400
0.390992	1400
0.390992	1400
0.390992	1400
0.390992	1400
0.390992	1400
0.390992	1400
0.390992	1400
0.390992	1400
0.390992	1400
0.390992	1400
0.390992	1400
0.390992	1400
0.390992	1400
0.391087	1400
0.391087	1400
0.391087	1400
0.391087	1400
0.391629	1400
0.391629	1400
0.391629	1400
0.391629	1400
0.391629	1400
0.391629	1400
0.391629	1400
0.391708	1400
0.392508	1400
0.394692	1400
0.394692	1400
0.394692	1400
0.394692	1400
0.394692	1400
0.394692	1400
0.394692	1400
0.394692	1400
0.394692	1400
0.394692	1400
0.394692	1400
0.394692	1400
0.394692	1400
0.394692	1400
0.394692	1400
0.394692	1400
0.394692	1400
0.394692	1400
0.394692	1400
0.394692	1400
0.394692	1400
0.394692	1400
0.394692	1400
0.394692	1400
0.395596	1400
0.395796	1400
0.395796	1400
0.395796	1400
0.395796	1400
0.395796	1400
0.395796	1400
0.395796	1400
0.395796	1400
0.395796	1400
0.395796	1400
0.395796	1400
0.395796	1400
0.395796	1400
0.395796	1400
0.395796	1400
0.395796	1400
0.395796	1400
0.395892	1400
0.395892	1400
0.395892	1400
0.395892	1400
0.395892	1400
0.395892	1400
0.395892	1400
0.395892	1400
0.395892	1400
0.395892	1400
0.395892	1400
0.395892	1400
0.395892	1400
0.395892	1400
0.395892	1400
0.395892	1400
0.395892	1400
0.395892	1400
0.397437	1400
0.397437	1400
0.397437	1400
0.397437	1400
0.397437	1400
0.397437	1400
0.397437	1400
0.397437	1400
0.397437	1400
0.398308	1400
0.399787	1400
0.399787	1400
0.399787	1400
0.399787	1400
0.399787	1400
0.399787	1400
0.399787	1400
0.399787	1400
0.399787	1400
0.399787	1400
0.399787	1400
0.399787	1400
0.399787	1400
0.399787	1400
0.399787	1400
0.399787	1400
0.399787	1400
0.399787	1400
0.399787	1400
0.399787	1400
0.399787	1400
0.399787	1400
0.399787	1400
0.400562	1400
0.400562	1400
0.400562	1400
0.400562	1400
0.400562	1400
0.400562	1400
0.400562	1400
0.400562	1400
0.400562	1400
0.400692	1400
0.400692	1400
0.400692	1400
0.400692	1400
0.400692	1400
0.400692	1400
0.400692	1400
0.400692	1400
0.400692	1400
0.400692	1400
0.402317	1400
0.402317	1400
0.402317	1400
0.402317	1400
0.402487	1400
0.402487	1400
0.402487	1400
0.402487	1400
0.402487	1400
0.402487	1400
0.402487	1400
0.402487	1400
0.402487	1400
0.402487	1400
0.402487	1400
0.402487	1400
0.402487	1400
0.402487	1400
0.402487	1400
0.402487	1400
0.402487	1400
0.402487	1400
0.402487	1400
0.402487	1400
0.402487	1400
0.402487	1400
0.402487	1400
0.403287	1400
0.403287	1400
0.404683	1400
0.404683	1400
0.404683	1400
0.404683	1400
0.404683	1400
0.404683	1400
0.404683	1400
0.404683	1400
0.404683	1400
0.404683	1400
0.404683	1400
0.404683	1400
0.404683	1400
0.404683	1400
0.404683	1400
0.404683	1400
0.404683	1400
0.404683	1400
0.404683	1400
0.404683	1400
0.404683	1400
0.404683	1400
0.405596	1400
0.405596	1400
0.405596	1400
0.405596	1400
0.405596	1400
0.405596	1400
0.405596	1400
0.405596	1400
0.405596	1400
0.405658	1400
0.405658	1400
0.405658	1400
0.405658	1400
0.405658	1400
0.405658	1400
0.405658	1400
0.405658	1400
0.405658	1400
0.405658	1400
0.405658	1400
0.407217	1400
0.407217	1400
0.407217	1400
0.407217	1400
0.407387	1400
0.407387	1400
0.407387	1400
0.407387	1400
0.407387	1400
0.407387	1400
0.407387	1400
0.407387	1400
0.407387	1400
0.407387	1400
0.407387	1400
0.407387	1400
0.407387	1400
0.407387	1400
0.407387	1400
0.407387	1400
0.407387	1400
0.407387	1400
0.407387	1400
0.407387	1400
0.407387	1400
0.407387	1400
0.407387	1400
0.408121	1400
0.408121	1400
0.408121	1400
0.409579	1400
0.409579	1400
0.409579	1400
0.409579	1400
0.409579	1400
0.409579	1400
0.409579	1400
0.409579	1400
0.409579	1400
0.409579	1400
0.409579	1400
0.409579	1400
0.409579	1400
0.409579	1400
0.409579	1400
0.409579	1400
0.409579	1400
0.409579	1400
0.409579	1400
0.409579	1400
0.409579	1400
0.410462	1400
0.410462	1400
0.410462	1400
0.410462	1400
0.410462	1400
0.410462	1400
0.410462	1400
0.410462	1400
0.410462	1400
0.410462	1400
0.410462	1400
0.410462	1400
0.410462	1400
0.410462	1400
0.410462	1400
0.410462	1400
0.410596	1400
0.410596	1400
0.410596	1400
0.410596	1400
0.410596	1400
0.412117	1400
0.412117	1400
0.412117	1400
0.412117	1400
0.412287	1400
0.412287	1400
0.412287	1400
0.412287	1400
0.412287	1400
0.412287	1400
0.412287	1400
0.412287	1400
0.412287	1400
0.412287	1400
0.412287	1400
0.412287	1400
0.412287	1400
0.412287	1400
0.412287	1400
0.412287	1400
0.412287	1400
0.412287	1400
0.412287	1400
0.412287	1400
0.412287	1400
0.412287	1400
0.412287	1400
0.413017	1400
0.413017	1400
0.413017	1400
0.413017	1400
0.414479	1400
0.414479	1400
0.414479	1400
0.414479	1400
0.414479	1400
0.414479	1400
0.414479	1400
0.414479	1400
0.414479	1400
0.414479	1400
0.414479	1400
0.414479	1400
0.414479	1400
0.414479	1400
0.414479	1400
0.414479	1400
0.414479	1400
0.414479	1400
0.414479	1400
0.414479	1400
0.415287	1400
0.415287	1400
0.415287	1400
0.415287	1400
0.415287	1400
0.415287	1400
0.415287	1400
0.415287	1400
0.415287	1400
0.415287	1400
0.415287	1400
0.415287	1400
0.415287	1400
0.415287	1400
0.415287	1400
0.415287	1400
0.415287	1400
0.415287	1400
0.415287	1400
0.415287	1400
0.415287	1400
0.415287	1400
0.415396	1400
0.417012	1400
0.417012	1400
0.417167	1400
0.417167	1400
0.417167	1400
0.417167	1400
0.417167	1400
0.417167	1400
0.417167	1400
0.417167	1400
0.417167	1400
0.417167	1400
0.417167	1400
0.417167	1400
0.417262	1400
0.417262	1400
0.417262	1400
0.417262	1400
0.417262	1400
0.417262	1400
0.417262	1400
0.417262	1400
0.417262	1400
0.417262	1400
0.417262	1400
0.417262	1400
0.417946	1400
0.417946	1400
0.417946	1400
0.417946	1400
0.417946	1400
0.419317	1400
0.419317	1400
0.419317	1400
0.419462	1400
0.419462	1400
0.419462	1400
0.419462	1400
0.419462	1400
0.419462	1400
0.419462	1400
0.419462	1400
0.419462	1400
0.419462	1400
0.419462	1400
0.419462	1400
0.419462	1400
0.419462	1400
0.419462	1400
0.419462	1400
0.420017	1400
0.420017	1400
0.420017	1400
0.420017	1400
0.420179	1400
0.420179	1400
0.420179	1400
0.420179	1400
0.420179	1400
0.420179	1400
0.420179	1400
0.420179	1400
0.420179	1400
0.420179	1400
0.420179	1400
0.420179	1400
0.420179	1400
0.420179	1400
0.420179	1400
0.420179	1400
0.420179	1400
0.420179	1400
0.420179	1400
0.420179	1400
0.420908	1400
0.421817	1400
0.421817	1400
0.421817	1400
0.422087	1400
0.422087	1400
0.422087	1400
0.422087	1400
0.422087	1400
0.422087	1400
0.422087	1400
0.422087	1400
0.422087	1400
0.422087	1400
0.422087	1400
0.422087	1400
0.422087	1400
0.422087	1400
0.422087	1400
0.422087	1400
0.422087	1400
0.422087	1400
0.422087	1400
0.422087	1400
0.422087	1400
0.422087	1400
0.424096	1400
0.424287	1400
0.424287	1400
0.424287	1400
0.424287	1400
0.424287	1400
0.424287	1400
0.424287	1400
0.424287	1400
0.424287	1400
0.424287	1400
0.424287	1400
0.424287	1400
0.424287	1400
0.424287	1400
0.424287	1400
0.424287	1400
0.424287	1400
0.424287	1400
0.424287	1400
0.424287	1400
0.424287	1400
0.424287	1400
0.424287	1400
0.424917	1400
0.424917	1400
0.424917	1400
0.424917	1400
0.425896	1400
0.425983	1400
0.425983	1400
0.425983	1400
0.425983	1400
0.425983	1400
0.426192	1400
0.426192	1400
0.426192	1400
0.426192	1400
0.426192	1400
0.426754	1400
0.426754	1400
0.426754	1400
0.426754	1400
0.426754	1400
0.426754	1400
0.426754	1400
0.426754	1400
0.426754	1400
0.426754	1400
0.426754	1400
0.426754	1400
0.426754	1400
0.426754	1400
0.426879	1400
0.426879	1400
0.426879	1400
0.426879	1400
0.426879	1400
0.426879	1400
0.426879	1400
0.426879	1400
0.426879	1400
0.426879	1400
0.426879	1400
0.426879	1400
0.426879	1400
0.426879	1400
0.426879	1400
0.426879	1400
0.426879	1400
0.426879	1400
0.426879	1400
0.426879	1400
0.426879	1400
0.426879	1400
0.427608	1400
0.42895	1400
0.42895	1400
0.42895	1400
0.42895	1400
0.42895	1400
0.42895	1400
0.42895	1400
0.42895	1400
0.42895	1400
0.42895	1400
0.42895	1400
0.42895	1400
0.42895	1400
0.429042	1400
0.429042	1400
0.429042	1400
0.429042	1400
0.429042	1400
0.429042	1400
0.429042	1400
0.429042	1400
0.429042	1400
0.429042	1400
0.429925	1400
0.429925	1400
0.429925	1400
0.429925	1400
0.429925	1400
0.429925	1400
0.430783	1400
0.430783	1400
0.430783	1400
0.430783	1400
0.430783	1400
0.430783	1400
0.430825	1400
0.430825	1400
0.430825	1400
0.430825	1400
0.430825	1400
0.431642	1400
0.431642	1400
0.431642	1400
0.431792	1400
0.431792	1400
0.431792	1400
0.431792	1400
0.431792	1400
0.431792	1400
0.431792	1400
0.431792	1400
0.431792	1400
0.431792	1400
0.431792	1400
0.431792	1400
0.431792	1400
0.431792	1400
0.431792	1400
0.431792	1400
0.431792	1400
0.431792	1400
0.431792	1400
0.431792	1400
0.431792	1400
0.431792	1400
0.431792	1400
0.431792	1400
0.431792	1400
0.431846	1400
0.431846	1400
0.432525	1400
0.432525	1400
0.432525	1400
0.432525	1400
0.432525	1400
0.432525	1400
0.432525	1400
0.433896	1400
0.433896	1400
0.433896	1400
0.433896	1400
0.433896	1400
0.433896	1400
0.433896	1400
0.433896	1400
0.433896	1400
0.433896	1400
0.433896	1400
0.433896	1400
0.433896	1400
0.433996	1400
0.433996	1400
0.433996	1400
0.433996	1400
0.433996	1400
0.433996	1400
0.433996	1400
0.433996	1400
0.433996	1400
0.434708	1400
0.435696	1400
0.435696	1400
0.435696	1400
0.435696	1400
0.435696	1400
0.435696	1400
0.435696	1400
0.435696	1400
0.435696	1400
0.435696	1400
0.435696	1400
0.435696	1400
0.436587	1400
0.436587	1400
0.436587	1400
0.436587	1400
0.436587	1400
0.436587	1400
0.436587	1400
0.436587	1400
0.436587	1400
0.436587	1400
0.436587	1400
0.436587	1400
0.436587	1400
0.436587	1400
0.436687	1400
0.436687	1400
0.436687	1400
0.436687	1400
0.436687	1400
0.436687	1400
0.436687	1400
0.436687	1400
0.436687	1400
0.436687	1400
0.436687	1400
0.436687	1400
0.437454	1400
0.437454	1400
0.437454	1400
0.437454	1400
0.437454	1400
0.437454	1400
0.437454	1400
0.437454	1400
0.437567	1400
0.437567	1400
0.437567	1400
0.437567	1400
0.437567	1400
0.437567	1400
0.437567	1400
0.437567	1400
0.438321	1400
0.438783	1400
0.438783	1400
0.438783	1400
0.438783	1400
0.438783	1400
0.438783	1400
0.438783	1400
0.438783	1400
0.438783	1400
0.438783	1400
0.438783	1400
0.438783	1400
0.438887	1400
0.438887	1400
0.438887	1400
0.438887	1400
0.438887	1400
0.438887	1400
0.438887	1400
0.438887	1400
0.438887	1400
0.439517	1400
0.439608	1400
0.440662	1400
0.440662	1400
0.440662	1400
0.441487	1400
0.441487	1400
0.441487	1400
0.441487	1400
0.441487	1400
0.441487	1400
0.441487	1400
0.441487	1400
0.441487	1400
0.441487	1400
0.441487	1400
0.441487	1400
0.441683	1400
0.441683	1400
0.441683	1400
0.441683	1400
0.441683	1400
0.441683	1400
0.441683	1400
0.441683	1400
0.441683	1400
0.441683	1400
0.442392	1400
0.442392	1400
0.442392	1400
0.442392	1400
0.442392	1400
0.442392	1400
0.442392	1400
0.442392	1400
0.442392	1400
0.442392	1400
0.442392	1400
0.442392	1400
0.442462	1400
0.442462	1400
0.442462	1400
0.442462	1400
0.442462	1400
0.442462	1400
0.442462	1400
0.442462	1400
0.442462	1400
0.442462	1400
0.442462	1400
0.442462	1400
0.442462	1400
0.442462	1400
0.442462	1400
0.442462	1400
0.442462	1400
0.443208	1400
0.443208	1400
0.443633	1400
0.443633	1400
0.443633	1400
0.443633	1400
0.443633	1400
0.443633	1400
0.443633	1400
0.444475	1400
0.444475	1400
0.444475	1400
0.444475	1400
0.444475	1400
0.444475	1400
0.444475	1400
0.444475	1400
0.444475	1400
0.444475	1400
0.444475	1400
0.444475	1400
0.444475	1400
0.444475	1400
0.444475	1400
0.445396	1400
0.445521	1400
0.445521	1400
0.445521	1400
0.445521	1400
0.446454	1400
0.446454	1400
0.446454	1400
0.446454	1400
0.446454	1400
0.446454	1400
0.446454	1400
0.446558	1400
0.446558	1400
0.446558	1400
0.446558	1400
0.446558	1400
0.446558	1400
0.447275	1400
0.447275	1400
0.447396	1400
0.447396	1400
0.447396	1400
0.447396	1400
0.447396	1400
0.447396	1400
0.447396	1400
0.447396	1400
0.447396	1400
0.447396	1400
0.447396	1400
0.447396	1400
0.447396	1400
0.447396	1400
0.447396	1400
0.447396	1400
0.447471	1400
0.447471	1400
0.447471	1400
0.447471	1400
0.447471	1400
0.447471	1400
0.447471	1400
0.447471	1400
0.447471	1400
0.447471	1400
0.447471	1400
0.447471	1400
0.447471	1400
0.447471	1400
0.447471	1400
0.447471	1400
0.447471	1400
0.447471	1400
0.447471	1400
0.448112	1400
0.448112	1400
0.448112	1400
0.448429	1400
0.448429	1400
0.448429	1400
0.448429	1400
0.448429	1400
0.448429	1400
0.448429	1400
0.449358	1400
0.449358	1400
0.449358	1400
0.449358	1400
0.449358	1400
0.449358	1400
0.449358	1400
0.449358	1400
0.449358	1400
0.449358	1400
0.449358	1400
0.449358	1400
0.449358	1400
0.449358	1400
0.450296	1400
0.450296	1400
0.450296	1400
0.450296	1400
0.450296	1400
0.450296	1400
0.450296	1400
0.452192	1400
0.452192	1400
0.452192	1400
0.452192	1400
0.452192	1400
0.452192	1400
0.452192	1400
0.452192	1400
0.452192	1400
0.452192	1400
0.452192	1400
0.452192	1400
0.45225	1400
0.45225	1400
0.45225	1400
0.45225	1400
0.45225	1400
0.45225	1400
0.45225	1400
0.45225	1400
0.45225	1400
0.45225	1400
0.45225	1400
0.45225	1400
0.45225	1400
0.45235	1400
0.45235	1400
0.45235	1400
0.45235	1400
0.45235	1400
0.45235	1400
0.45235	1400
0.45235	1400
0.45235	1400
0.45235	1400
0.45235	1400
0.45235	1400
0.45235	1400
0.45235	1400
0.452496	1400
0.452496	1400
0.452496	1400
0.452496	1400
0.452496	1400
0.452496	1400
0.452496	1400
0.452496	1400
0.452496	1400
0.452496	1400
0.453017	1400
0.453017	1400
0.453017	1400
0.453017	1400
0.453329	1400
0.453329	1400
0.453329	1400
0.453329	1400
0.453329	1400
0.453329	1400
0.453329	1400
0.455179	1400
0.455179	1400
0.455179	1400
0.455179	1400
0.455179	1400
0.455179	1400
0.455179	1400
0.455179	1400
0.455179	1400
0.455179	1400
0.455179	1400
0.455179	1400
0.455179	1400
0.455179	1400
0.455179	1400
0.455179	1400
0.455179	1400
0.455179	1400
0.455179	1400
0.455179	1400
0.455179	1400
0.457096	1400
0.457096	1400
0.457096	1400
0.457096	1400
0.457096	1400
0.457096	1400
0.457096	1400
0.457096	1400
0.457096	1400
0.457096	1400
0.45715	1400
0.45715	1400
0.45715	1400
0.45715	1400
0.45715	1400
0.45715	1400
0.45715	1400
0.45715	1400
0.45715	1400
0.45715	1400
0.45715	1400
0.45715	1400
0.45715	1400
0.45715	1400
0.45725	1400
0.45725	1400
0.45725	1400
0.45725	1400
0.45725	1400
0.45725	1400
0.45725	1400
0.45725	1400
0.45725	1400
0.45725	1400
0.45725	1400
0.45725	1400
0.45725	1400
0.457346	1400
0.457346	1400
0.457346	1400
0.457346	1400
0.457346	1400
0.457346	1400
0.457346	1400
0.457346	1400
0.457346	1400
0.457346	1400
0.457346	1400
0.457346	1400
0.457908	1400
0.457908	1400
0.459917	1400
0.459917	1400
0.460087	1400
0.460087	1400
0.460087	1400
0.460087	1400
0.460087	1400
0.460087	1400
0.460087	1400
0.460087	1400
0.460087	1400
0.460087	1400
0.460087	1400
0.460087	1400
0.460192	1400
0.460192	1400
0.460192	1400
0.460192	1400
0.460192	1400
0.460192	1400
0.460192	1400
0.460192	1400
0.460192	1400
0.460292	1400
0.460292	1400
0.460292	1400
0.460292	1400
0.460292	1400
0.460292	1400
0.460292	1400
0.460292	1400
0.461975	1400
0.461975	1400
0.461975	1400
0.461975	1400
0.461975	1400
0.461975	1400
0.461975	1400
0.462046	1400
0.462046	1400
0.462046	1400
0.462046	1400
0.462046	1400
0.462046	1400
0.462046	1400
0.462046	1400
0.462046	1400
0.462046	1400
0.462046	1400
0.462046	1400
0.46215	1400
0.46215	1400
0.46215	1400
0.46215	1400
0.46215	1400
0.46215	1400
0.46215	1400
0.46215	1400
0.46215	1400
0.46215	1400
0.46215	1400
0.46215	1400
0.46215	1400
0.462296	1400
0.462296	1400
0.462296	1400
0.462296	1400
0.462296	1400
0.462296	1400
0.462296	1400
0.462296	1400
0.462296	1400
0.462296	1400
0.462296	1400
0.462296	1400
0.462296	1400
0.462296	1400
0.462383	1400
0.462383	1400
0.462383	1400
0.462812	1400
0.462812	1400
0.462812	1400
0.464796	1400
0.464796	1400
0.464796	1400
0.464796	1400
0.464796	1400
0.464837	1400
0.464837	1400
0.464837	1400
0.464837	1400
0.464837	1400
0.464837	1400
0.464837	1400
0.464837	1400
0.46495	1400
0.46495	1400
0.46495	1400
0.46495	1400
0.46495	1400
0.46495	1400
0.46495	1400
0.46495	1400
0.46495	1400
0.46495	1400
0.46495	1400
0.46495	1400
0.46495	1400
0.46495	1400
0.465096	1400
0.465096	1400
0.465096	1400
0.465096	1400
0.466887	1400
0.466887	1400
0.466887	1400
0.466887	1400
0.466887	1400
0.466887	1400
0.466887	1400
0.466887	1400
0.466887	1400
0.466887	1400
0.466887	1400
0.466887	1400
0.466887	1400
0.466887	1400
0.466987	1400
0.466987	1400
0.466987	1400
0.466987	1400
0.466987	1400
0.466987	1400
0.466987	1400
0.466987	1400
0.466987	1400
0.466987	1400
0.466987	1400
0.466987	1400
0.466987	1400
0.467096	1400
0.467096	1400
0.467096	1400
0.467096	1400
0.467096	1400
0.467096	1400
0.467096	1400
0.467096	1400
0.467096	1400
0.467096	1400
0.467096	1400
0.467096	1400
0.467096	1400
0.467096	1400
0.467192	1400
0.467192	1400
0.467192	1400
0.467192	1400
0.467192	1400
0.467192	1400
0.467192	1400
0.467192	1400
0.467717	1400
0.467717	1400
0.467717	1400
0.467717	1400
0.469683	1400
0.469683	1400
0.469683	1400
0.469683	1400
0.469683	1400
0.469683	1400
0.469683	1400
0.469683	1400
0.469683	1400
0.469683	1400
0.469683	1400
0.469683	1400
0.469683	1400
0.469683	1400
0.469787	1400
0.469787	1400
0.469787	1400
0.469787	1400
0.469787	1400
0.469787	1400
0.469787	1400
0.469787	1400
0.469787	1400
0.469787	1400
0.469787	1400
0.469787	1400
0.469787	1400
0.469787	1400
0.469887	1400
0.469887	1400
0.469887	1400
0.470508	1400
0.471787	1400
0.471787	1400
0.471787	1400
0.471787	1400
0.471787	1400
0.471787	1400
0.471787	1400
0.471787	1400
0.471787	1400
0.471787	1400
0.471787	1400
0.471787	1400
0.471787	1400
0.471787	1400
0.471787	1400
0.471787	1400
0.471787	1400
0.471883	1400
0.471883	1400
0.471883	1400
0.471883	1400
0.471883	1400
0.471883	1400
0.471883	1400
0.471883	1400
0.471883	1400
0.471883	1400
0.471883	1400
0.471883	1400
0.47195	1400
0.47195	1400
0.47195	1400
0.47195	1400
0.47195	1400
0.47195	1400
0.47195	1400
0.47195	1400
0.47195	1400
0.47195	1400
0.47195	1400
0.47195	1400
0.47195	1400
0.472087	1400
0.472087	1400
0.472087	1400
0.472087	1400
0.472087	1400
0.472087	1400
0.472625	1400
0.472625	1400
0.472625	1400
0.472625	1400
0.472625	1400
0.474592	1400
0.474592	1400
0.474592	1400
0.474592	1400
0.474592	1400
0.474592	1400
0.474592	1400
0.474592	1400
0.474592	1400
0.474592	1400
0.474592	1400
0.474592	1400
0.474592	1400
0.474592	1400
0.474687	1400
0.474687	1400
0.474687	1400
0.474687	1400
0.474687	1400
0.474687	1400
0.474687	1400
0.474687	1400
0.474687	1400
0.474687	1400
0.474687	1400
0.474687	1400
0.474687	1400
0.474687	1400
0.474687	1400
0.474687	1400
0.474687	1400
0.475408	1400
0.475408	1400
0.476692	1400
0.476692	1400
0.476692	1400
0.476692	1400
0.476692	1400
0.476692	1400
0.476692	1400
0.476692	1400
0.476692	1400
0.476692	1400
0.476692	1400
0.476692	1400
0.476692	1400
0.476692	1400
0.476783	1400
0.476783	1400
0.476783	1400
0.476783	1400
0.476783	1400
0.476783	1400
0.476783	1400
0.476783	1400
0.476783	1400
0.476783	1400
0.476783	1400
0.476783	1400
0.476892	1400
0.476892	1400
0.476892	1400
0.476892	1400
0.476892	1400
0.476892	1400
0.476892	1400
0.476892	1400
0.476892	1400
0.476892	1400
0.476892	1400
0.476892	1400
0.476892	1400
0.476937	1400
0.476937	1400
0.476937	1400
0.476937	1400
0.476937	1400
0.476937	1400
0.476937	1400
0.476937	1400
0.477525	1400
0.477525	1400
0.477525	1400
0.477525	1400
0.477525	1400
0.477525	1400
0.479429	1400
0.479429	1400
0.479429	1400
0.479542	1400
0.479542	1400
0.479542	1400
0.479542	1400
0.479542	1400
0.479542	1400
0.479542	1400
0.479542	1400
0.479542	1400
0.479542	1400
0.479542	1400
0.479662	1400
0.479662	1400
0.479662	1400
0.479662	1400
0.479662	1400
0.479662	1400
0.479662	1400
0.479662	1400
0.479754	1400
0.479754	1400
0.479754	1400
0.479754	1400
0.479754	1400
0.479754	1400
0.479754	1400
0.479887	1400
0.479887	1400
0.480312	1400
0.480312	1400
0.480312	1400
0.481587	1400
0.481587	1400
0.481587	1400
0.481587	1400
0.481587	1400
0.481587	1400
0.481587	1400
0.481587	1400
0.481587	1400
0.481587	1400
0.481587	1400
0.481587	1400
0.481587	1400
0.481587	1400
0.481587	1400
0.481587	1400
0.481587	1400
0.481587	1400
0.481587	1400
0.481587	1400
0.481587	1400
0.481587	1400
0.481587	1400
0.481692	1400
0.481692	1400
0.481692	1400
0.481692	1400
0.481692	1400
0.481692	1400
0.481692	1400
0.481692	1400
0.481692	1400
0.481692	1400
0.481692	1400
0.481692	1400
0.481692	1400
0.481742	1400
0.481742	1400
0.481742	1400
0.481742	1400
0.481742	1400
0.481742	1400
0.481742	1400
0.481742	1400
0.481742	1400
0.481742	1400
0.482475	1400
0.482475	1400
0.482475	1400
0.482475	1400
0.482475	1400
0.482475	1400
0.482475	1400
0.484342	1400
0.484342	1400
0.484342	1400
0.484342	1400
0.484342	1400
0.484342	1400
0.484342	1400
0.484342	1400
0.484342	1400
0.484471	1400
0.484471	1400
0.484471	1400
0.484471	1400
0.484471	1400
0.484471	1400
0.484471	1400
0.484471	1400
0.484471	1400
0.484471	1400
0.484471	1400
0.484471	1400
0.484471	1400
0.484471	1400
0.484471	1400
0.484471	1400
0.484471	1400
0.484471	1400
0.484471	1400
0.48455	1400
0.48455	1400
0.48455	1400
0.48455	1400
0.485217	1400
0.485217	1400
0.485217	1400
0.486487	1400
0.486487	1400
0.486487	1400
0.486487	1400
0.486487	1400
0.486487	1400
0.486487	1400
0.486487	1400
0.486487	1400
0.486487	1400
0.486487	1400
0.486487	1400
0.486487	1400
0.486592	1400
0.486592	1400
0.486592	1400
0.486592	1400
0.486592	1400
0.486592	1400
0.486592	1400
0.486592	1400
0.486592	1400
0.486592	1400
0.486592	1400
0.486592	1400
0.486646	1400
0.486646	1400
0.486646	1400
0.486646	1400
0.486646	1400
0.486646	1400
0.486646	1400
0.486646	1400
0.486646	1400
0.486646	1400
0.486646	1400
0.486646	1400
0.486733	1400
0.486733	1400
0.486733	1400
0.486733	1400
0.486733	1400
0.486733	1400
0.486733	1400
0.486733	1400
0.487329	1400
0.487329	1400
0.487329	1400
0.487329	1400
0.487329	1400
0.487329	1400
0.487329	1400
0.488208	1400
0.489346	1400
0.489346	1400
0.489346	1400
0.489346	1400
0.489346	1400
0.489346	1400
0.489346	1400
0.489346	1400
0.489346	1400
0.489346	1400
0.489346	1400
0.489346	1400
0.489467	1400
0.489467	1400
0.489467	1400
0.489467	1400
0.489467	1400
0.489467	1400
0.489467	1400
0.489467	1400
0.489537	1400
0.489537	1400
0.489537	1400
0.489537	1400
0.489537	1400
0.489537	1400
0.489537	1400
0.489537	1400
0.489537	1400
0.489537	1400
0.489612	1400
0.490117	1400
0.490117	1400
0.490117	1400
0.490117	1400
0.491392	1400
0.491392	1400
0.491392	1400
0.491392	1400
0.491392	1400
0.491392	1400
0.491392	1400
0.491392	1400
0.491392	1400
0.491392	1400
0.491392	1400
0.491392	1400
0.491442	1400
0.491442	1400
0.491442	1400
0.491442	1400
0.491442	1400
0.491442	1400
0.491442	1400
0.491442	1400
0.491442	1400
0.491442	1400
0.491442	1400
0.491587	1400
0.491587	1400
0.491587	1400
0.491587	1400
0.491587	1400
0.491587	1400
0.491587	1400
0.491587	1400
0.491587	1400
0.491587	1400
0.491587	1400
0.491587	1400
0.491587	1400
0.491687	1400
0.491687	1400
0.491687	1400
0.491796	1400
0.491796	1400
0.491796	1400
0.491796	1400
0.491796	1400
0.491796	1400
0.492229	1400
0.492229	1400
0.492229	1400
0.492229	1400
0.492229	1400
0.492229	1400
0.492229	1400
0.492408	1400
0.493108	1400
0.494258	1400
0.494258	1400
0.494258	1400
0.494258	1400
0.494258	1400
0.494258	1400
0.494258	1400
0.494333	1400
0.494333	1400
0.494333	1400
0.494333	1400
0.494333	1400
0.494333	1400
0.494333	1400
0.494333	1400
0.494467	1400
0.494467	1400
0.494467	1400
0.494467	1400
0.494467	1400
0.494467	1400
0.494467	1400
0.494467	1400
0.494467	1400
0.494533	1400
0.494533	1400
0.494533	1400
0.494533	1400
0.494533	1400
0.494533	1400
0.494533	1400
0.495017	1400
0.495017	1400
0.495017	1400
0.495017	1400
0.495108	1400
0.496254	1400
0.496254	1400
0.496254	1400
0.496254	1400
0.496254	1400
0.496254	1400
0.496254	1400
0.496354	1400
0.496354	1400
0.496354	1400
0.496354	1400
0.496354	1400
0.496354	1400
0.496354	1400
0.496462	1400
0.496462	1400
0.496462	1400
0.496462	1400
0.496462	1400
0.496462	1400
0.496462	1400
0.496462	1400
0.496462	1400
0.496462	1400
0.496462	1400
0.496462	1400
0.496462	1400
0.496462	1400
0.496592	1400
0.496592	1400
0.496592	1400
0.496592	1400
0.496592	1400
0.496592	1400
0.496592	1400
0.496692	1400
0.496692	1400
0.496692	1400
0.496692	1400
0.496692	1400
0.496692	1400
0.496692	1400
0.496692	1400
0.496692	1400
0.497133	1400
0.497133	1400
0.497133	1400
0.497133	1400
0.497133	1400
0.497133	1400
0.497133	1400
0.497133	1400
0.497492	1400
0.498008	1400
0.499187	1400
0.499187	1400
0.499187	1400
0.499187	1400
0.499187	1400
0.499187	1400
0.499271	1400
0.499271	1400
0.499271	1400
0.499271	1400
0.499271	1400
0.499367	1400
0.499367	1400
0.499367	1400
0.499421	1400
0.499421	1400
0.499421	1400
0.499421	1400
0.499421	1400
0.499521	1400
0.499521	1400
0.499521	1400
0.499521	1400
0.499521	1400
0.499621	1400
0.499621	1400
0.499621	1400
0.499621	1400
0.499621	1400
0.499717	1400
0.499717	1400
0.499908	1400
0.499908	1400
0.500021	1400
0.500021	1400
0.500021	1400
0.500021	1400
0.501167	1400
0.501167	1400
0.501167	1400
0.501267	1400
0.501267	1400
0.501267	1400
0.501267	1400
0.501367	1400
0.501367	1400
0.501367	1400
0.501467	1400
0.501467	1400
0.501467	1400
0.501467	1400
0.501567	1400
0.501567	1400
0.501567	1400
0.501567	1400
0.501658	1400
0.501658	1400
0.501729	1400
0.501729	1400
0.501729	1400
0.501729	1400
0.501842	1400
0.501842	1400
0.501842	1400
0.501842	1400
0.501942	1400
0.501942	1400
0.501942	1400
0.502042	1400
0.502042	1400
0.502042	1400
0.502042	1400
0.502254	1400
0.502254	1400
0.502254	1400
0.502254	1400
0.502354	1400
0.502354	1400
0.502354	1400
0.502454	1400
0.502454	1400
0.502454	1400
0.502454	1400
0.502454	1400
0.502558	1400
0.50295	1400
0.50295	1400
0.50295	1400
0.50295	1400
0.50295	1400
0.503046	1400
0.504083	1400
0.504083	1400
0.504083	1400
0.504083	1400
0.504083	1400
0.504083	1400
0.504083	1400
0.504083	1400
0.504192	1400
0.504192	1400
0.504192	1400
0.504192	1400
0.504192	1400
0.504192	1400
0.504192	1400
0.504192	1400
0.504192	1400
0.504387	1400
0.504387	1400
0.504387	1400
0.504387	1400
0.504387	1400
0.504387	1400
0.504387	1400
0.504387	1400
0.50445	1400
0.50445	1400
0.50445	1400
0.50445	1400
0.50445	1400
0.50445	1400
0.50445	1400
0.504725	1400
0.504725	1400
0.504725	1400
0.504725	1400
0.504725	1400
0.504725	1400
0.506071	1400
0.506071	1400
0.506071	1400
0.506158	1400
0.506158	1400
0.506158	1400
0.506158	1400
0.506158	1400
0.506158	1400
0.506158	1400
0.506158	1400
0.506158	1400
0.506237	1400
0.506237	1400
0.506237	1400
0.506237	1400
0.506237	1400
0.506237	1400
0.506325	1400
0.506325	1400
0.506437	1400
0.506437	1400
0.506437	1400
0.506437	1400
0.506529	1400
0.506529	1400
0.506529	1400
0.506612	1400
0.506612	1400
0.506612	1400
0.506767	1400
0.506767	1400
0.506767	1400
0.506767	1400
0.506767	1400
0.507125	1400
0.507125	1400
0.507125	1400
0.507125	1400
0.507125	1400
0.507125	1400
0.507229	1400
0.507229	1400
0.507229	1400
0.507229	1400
0.507229	1400
0.507229	1400
0.507229	1400
0.507825	1400
0.507825	1400
0.507825	1400
0.507825	1400
0.507825	1400
0.507825	1400
0.508971	1400
0.508971	1400
0.508971	1400
0.508971	1400
0.508971	1400
0.508971	1400
0.508971	1400
0.508971	1400
0.508971	1400
0.509096	1400
0.509096	1400
0.509096	1400
0.509096	1400
0.509096	1400
0.509096	1400
0.509096	1400
0.509096	1400
0.509096	1400
0.509096	1400
0.509096	1400
0.509096	1400
0.509096	1400
0.509096	1400
0.509146	1400
0.509146	1400
0.509258	1400
0.509258	1400
0.509258	1400
0.509258	1400
0.509258	1400
0.509258	1400
0.509258	1400
0.509558	1400
0.509558	1400
0.509558	1400
0.509558	1400
0.509558	1400
0.509558	1400
0.509558	1400
0.510996	1400
0.510996	1400
0.510996	1400
0.510996	1400
0.510996	1400
0.510996	1400
0.510996	1400
0.510996	1400
0.511058	1400
0.511058	1400
0.511058	1400
0.511058	1400
0.511058	1400
0.511058	1400
0.511058	1400
0.511058	1400
0.511058	1400
0.511058	1400
0.511058	1400
0.511196	1400
0.511196	1400
0.511196	1400
0.511258	1400
0.511258	1400
0.511258	1400
0.511258	1400
0.511258	1400
0.511317	1400
0.511317	1400
0.511317	1400
0.511479	1400
0.511479	1400
0.511479	1400
0.511479	1400
0.511479	1400
0.512717	1400
0.512717	1400
0.512717	1400
0.512887	1400
0.512887	1400
0.512887	1400
0.512887	1400
0.512887	1400
0.512887	1400
0.512887	1400
0.512887	1400
0.512887	1400
0.512887	1400
0.512887	1400
0.512887	1400
0.512887	1400
0.512887	1400
0.512887	1400
0.513587	1400
0.513892	1400
0.513892	1400
0.513892	1400
0.513892	1400
0.513892	1400
0.513971	1400
0.513971	1400
0.513971	1400
0.513971	1400
0.513971	1400
0.513971	1400
0.513971	1400
0.513971	1400
0.513971	1400
0.513971	1400
0.513971	1400
0.513971	1400
0.513971	1400
0.513971	1400
0.513971	1400
0.513971	1400
0.513971	1400
0.513971	1400
0.513971	1400
0.514025	1400
0.514025	1400
0.514025	1400
0.514025	1400
0.514025	1400
0.514025	1400
0.514175	1400
0.514175	1400
0.514392	1400
0.514392	1400
0.514392	1400
0.514392	1400
0.514392	1400
0.514392	1400
0.514392	1400
0.514708	1400
0.515887	1400
0.515887	1400
0.515887	1400
0.515942	1400
0.515942	1400
0.515942	1400
0.515942	1400
0.515942	1400
0.515942	1400
0.515942	1400
0.515942	1400
0.515942	1400
0.515942	1400
0.515942	1400
0.516058	1400
0.516058	1400
0.516058	1400
0.516058	1400
0.516058	1400
0.516058	1400
0.516058	1400
0.516058	1400
0.516058	1400
0.516058	1400
0.516058	1400
0.516058	1400
0.516058	1400
0.516058	1400
0.516058	1400
0.516233	1400
0.516233	1400
0.516233	1400
0.516233	1400
0.516233	1400
0.516233	1400
0.517542	1400
0.517542	1400
0.517542	1400
0.517542	1400
0.517542	1400
0.517542	1400
0.517542	1400
0.517542	1400
0.517542	1400
0.517633	1400
0.517633	1400
0.517633	1400
0.517633	1400
0.517633	1400
0.517633	1400
0.517633	1400
0.517633	1400
0.518483	1400
0.518483	1400
0.518792	1400
0.518792	1400
0.518792	1400
0.518842	1400
0.518842	1400
0.518842	1400
0.518842	1400
0.518842	1400
0.518842	1400
0.518842	1400
0.518842	1400
0.518842	1400
0.518842	1400
0.518842	1400
0.518942	1400
0.518942	1400
0.518942	1400
0.518942	1400
0.518942	1400
0.518942	1400
0.518942	1400
0.518942	1400
0.518942	1400
0.518942	1400
0.518942	1400
0.519058	1400
0.519058	1400
0.519058	1400
0.519058	1400
0.519058	1400
0.519058	1400
0.519058	1400
0.519058	1400
0.519058	1400
0.519058	1400
0.519058	1400
0.519058	1400
0.519058	1400
0.519058	1400
0.519508	1400
0.519508	1400
0.520762	1400
0.520762	1400
0.520762	1400
0.520762	1400
0.520762	1400
0.520762	1400
0.520762	1400
0.520762	1400
0.520854	1400
0.520854	1400
0.520854	1400
0.520854	1400
0.520854	1400
0.520854	1400
0.520854	1400
0.520962	1400
0.520962	1400
0.520962	1400
0.520962	1400
0.520962	1400
0.520962	1400
0.520962	1400
0.520962	1400
0.520962	1400
0.521096	1400
0.521096	1400
0.521096	1400
0.521096	1400
0.521096	1400
0.521096	1400
0.521142	1400
0.521142	1400
0.521142	1400
0.521142	1400
0.521908	1400
0.522417	1400
0.522417	1400
0.522417	1400
0.522554	1400
0.522554	1400
0.522554	1400
0.522554	1400
0.522554	1400
0.522554	1400
0.522554	1400
0.522554	1400
0.522554	1400
0.522554	1400
0.522554	1400
0.522554	1400
0.522554	1400
0.523392	1400
0.523392	1400
0.523392	1400
0.523687	1400
0.523687	1400
0.523687	1400
0.523687	1400
0.523687	1400
0.523687	1400
0.523687	1400
0.523687	1400
0.523687	1400
0.523687	1400
0.523687	1400
0.523687	1400
0.523687	1400
0.523792	1400
0.523792	1400
0.523792	1400
0.523792	1400
0.523792	1400
0.523792	1400
0.523792	1400
0.523792	1400
0.523792	1400
0.523792	1400
0.523792	1400
0.523792	1400
0.523817	1400
0.523817	1400
0.523817	1400
0.523817	1400
0.523942	1400
0.523942	1400
0.523942	1400
0.523942	1400
0.523942	1400
0.523942	1400
0.523942	1400
0.523942	1400
0.523942	1400
0.523942	1400
0.524412	1400
0.524412	1400
0.524412	1400
0.525692	1400
0.525692	1400
0.525692	1400
0.525692	1400
0.525692	1400
0.525783	1400
0.525783	1400
0.525783	1400
0.525783	1400
0.525783	1400
0.525783	1400
0.525783	1400
0.525783	1400
0.525783	1400
0.525783	1400
0.525783	1400
0.525783	1400
0.525783	1400
0.525783	1400
0.525783	1400
0.525783	1400
0.525783	1400
0.525783	1400
0.525783	1400
0.525783	1400
0.525783	1400
0.525783	1400
0.525783	1400
0.525812	1400
0.525921	1400
0.525921	1400
0.525921	1400
0.525921	1400
0.525921	1400
0.527317	1400
0.527317	1400
0.527317	1400
0.527454	1400
0.527454	1400
0.527454	1400
0.527454	1400
0.527454	1400
0.527454	1400
0.527454	1400
0.527454	1400
0.527454	1400
0.527454	1400
0.527454	1400
0.527454	1400
0.527454	1400
0.528217	1400
0.528217	1400
0.528217	1400
0.528217	1400
0.528696	1400
0.528696	1400
0.528696	1400
0.528696	1400
0.528696	1400
0.528696	1400
0.528696	1400
0.528696	1400
0.528696	1400
0.528696	1400
0.528696	1400
0.528696	1400
0.528696	1400
0.528779	1400
0.528779	1400
0.528779	1400
0.528779	1400
0.528779	1400
0.528779	1400
0.528779	1400
0.528779	1400
0.528779	1400
0.528779	1400
0.528779	1400
0.528879	1400
0.528879	1400
0.528879	1400
0.528879	1400
0.528879	1400
0.528879	1400
0.528879	1400
0.528879	1400
0.528879	1400
0.528879	1400
0.528879	1400
0.528879	1400
0.528979	1400
0.528979	1400
0.528979	1400
0.530596	1400
0.530596	1400
0.530596	1400
0.530596	1400
0.530596	1400
0.530596	1400
0.530596	1400
0.530596	1400
0.530596	1400
0.530596	1400
0.530596	1400
0.530596	1400
0.530596	1400
0.530596	1400
0.530596	1400
0.530596	1400
0.530596	1400
0.530596	1400
0.530596	1400
0.530596	1400
0.530596	1400
0.530596	1400
0.530596	1400
0.530596	1400
0.530596	1400
0.530596	1400
0.530596	1400
0.530642	1400
0.530642	1400
0.530642	1400
0.530642	1400
0.530642	1400
0.530642	1400
0.530642	1400
0.530642	1400
0.530642	1400
0.530642	1400
0.532217	1400
0.532217	1400
0.532217	1400
0.532217	1400
0.53235	1400
0.53235	1400
0.53235	1400
0.53235	1400
0.53235	1400
0.53235	1400
0.53235	1400
0.53235	1400
0.53235	1400
0.53235	1400
0.53235	1400
0.53235	1400
0.533154	1400
0.533154	1400
0.533154	1400
0.533154	1400
0.533154	1400
0.533562	1400
0.533562	1400
0.533562	1400
0.533562	1400
0.533562	1400
0.533562	1400
0.533562	1400
0.533562	1400
0.533629	1400
0.533629	1400
0.533629	1400
0.533629	1400
0.533629	1400
0.533629	1400
0.533629	1400
0.533729	1400
0.533729	1400
0.533729	1400
0.533729	1400
0.533729	1400
0.533729	1400
0.533729	1400
0.533729	1400
0.533829	1400
0.533829	1400
0.533829	1400
0.533829	1400
0.533829	1400
0.533829	1400
0.533829	1400
0.533929	1400
0.533929	1400
0.533929	1400
0.533929	1400
0.533929	1400
0.533929	1400
0.533929	1400
0.534012	1400
0.534012	1400
0.534683	1400
0.535496	1400
0.535496	1400
0.535496	1400
0.535496	1400
0.535496	1400
0.535496	1400
0.535496	1400
0.535496	1400
0.535496	1400
0.535496	1400
0.535496	1400
0.535496	1400
0.535496	1400
0.535496	1400
0.535496	1400
0.535496	1400
0.535496	1400
0.535496	1400
0.535496	1400
0.535496	1400
0.535496	1400
0.535496	1400
0.535496	1400
0.535496	1400
0.535496	1400
0.535496	1400
0.535542	1400
0.535542	1400
0.535542	1400
0.535542	1400
0.535542	1400
0.535542	1400
0.535542	1400
0.535542	1400
0.535542	1400
0.535542	1400
0.536308	1400
0.537162	1400
0.537162	1400
0.537162	1400
0.537162	1400
0.537162	1400
0.537162	1400
0.537162	1400
0.537162	1400
0.537162	1400
0.537162	1400
0.537162	1400
0.537162	1400
0.537162	1400
0.537162	1400
0.537162	1400
0.538092	1400
0.538092	1400
0.538092	1400
0.538092	1400
0.538092	1400
0.538092	1400
0.538458	1400
0.538458	1400
0.538458	1400
0.538458	1400
0.538458	1400
0.538458	1400
0.538458	1400
0.538458	1400
0.538458	1400
0.538458	1400
0.538458	1400
0.538458	1400
0.538583	1400
0.538583	1400
0.538583	1400
0.538583	1400
0.538583	1400
0.538583	1400
0.538583	1400
0.538583	1400
0.538583	1400
0.538583	1400
0.538583	1400
0.538583	1400
0.538692	1400
0.538692	1400
0.538692	1400
0.538692	1400
0.538692	1400
0.538692	1400
0.538692	1400
0.538692	1400
0.538692	1400
0.538692	1400
0.538692	1400
0.538692	1400
0.538692	1400
0.538867	1400
0.538867	1400
0.538867	1400
0.540371	1400
0.540371	1400
0.540371	1400
0.540371	1400
0.540483	1400
0.540483	1400
0.540483	1400
0.540483	1400
0.540483	1400
0.540483	1400
0.540571	1400
0.540571	1400
0.540571	1400
0.540571	1400
0.540571	1400
0.540671	1400
0.540671	1400
0.540671	1400
0.540671	1400
0.540671	1400
0.540787	1400
0.540787	1400
0.540787	1400
0.540787	1400
0.540787	1400
0.540787	1400
0.540867	1400
0.540867	1400
0.540867	1400
0.540867	1400
0.540967	1400
0.540967	1400
0.540967	1400
0.540967	1400
0.541062	1400
0.541062	1400
0.541208	1400
0.541208	1400
0.542075	1400
0.542075	1400
0.542075	1400
0.542125	1400
0.542125	1400
0.542125	1400
0.542125	1400
0.542125	1400
0.542125	1400
0.542225	1400
0.542225	1400
0.542225	1400
0.542225	1400
0.542225	1400
0.542929	1400
0.543037	1400
0.543037	1400
0.543037	1400
0.543037	1400
0.543129	1400
0.543129	1400
0.543237	1400
0.543237	1400
0.543237	1400
0.543237	1400
0.543337	1400
0.543337	1400
0.543337	1400
0.543337	1400
0.543337	1400
0.543429	1400
0.543429	1400
0.543429	1400
0.543429	1400
0.543529	1400
0.543529	1400
0.543529	1400
0.543529	1400
0.543629	1400
0.543629	1400
0.543629	1400
0.543729	1400
0.543729	1400
0.543729	1400
0.543729	1400
0.543842	1400
0.543842	1400
0.543842	1400
0.543842	1400
0.544042	1400
0.544042	1400
0.544042	1400
0.544129	1400
0.544129	1400
0.544129	1400
0.544129	1400
0.544225	1400
0.544225	1400
0.545267	1400
0.545267	1400
0.545267	1400
0.545267	1400
0.545267	1400
0.545267	1400
0.545267	1400
0.545267	1400
0.545333	1400
0.545333	1400
0.545333	1400
0.545333	1400
0.545333	1400
0.545333	1400
0.545333	1400
0.545333	1400
0.545333	1400
0.545462	1400
0.545462	1400
0.545462	1400
0.545462	1400
0.545462	1400
0.545462	1400
0.545462	1400
0.545462	1400
0.545529	1400
0.545529	1400
0.545529	1400
0.545529	1400
0.545529	1400
0.545529	1400
0.545529	1400
0.545625	1400
0.545625	1400
0.545625	1400
0.545625	1400
0.545625	1400
0.545625	1400
0.545712	1400
0.545712	1400
0.546046	1400
0.546046	1400
0.546925	1400
0.546925	1400
0.546925	1400
0.546925	1400
0.546925	1400
0.546925	1400
0.547042	1400
0.547042	1400
0.547042	1400
0.547042	1400
0.547042	1400
0.547042	1400
0.547042	1400
0.547862	1400
0.547862	1400
0.547862	1400
0.547862	1400
0.547862	1400
0.547862	1400
0.547862	1400
0.548042	1400
0.548042	1400
0.548042	1400
0.548042	1400
0.548042	1400
0.548042	1400
0.548042	1400
0.548042	1400
0.548042	1400
0.548042	1400
0.548117	1400
0.548117	1400
0.548117	1400
0.548117	1400
0.548221	1400
0.548221	1400
0.548221	1400
0.548221	1400
0.548221	1400
0.548312	1400
0.548312	1400
0.548421	1400
0.548421	1400
0.548421	1400
0.548421	1400
0.548421	1400
0.548521	1400
0.548521	1400
0.548521	1400
0.548521	1400
0.550187	1400
0.550187	1400
0.550187	1400
0.550187	1400
0.550187	1400
0.550187	1400
0.550187	1400
0.550187	1400
0.550187	1400
0.550187	1400
0.550187	1400
0.550187	1400
0.550187	1400
0.550187	1400
0.550187	1400
0.550187	1400
0.550187	1400
0.550187	1400
0.550187	1400
0.550283	1400
0.550283	1400
0.550283	1400
0.550283	1400
0.550283	1400
0.550283	1400
0.550283	1400
0.550283	1400
0.550283	1400
0.550283	1400
0.550283	1400
0.550375	1400
0.550375	1400
0.550375	1400
0.550375	1400
0.550375	1400
0.550375	1400
0.550375	1400
0.550375	1400
0.550375	1400
0.550492	1400
0.550492	1400
0.550492	1400
0.550492	1400
0.550492	1400
0.550492	1400
0.550492	1400
0.550492	1400
0.550492	1400
0.550912	1400
0.550912	1400
0.550912	1400
0.55185	1400
0.55185	1400
0.55185	1400
0.55185	1400
0.55185	1400
0.55185	1400
0.55185	1400
0.55185	1400
0.55185	1400
0.55185	1400
0.55185	1400
0.55185	1400
0.552767	1400
0.552767	1400
0.552767	1400
0.552767	1400
0.552767	1400
0.552767	1400
0.552767	1400
0.552767	1400
0.552767	1400
0.552767	1400
0.552767	1400
0.552767	1400
0.552767	1400
0.552767	1400
0.552767	1400
0.552767	1400
0.552767	1400
0.552767	1400
0.552912	1400
0.552912	1400
0.552912	1400
0.553037	1400
0.553037	1400
0.553037	1400
0.553037	1400
0.553037	1400
0.553037	1400
0.553037	1400
0.553037	1400
0.553125	1400
0.553125	1400
0.553125	1400
0.553125	1400
0.553125	1400
0.553125	1400
0.553217	1400
0.553217	1400
0.553217	1400
0.553308	1400
0.555025	1400
0.555025	1400
0.555025	1400
0.555025	1400
0.555025	1400
0.555025	1400
0.555142	1400
0.555142	1400
0.555142	1400
0.555142	1400
0.555142	1400
0.555142	1400
0.555142	1400
0.555142	1400
0.555142	1400
0.555142	1400
0.555142	1400
0.555229	1400
0.555229	1400
0.555229	1400
0.555229	1400
0.555229	1400
0.555229	1400
0.555229	1400
0.555337	1400
0.555337	1400
0.555337	1400
0.555337	1400
0.555337	1400
0.555337	1400
0.555337	1400
0.555337	1400
0.555337	1400
0.555337	1400
0.555487	1400
0.555487	1400
0.555487	1400
0.555487	1400
0.555487	1400
0.555487	1400
0.555487	1400
0.555487	1400
0.555487	1400
0.555487	1400
0.555487	1400
0.555487	1400
0.555579	1400
0.555817	1400
0.555817	1400
0.555817	1400
0.555817	1400
0.556754	1400
0.556754	1400
0.556754	1400
0.556754	1400
0.556754	1400
0.556754	1400
0.556754	1400
0.556754	1400
0.556754	1400
0.556754	1400
0.556754	1400
0.557679	1400
0.557679	1400
0.557679	1400
0.557679	1400
0.557679	1400
0.557679	1400
0.557679	1400
0.557679	1400
0.557679	1400
0.557679	1400
0.557679	1400
0.557679	1400
0.557679	1400
0.557679	1400
0.557679	1400
0.557679	1400
0.557679	1400
0.557679	1400
0.557679	1400
0.557679	1400
0.557679	1400
0.557679	1400
0.557812	1400
0.557812	1400
0.557812	1400
0.557958	1400
0.557958	1400
0.557958	1400
0.557958	1400
0.557958	1400
0.557958	1400
0.557958	1400
0.557958	1400
0.557958	1400
0.557958	1400
0.557958	1400
0.557958	1400
0.557958	1400
0.557958	1400
0.558008	1400
0.558008	1400
0.560062	1400
0.560062	1400
0.560062	1400
0.560062	1400
0.560062	1400
0.560062	1400
0.560062	1400
0.560062	1400
0.560171	1400
0.560171	1400
0.560171	1400
0.560171	1400
0.560171	1400
0.560171	1400
0.560171	1400
0.560171	1400
0.560171	1400
0.560171	1400
0.560283	1400
0.560283	1400
0.560283	1400
0.560283	1400
0.560283	1400
0.560283	1400
0.560283	1400
0.560283	1400
0.560283	1400
0.560283	1400
0.560283	1400
0.560283	1400
0.560342	1400
0.560342	1400
0.560342	1400
0.560342	1400
0.560342	1400
0.560342	1400
0.560342	1400
0.560342	1400
0.560342	1400
0.560342	1400
0.560342	1400
0.560425	1400
0.560425	1400
0.560425	1400
0.560425	1400
0.560425	1400
0.560621	1400
0.560621	1400
0.560621	1400
0.560621	1400
0.560621	1400
0.561637	1400
0.561637	1400
0.561637	1400
0.561637	1400
0.561737	1400
0.561737	1400
0.561737	1400
0.561737	1400
0.561737	1400
0.561829	1400
0.562562	1400
0.562562	1400
0.562562	1400
0.562562	1400
0.562562	1400
0.562562	1400
0.562562	1400
0.562562	1400
0.562562	1400
0.562654	1400
0.562654	1400
0.562654	1400
0.562654	1400
0.562654	1400
0.562654	1400
0.562654	1400
0.562754	1400
0.562754	1400
0.562754	1400
0.562754	1400
0.562754	1400
0.562754	1400
0.562754	1400
0.562754	1400
0.562862	1400
0.562862	1400
0.562862	1400
0.562862	1400
0.562862	1400
0.562862	1400
0.562862	1400
0.562862	1400
0.562929	1400
0.562929	1400
0.562929	1400
0.562929	1400
0.562929	1400
0.562929	1400
0.562929	1400
0.562929	1400
0.563012	1400
0.563662	1400
0.564987	1400
0.564987	1400
0.564987	1400
0.564987	1400
0.564987	1400
0.564987	1400
0.564987	1400
0.564987	1400
0.565083	1400
0.565083	1400
0.565083	1400
0.565083	1400
0.565083	1400
0.565083	1400
0.565083	1400
0.565083	1400
0.565083	1400
0.565183	1400
0.565183	1400
0.565183	1400
0.565183	1400
0.565183	1400
0.565183	1400
0.565183	1400
0.565183	1400
0.565283	1400
0.565283	1400
0.565283	1400
0.565283	1400
0.565283	1400
0.565283	1400
0.565283	1400
0.565283	1400
0.565283	1400
0.565283	1400
0.565283	1400
0.565283	1400
0.565333	1400
0.565333	1400
0.565333	1400
0.565333	1400
0.565333	1400
0.565333	1400
0.565333	1400
0.565333	1400
0.565425	1400
0.565425	1400
0.565425	1400
0.565425	1400
0.565425	1400
0.565425	1400
0.566542	1400
0.566542	1400
0.566542	1400
0.566542	1400
0.566542	1400
0.566542	1400
0.566621	1400
0.566621	1400
0.566621	1400
0.566621	1400
0.567425	1400
0.567425	1400
0.567425	1400
0.567425	1400
0.567425	1400
0.567425	1400
0.567567	1400
0.567567	1400
0.567567	1400
0.567567	1400
0.567567	1400
0.567567	1400
0.567567	1400
0.567567	1400
0.567567	1400
0.567567	1400
0.567567	1400
0.567567	1400
0.567567	1400
0.567567	1400
0.567567	1400
0.567567	1400
0.567567	1400
0.567696	1400
0.567696	1400
0.567696	1400
0.567696	1400
0.567696	1400
0.56775	1400
0.56775	1400
0.56775	1400
0.56775	1400
0.56775	1400
0.56775	1400
0.56775	1400
0.56775	1400
0.56775	1400
0.56775	1400
0.56775	1400
0.56775	1400
0.569746	1400
0.569862	1400
0.569862	1400
0.569862	1400
0.569862	1400
0.569862	1400
0.569862	1400
0.569862	1400
0.569862	1400
0.569954	1400
0.569954	1400
0.569954	1400
0.569954	1400
0.569954	1400
0.569954	1400
0.569954	1400
0.570083	1400
0.570083	1400
0.570083	1400
0.570083	1400
0.570083	1400
0.570083	1400
0.570083	1400
0.570083	1400
0.570083	1400
0.570083	1400
0.570083	1400
0.570083	1400
0.570083	1400
0.570175	1400
0.570175	1400
0.570175	1400
0.570175	1400
0.570175	1400
0.570175	1400
0.570175	1400
0.570175	1400
0.570175	1400
0.570175	1400
0.570175	1400
0.570283	1400
0.570283	1400
0.570283	1400
0.570283	1400
0.570283	1400
0.570283	1400
0.570283	1400
0.570283	1400
0.570283	1400
0.570283	1400
0.570283	1400
0.570283	1400
0.570842	1400
0.571496	1400
0.571496	1400
0.571496	1400
0.571496	1400
0.571496	1400
0.571496	1400
0.571496	1400
0.571496	1400
0.571533	1400
0.572396	1400
0.572396	1400
0.572396	1400
0.572396	1400
0.572396	1400
0.572396	1400
0.572396	1400
0.572396	1400
0.572396	1400
0.572396	1400
0.572396	1400
0.572396	1400
0.572396	1400
0.572396	1400
0.572396	1400
0.572396	1400
0.572396	1400
0.572396	1400
0.572396	1400
0.572396	1400
0.572396	1400
0.572396	1400
0.572396	1400
0.572396	1400
0.572396	1400
0.572396	1400
0.572396	1400
0.572412	1400
0.572412	1400
0.574396	1400
0.574558	1400
0.574558	1400
0.574558	1400
0.574558	1400
0.574558	1400
0.574558	1400
0.574662	1400
0.574662	1400
0.574662	1400
0.574662	1400
0.574662	1400
0.574662	1400
0.574662	1400
0.574662	1400
0.574733	1400
0.574733	1400
0.574733	1400
0.574733	1400
0.574733	1400
0.574733	1400
0.574733	1400
0.574733	1400
0.574733	1400
0.574854	1400
0.574854	1400
0.574854	1400
0.574854	1400
0.574854	1400
0.574854	1400
0.574854	1400
0.574954	1400
0.574954	1400
0.574954	1400
0.574954	1400
0.574954	1400
0.574954	1400
0.574954	1400
0.575054	1400
0.575054	1400
0.575054	1400
0.575054	1400
0.575054	1400
0.575054	1400
0.575054	1400
0.575054	1400
0.575162	1400
0.575162	1400
0.575162	1400
0.575162	1400
0.575162	1400
0.575162	1400
0.575162	1400
0.575162	1400
0.575287	1400
0.575287	1400
0.575287	1400
0.575287	1400
0.575287	1400
0.575287	1400
0.575287	1400
0.575287	1400
0.575287	1400
0.575287	1400
0.575408	1400
0.576321	1400
0.576321	1400
0.576321	1400
0.577296	1400
0.577296	1400
0.577296	1400
0.577296	1400
0.577296	1400
0.577296	1400
0.577296	1400
0.577296	1400
0.577296	1400
0.577296	1400
0.577296	1400
0.577296	1400
0.577296	1400
0.577296	1400
0.577296	1400
0.577296	1400
0.577296	1400
0.577296	1400
0.577296	1400
0.577296	1400
0.577296	1400
0.577296	1400
0.577296	1400
0.577296	1400
0.577296	1400
0.577296	1400
0.577342	1400
0.577342	1400
0.577342	1400
0.577342	1400
0.577342	1400
0.577342	1400
0.577342	1400
0.577342	1400
0.577342	1400
0.577342	1400
0.578196	1400
0.57925	1400
0.57925	1400
0.579358	1400
0.579358	1400
0.579358	1400
0.579358	1400
0.579358	1400
0.579467	1400
0.579467	1400
0.579467	1400
0.579467	1400
0.579467	1400
0.579467	1400
0.579467	1400
0.579467	1400
0.579529	1400
0.579529	1400
0.579529	1400
0.579529	1400
0.579529	1400
0.579529	1400
0.579529	1400
0.579633	1400
0.579633	1400
0.579633	1400
0.579633	1400
0.579633	1400
0.579633	1400
0.579633	1400
0.579633	1400
0.579729	1400
0.579729	1400
0.579729	1400
0.579729	1400
0.579729	1400
0.579729	1400
0.579729	1400
0.579729	1400
0.579829	1400
0.579829	1400
0.579829	1400
0.579829	1400
0.579829	1400
0.579829	1400
0.579829	1400
0.579929	1400
0.579929	1400
0.579929	1400
0.579929	1400
0.579929	1400
0.579929	1400
0.579929	1400
0.579929	1400
0.580021	1400
0.580021	1400
0.580021	1400
0.580021	1400
0.580133	1400
0.580133	1400
0.580133	1400
0.580133	1400
0.580133	1400
0.580133	1400
0.580133	1400
0.580308	1400
0.581262	1400
0.581262	1400
0.581262	1400
0.582154	1400
0.582154	1400
0.582154	1400
0.582271	1400
0.582271	1400
0.582271	1400
0.582271	1400
0.582271	1400
0.582362	1400
0.582362	1400
0.582362	1400
0.582362	1400
0.582362	1400
0.582454	1400
0.582454	1400
0.582454	1400
0.582454	1400
0.582454	1400
0.582571	1400
0.582571	1400
0.582571	1400
0.582571	1400
0.582571	1400
0.582654	1400
0.582654	1400
0.582654	1400
0.582754	1400
0.582754	1400
0.582754	1400
0.582754	1400
0.582862	1400
0.583067	1400
0.583067	1400
0.583067	1400
0.583067	1400
0.583067	1400
0.584242	1400
0.584242	1400
0.584242	1400
0.584242	1400
0.584342	1400
0.584342	1400
0.584342	1400
0.584342	1400
0.584442	1400
0.584442	1400
0.584442	1400
0.584567	1400
0.584567	1400
0.584567	1400
0.584567	1400
0.584662	1400
0.584662	1400
0.584662	1400
0.584662	1400
0.584771	1400
0.584771	1400
0.584771	1400
0.584771	1400
0.584771	1400
0.584867	1400
0.584867	1400
0.584867	1400
0.584967	1400
0.584967	1400
0.584967	1400
0.584967	1400
0.585067	1400
0.585067	1400
0.585067	1400
0.585067	1400
0.585267	1400
0.585267	1400
0.585267	1400
0.585387	1400
0.585387	1400
0.585387	1400
0.585387	1400
0.585387	1400
0.585467	1400
0.585467	1400
0.585467	1400
0.585467	1400
0.585567	1400
0.585567	1400
0.585567	1400
0.585675	1400
0.585675	1400
0.585675	1400
0.585675	1400
0.585675	1400
0.585771	1400
0.585771	1400
0.585771	1400
0.585771	1400
0.585771	1400
0.585862	1400
0.585862	1400
