Tx 0.007 1 1 0 12 
Tx 0.008 1 2 0 12 
Tx 0.009 1 3 0 12 
Rx 0.01 1 1 0 12 2999999
Tx 0.01 1 4 0 12 
Rx 0.011 1 2 0 12 2999999
Tx 0.011 1 5 0 12 
Rx 0.012 1 3 0 12 2999999
Tx 0.012 1 6 0 12 
Rx 0.013 1 4 0 12 2999999
Rx 0.014 1 5 0 12 2999999
Rx 0.015 1 6 0 12 2999999
Tx 0.022 1 1 0 3 
Tx 0.023 1 2 0 3 
Tx 0.024 1 3 0 3 
Rx 0.025 1 1 0 3 2999999
Tx 0.025 1 4 0 3 
Rx 0.026 1 2 0 3 2999999
Tx 0.026 1 5 0 3 
Rx 0.027 1 3 0 3 2999999
Tx 0.027 1 6 0 3 
Rx 0.028 1 4 0 3 2999999
Tx 0.0284 2 1 0 12 
Tx 0.0284 2 2 0 12 
Tx 0.0284 2 3 0 12 
Rx 0.0287083 2 1 0 12 308319
Rx 0.0287125 2 2 0 12 312479
Rx 0.0287166 2 3 0 12 316639
Rx 0.029 1 5 0 3 2999999
Rx 0.03 1 6 0 3 2999999
Tx 0.0334 2 4 0 12 
Tx 0.0334 2 5 0 12 
Tx 0.0334 2 6 0 12 
Rx 0.0337083 2 4 0 12 308319
Rx 0.0337125 2 5 0 12 312479
Rx 0.0337166 2 6 0 12 316639
Tx 0.037 1 1 1 43 
Tx 0.038 1 2 1 43 
Tx 0.039 1 3 1 43 
Tx 0.04 1 4 1 43 
Tx 0.041 1 5 1 43 
Tx 0.042 1 6 1 43 
Tx 0.063 1 3 1 19 
Tx 0.063 1 3 1 19 
Tx 0.067 1 1 1 19 
Tx 0.067 1 1 1 19 
Tx 0.068 1 2 1 19 
Tx 0.068 1 2 1 19 
Tx 0.07 1 4 1 19 
Tx 0.07 1 4 1 19 
Tx 0.071 1 5 1 19 
Tx 0.071 1 5 1 19 
Tx 0.072 1 6 1 19 
Tx 0.072 1 6 1 19 
Tx 0.1021 2 4 3 62 
Tx 0.107 2 4 3 1514 
Tx 0.1119 2 4 3 2914 
Tx 0.1168 2 4 3 5825 
Tx 0.1217 2 4 3 11646 
Tx 0.1221 2 2 3 62 
Tx 0.1226 2 4 3 5 
Tx 0.1266 2 4 3 20370 
Tx 0.127 2 2 3 1514 
Tx 0.1275 2 4 3 2925 
Tx 0.1301 2 1 3 62 
Tx 0.1315 2 4 3 17462 
Tx 0.1323 2 2 3 2914 
Tx 0.1324 2 4 3 4378 
Tx 0.1364 2 4 3 17462 
Tx 0.1372 2 2 3 5825 
Tx 0.1373 2 4 3 5833 
Tx 0.1413 2 4 3 17462 
Tx 0.1421 2 6 3 62 
Tx 0.1422 2 4 3 8744 
Tx 0.1428 2 2 3 11646 
Tx 0.1437 2 2 3 5 
Tx 0.1462 2 4 3 16008 
Tx 0.147 2 6 3 1514 
Tx 0.1471 2 4 3 11651 
Tx 0.1477 2 2 3 17032 
Tx 0.1478 2 2 3 3341 
Tx 0.1486 2 2 3 2926 
Tx 0.1491 2 4 3 6 
Tx 0.1501 2 5 3 62 
Tx 0.1511 2 4 3 14554 
Tx 0.1519 2 6 3 2914 
Tx 0.152 2 4 3 13104 
Tx 0.1529 2 4 3 8 
Tx 0.153 2 2 3 17032 
Tx 0.1531 2 2 3 17032 
Tx 0.1532 2 2 3 3760 
Tx 0.1535 2 2 3 8767 
Tx 0.154 2 4 3 1458 
Tx 0.156 2 4 3 13100 
Tx 0.1568 2 6 3 5825 
Tx 0.1569 2 4 3 14556 
Tx 0.1578 2 4 3 1465 
Tx 0.1579 2 2 3 13100 
Tx 0.158 2 2 3 17032 
Tx 0.1581 2 2 3 1889 
Tx 0.1585 2 2 3 10203 
Tx 0.1592 2 2 3 5 
Tx 0.1609 2 4 3 13100 
Tx 0.1617 2 6 3 11646 
Tx 0.1618 2 4 3 16010 
Tx 0.1626 2 6 3 5 
Tx 0.1627 2 4 3 2922 
Tx 0.1632 2 2 3 16257 
Tx 0.1633 2 2 3 17032 
Tx 0.1634 2 2 3 8915 
Tx 0.1641 2 2 3 1477 
Tx 0.1658 2 4 3 11646 
Tx 0.1666 2 6 3 16257 
Tx 0.1667 2 4 3 17463 
Tx 0.1667 2 6 3 4116 
Tx 0.1675 2 6 3 2926 
Tx 0.1676 2 4 3 4379 
Tx 0.1681 2 2 3 16257 
Tx 0.1682 2 2 3 17032 
Tx 0.1683 2 2 3 8915 
Tx 0.169 2 2 3 4388 
Tx 0.1701 2 3 3 62 
Tx 0.1707 2 4 3 10191 
Tx 0.171 2 1 3 765 
Tx 0.1711 2 1 3 753 
Tx 0.1715 2 6 3 15483 
Tx 0.1716 2 4 3 18916 
Tx 0.1716 2 6 3 1982 
Tx 0.1724 2 6 3 4379 
Tx 0.1725 2 4 3 4379 
Tx 0.173 2 2 3 16257 
Tx 0.1731 2 2 3 17032 
Tx 0.1732 2 2 3 7461 
Tx 0.1739 2 2 3 7298 
Tx 0.1746 2 4 3 1458 
Tx 0.1764 2 6 3 16257 
Tx 0.1765 2 4 3 29094 
Tx 0.1765 2 6 3 1208 
Tx 0.1773 2 6 3 5834 
Tx 0.1774 2 4 3 4390 
Tx 0.1775 2 4 3 1458 
Tx 0.1781 2 2 3 17032 
Tx 0.1782 2 2 3 1887 
Tx 0.1783 2 2 3 17032 
Tx 0.1784 2 2 3 3351 
Tx 0.1788 2 2 3 10204 
Tx 0.179 2 2 3 5 
Tx 0.1795 2 4 3 1458 
Tx 0.1813 2 6 3 17032 
Tx 0.1814 2 6 3 433 
Tx 0.1814 2 4 3 29094 
Tx 0.1822 2 6 3 8745 
Tx 0.1823 2 4 3 7301 
Tx 0.183 2 2 3 17032 
Tx 0.1831 2 2 3 17032 
Tx 0.1832 2 2 3 3778 
Tx 0.1837 2 2 3 13112 
Tx 0.1841 2 2 3 8 
Tx 0.1844 2 4 3 1458 
Tx 0.1862 2 6 3 8511 
Tx 0.1863 2 4 3 12462 
Tx 0.1863 2 6 3 5413 
Tx 0.1864 2 4 3 16635 
Tx 0.1864 2 6 3 2090 
Tx 0.1871 2 6 3 11654 
Tx 0.1872 2 4 3 8757 
Tx 0.1881 2 2 3 16008 
Tx 0.1883 2 2 3 17032 
Tx 0.1884 2 2 3 17032 
Tx 0.1885 2 2 3 876 
Tx 0.1889 2 2 3 1469 
Tx 0.1891 2 6 3 6 
Tx 0.1892 2 4 3 1458 
Tx 0.191 2 5 3 921 
Tx 0.1911 2 5 3 564 
Tx 0.1911 2 6 3 8503 
Tx 0.1912 2 5 3 37 
Tx 0.1912 2 6 3 6052 
Tx 0.1912 2 4 3 23143 
Tx 0.1913 2 4 3 5952 
Tx 0.192 2 6 3 13107 
Tx 0.1921 2 4 3 10214 
Tx 0.1929 2 6 3 8 
Tx 0.193 2 2 3 16257 
Tx 0.193 2 4 3 5 
Tx 0.1931 2 2 3 2662 
Tx 0.1932 2 2 3 17032 
Tx 0.1933 2 2 3 14983 
Tx 0.1938 2 2 3 2939 
Tx 0.194 2 6 3 1458 
Tx 0.1941 2 4 3 1458 
Tx 0.196 2 6 3 13100 
Tx 0.1961 2 4 3 29094 
Tx 0.1969 2 6 3 14556 
Tx 0.197 2 4 3 10211 
Tx 0.1978 2 6 3 1465 
Tx 0.1979 2 2 3 16257 
Tx 0.1979 2 4 3 1461 
Tx 0.198 2 2 3 17032 
Tx 0.1981 2 2 3 17032 
Tx 0.1982 2 2 3 628 
Tx 0.1987 2 2 3 4380 
Tx 0.2009 2 6 3 13100 
Tx 0.201 2 4 3 30548 
Tx 0.2018 2 6 3 16010 
Tx 0.2019 2 4 3 10212 
Tx 0.2027 2 6 3 2922 
Tx 0.2028 2 2 3 15483 
Tx 0.2028 2 4 3 2916 
Tx 0.2029 2 2 3 17032 
Tx 0.203 2 2 3 17032 
Tx 0.2031 2 2 3 1382 
Tx 0.2036 2 2 3 5854 
Tx 0.2058 2 6 3 11646 
Tx 0.2059 2 4 3 30548 
Tx 0.2067 2 6 3 17024 
Tx 0.2068 2 6 3 440 
Tx 0.2068 2 4 3 10212 
Tx 0.2077 2 4 3 4372 
Tx 0.2077 2 2 3 14708 
Tx 0.2078 2 2 3 17032 
Tx 0.2079 2 2 3 17032 
Tx 0.208 2 2 3 2157 
Tx 0.208 2 6 3 4382 
Tx 0.2085 2 2 3 7311 
Tx 0.2107 2 6 3 10191 
Tx 0.2108 2 4 3 30548 
Tx 0.211 2 3 3 1128 
Tx 0.2111 2 3 3 390 
Tx 0.2116 2 6 3 15483 
Tx 0.2117 2 4 3 10212 
Tx 0.212 2 1 3 1128 
Tx 0.2121 2 1 3 1076 
Tx 0.2122 2 1 3 718 
Tx 0.2126 2 4 3 5827 
Tx 0.2129 2 2 3 8511 
Tx 0.2129 2 6 3 7737 
Tx 0.213 2 6 3 1534 
Tx 0.213 2 2 3 15483 
Tx 0.2131 2 2 3 16257 
Tx 0.2132 2 2 3 10671 
Tx 0.2138 2 2 3 41 
Tx 0.2141 2 6 3 5 
Tx 0.2155 2 6 3 10191 
Tx 0.2157 2 4 3 30548 
Tx 0.2158 2 2 3 8736 
Tx 0.2166 2 4 3 10212 
Tx 0.2175 2 4 3 4372 
Tx 0.2178 2 2 3 17032 
Tx 0.2179 2 2 3 17032 
Tx 0.218 2 2 3 16257 
Tx 0.2181 2 2 3 610 
Tx 0.2181 2 6 3 16257 
Tx 0.2182 2 6 3 8478 
Tx 0.2187 2 2 3 1487 
Tx 0.219 2 6 3 20 
Tx 0.2196 2 4 3 2914 
Tx 0.2204 2 6 3 11646 
Tx 0.2211 2 2 3 8736 
Tx 0.2213 2 6 3 5 
Tx 0.2215 2 4 3 37405 
Tx 0.2216 2 4 3 3324 
Tx 0.2224 2 4 3 4403 
Tx 0.2225 2 4 3 1458 
Tx 0.2227 2 2 3 17032 
Tx 0.2228 2 2 3 17032 
Tx 0.2229 2 2 3 16257 
Tx 0.223 2 6 3 15483 
Tx 0.223 2 2 3 610 
Tx 0.2231 2 6 3 9267 
Tx 0.2236 2 2 3 2942 
Tx 0.2239 2 6 3 1458 
Tx 0.2245 2 4 3 2914 
Tx 0.2259 2 6 3 10191 
Tx 0.2261 2 2 3 8736 
Tx 0.2262 2 6 3 1458 
Tx 0.2264 2 4 3 39176 
Tx 0.2265 2 4 3 1551 
Tx 0.2273 2 4 3 4405 
Tx 0.2276 2 2 3 17032 
Tx 0.2277 2 2 3 17032 
Tx 0.2278 2 2 3 16257 
Tx 0.2279 2 2 3 610 
Tx 0.2283 2 6 3 14708 
Tx 0.2284 2 6 3 11497 
Tx 0.2285 2 2 3 4398 
Tx 0.2288 2 6 3 1461 
Tx 0.2293 2 4 3 2914 
Tx 0.2294 2 4 3 2914 
Tx 0.2311 2 2 3 8511 
Tx 0.2311 2 6 3 8511 
Tx 0.2312 2 2 3 229 
Tx 0.2312 2 6 3 3138 
Tx 0.2313 2 4 3 37397 
Tx 0.2314 2 4 3 3330 
Tx 0.232 2 5 3 1024 
Tx 0.232 2 6 3 6 
Tx 0.2321 2 5 3 1128 
Tx 0.2322 2 5 3 770 
Tx 0.2322 2 4 3 4405 
Tx 0.2328 2 2 3 19161 
Tx 0.2329 2 2 3 18292 
Tx 0.233 2 2 3 13478 
Tx 0.2332 2 6 3 17032 
Tx 0.2333 2 6 3 9174 
Tx 0.2334 2 2 3 5849 
Tx 0.2337 2 6 3 2914 
Tx 0.2342 2 4 3 8736 
Tx 0.236 2 2 3 8511 
Tx 0.236 2 6 3 8511 
Tx 0.2361 2 2 3 229 
Tx 0.2361 2 6 3 1684 
Tx 0.2362 2 4 3 37397 
Tx 0.2363 2 4 3 1876 
Tx 0.2369 2 6 3 5 
Tx 0.2371 2 4 3 5859 
Tx 0.238 2 2 3 16257 
Tx 0.2381 2 2 3 8511 
Tx 0.2381 2 6 3 8511 
Tx 0.2382 2 2 3 8511 
Tx 0.2382 2 6 3 8511 
Tx 0.2383 2 2 3 8511 
Tx 0.2383 2 6 3 8511 
Tx 0.2384 2 2 3 13159 
Tx 0.2384 2 6 3 3579 
Tx 0.2385 2 2 3 3277 
Tx 0.2386 2 6 3 2314 
Tx 0.2387 2 6 3 618 
Tx 0.2389 2 2 3 22 
Tx 0.2391 2 4 3 10191 
Tx 0.2409 2 2 3 8736 
Tx 0.2411 2 4 3 37818 
Tx 0.242 2 4 3 7310 
Tx 0.2429 2 2 3 8511 
Tx 0.2429 2 6 3 8511 
Tx 0.243 2 2 3 8511 
Tx 0.243 2 6 3 8511 
Tx 0.2431 2 2 3 8511 
Tx 0.2431 2 6 3 8511 
Tx 0.2432 2 2 3 8511 
Tx 0.2432 2 6 3 8511 
Tx 0.2433 2 2 3 8511 
Tx 0.2433 2 6 3 8185 
Tx 0.2434 2 2 3 13933 
Tx 0.2434 2 6 3 1458 
Tx 0.2435 2 2 3 1540 
Tx 0.2436 2 2 3 196 
Tx 0.2437 2 2 3 1488 
Tx 0.244 2 4 3 11646 
Tx 0.246 2 4 3 36365 
Tx 0.2469 2 4 3 8765 
Tx 0.2478 2 2 3 16257 
Tx 0.2479 2 2 3 8511 
Tx 0.2479 2 6 3 8511 
Tx 0.248 2 2 3 8511 
Tx 0.248 2 6 3 8511 
Tx 0.2481 2 2 3 8511 
Tx 0.2481 2 6 3 8511 
Tx 0.2482 2 2 3 8511 
Tx 0.2482 2 6 3 8511 
Tx 0.2483 2 2 3 6962 
Tx 0.2483 2 6 3 9286 
Tx 0.2484 2 2 3 12384 
Tx 0.2484 2 6 3 1792 
Tx 0.2485 2 2 3 246 
Tx 0.2487 2 2 3 7 
Tx 0.2488 2 6 3 26 
Tx 0.2489 2 4 3 11646 
Tx 0.2498 2 4 3 5 
Tx 0.2509 2 4 3 12454 
Tx 0.251 2 4 3 21371 
Tx 0.2511 2 4 3 2543 
Tx 0.2518 2 4 3 10223 
Tx 0.252 2 3 3 1128 
Tx 0.2521 2 3 3 1128 
Tx 0.2522 2 3 3 666 
Tx 0.2527 2 4 3 5 
Tx 0.2527 2 2 3 4350 
Tx 0.2528 2 2 3 19161 
Tx 0.2529 2 2 3 7834 
Tx 0.2529 2 6 3 9286 
Tx 0.253 2 2 3 6962 
Tx 0.253 2 6 3 5413 
Tx 0.253 2 1 3 356 
Tx 0.2531 2 6 3 6187 
Tx 0.2531 2 1 3 356 
Tx 0.2531 2 2 3 6093 
Tx 0.2532 2 1 3 305 
Tx 0.2532 2 2 3 5221 
Tx 0.2532 2 6 3 5413 
Tx 0.2533 2 1 3 4820 
Tx 0.2533 2 2 3 6962 
Tx 0.2533 2 6 3 6962 
Tx 0.2534 2 2 3 7834 
Tx 0.2534 2 6 3 7737 
Tx 0.2535 2 2 3 5221 
Tx 0.2535 2 6 3 4125 
Tx 0.2536 2 2 3 1540 
Tx 0.2536 2 6 3 1484 
Tx 0.2537 2 2 3 186 
Tx 0.2538 2 4 3 11646 
Tx 0.2547 2 4 3 1461 
Tx 0.2558 2 4 3 34910 
Tx 0.2567 2 4 3 10217 
Tx 0.2576 2 4 3 2916 
Tx 0.2578 2 6 3 8736 
Tx 0.2579 2 6 3 8511 
Tx 0.2579 2 2 3 9577 
Tx 0.258 2 6 3 8511 
Tx 0.258 2 2 3 9577 
Tx 0.2581 2 6 3 8511 
Tx 0.2581 2 2 3 8706 
Tx 0.2582 2 2 3 9577 
Tx 0.2582 2 6 3 7951 
Tx 0.2583 2 2 3 7685 
Tx 0.2583 2 6 3 5834 
Tx 0.2584 2 2 3 11664 
Tx 0.2591 2 2 3 6 
Tx 0.2596 2 4 3 13100 
Tx 0.2604 2 2 3 11602 
Tx 0.2605 2 2 3 4407 
Tx 0.2605 2 4 3 6 
Tx 0.2607 2 4 3 33456 
Tx 0.2616 2 4 3 10215 
Tx 0.2624 2 2 3 13 
Tx 0.2625 2 4 3 4372 
Tx 0.2627 2 6 3 17032 
Tx 0.2628 2 6 3 17032 
Tx 0.2629 2 6 3 8157 
Tx 0.2631 2 2 3 9286 
Tx 0.2631 2 6 3 7280 
Tx 0.2632 2 2 3 16257 
Tx 0.2633 2 2 3 15483 
Tx 0.2635 2 2 3 1026 
Tx 0.2645 2 4 3 13100 
Tx 0.2653 2 2 3 19161 
Tx 0.2654 2 2 3 9577 
Tx 0.2654 2 4 3 19589 
Tx 0.2655 2 2 3 1989 
Tx 0.2669 2 2 3 28 
Tx 0.2673 2 2 3 1458 
Tx 0.2674 2 4 3 31342 
Tx 0.2676 2 6 3 4369 
Tx 0.2677 2 6 3 16257 
Tx 0.2678 2 6 3 17032 
Tx 0.2679 2 6 3 13295 
Tx 0.268 2 2 3 17024 
Tx 0.2681 2 2 3 16257 
Tx 0.2682 2 2 3 8923 
Tx 0.2683 2 4 3 26 
Tx 0.2685 2 6 3 8 
Tx 0.2694 2 4 3 11646 
Tx 0.2701 2 2 3 21 
Tx 0.2703 2 4 3 20371 
Tx 0.2709 2 2 3 19161 
Tx 0.271 2 2 3 11411 
Tx 0.2712 2 4 3 15 
Tx 0.2721 2 2 3 2916 
Tx 0.2723 2 4 3 18916 
Tx 0.2724 2 4 3 13108 
Tx 0.2725 2 6 3 4369 
Tx 0.2726 2 6 3 17032 
Tx 0.2727 2 6 3 17032 
Tx 0.2728 2 6 3 12484 
Tx 0.2729 2 2 3 16257 
Tx 0.273 2 2 3 6962 
Tx 0.273 2 5 3 512 
Tx 0.2731 2 5 3 512 
Tx 0.2732 2 2 3 6187 
Tx 0.2732 2 4 3 1464 
Tx 0.2732 2 5 3 512 
Tx 0.2733 2 2 3 4638 
Tx 0.2733 2 5 3 4301 
Tx 0.2734 2 6 3 2954 
Tx 0.2734 2 2 3 432 
Tx 0.2743 2 4 3 10191 
Tx 0.275 2 2 3 9213 
Tx 0.2752 2 4 3 20370 
Tx 0.2761 2 2 3 16249 
Tx 0.2761 2 4 3 1470 
Tx 0.2762 2 2 3 12866 
Tx 0.2774 2 2 3 4373 
Tx 0.2774 2 6 3 8736 
Tx 0.2775 2 6 3 14554 
Tx 0.2776 2 6 3 17032 
Tx 0.2777 2 6 3 9161 
Tx 0.2778 2 2 3 18916 
Tx 0.2779 2 2 3 11654 
Tx 0.2781 2 2 3 4373 
Tx 0.2781 2 4 3 23151 
Tx 0.2782 2 4 3 11762 
Tx 0.2783 2 6 3 5844 
Tx 0.279 2 4 3 30 
Tx 0.2792 2 4 3 10191 
Tx 0.2799 2 2 3 10191 
Tx 0.2801 2 4 3 18916 
Tx 0.281 2 4 3 2923 
Tx 0.2811 2 2 3 17024 
Tx 0.2812 2 2 3 10617 
Tx 0.2823 2 6 3 17032 
Tx 0.2824 2 6 3 17032 
Tx 0.2825 2 6 3 13956 
Tx 0.2826 2 2 3 5847 
Tx 0.2827 2 2 3 18916 
Tx 0.2828 2 2 3 17470 
Tx 0.283 2 4 3 33840 
Tx 0.2832 2 4 3 1073 
Tx 0.2832 2 6 3 8760 
Tx 0.2839 2 4 3 11672 
Tx 0.284 2 2 3 12 
Tx 0.2848 2 2 3 10191 
Tx 0.285 2 4 3 17464 
Tx 0.2859 2 4 3 4379 
Tx 0.286 2 2 3 17024 
Tx 0.2861 2 2 3 9182 
Tx 0.2872 2 6 3 4369 
Tx 0.2873 2 6 3 17032 
Tx 0.2874 2 6 3 17032 
Tx 0.2875 2 6 3 8122 
Tx 0.2876 2 2 3 7280 
Tx 0.2879 2 4 3 33840 
Tx 0.288 2 2 3 14708 
Tx 0.288 2 4 3 1073 
Tx 0.2881 2 2 3 6962 
Tx 0.2881 2 6 3 9278 
Tx 0.2882 2 2 3 13933 
Tx 0.2882 2 6 3 2404 
Tx 0.2883 2 2 3 770 
Tx 0.2887 2 4 3 30 
Tx 0.2888 2 4 3 11646 
Tx 0.2889 2 2 3 1489 
Tx 0.2899 2 4 3 17463 
Tx 0.2901 2 6 3 10 
Tx 0.2908 2 4 3 5834 
Tx 0.2909 2 2 3 17024 
Tx 0.291 2 2 3 17032 
Tx 0.2911 2 2 3 2312 
Tx 0.2921 2 2 3 35 
Tx 0.2921 2 6 3 16249 
Tx 0.2922 2 6 3 17032 
Tx 0.2923 2 6 3 11831 
Tx 0.2925 2 2 3 4369 
Tx 0.2926 2 2 3 2914 
Tx 0.2927 2 4 3 34910 
Tx 0.293 2 6 3 6962 
Tx 0.293 2 3 3 616 
Tx 0.2931 2 3 3 356 
Tx 0.2932 2 3 3 460 
Tx 0.2932 2 6 3 751 
Tx 0.2932 2 2 3 8511 
Tx 0.2933 2 2 3 13159 
Tx 0.2933 2 3 3 4405 
Tx 0.2934 2 2 3 9290 
Tx 0.2936 2 4 3 11671 
Tx 0.2938 2 2 3 8355 
Tx 0.2941 2 1 3 1076 
Tx 0.2942 2 1 3 1076 
Tx 0.2943 2 1 3 1076 
Tx 0.2944 2 1 3 8428 
Tx 0.2948 2 4 3 17464 
Tx 0.295 2 1 3 8 
Tx 0.295 2 6 3 6875 
Tx 0.2957 2 4 3 7290 
Tx 0.2961 2 2 3 17032 
Tx 0.2962 2 2 3 15483 
Tx 0.2963 2 2 3 2419 
Tx 0.297 2 2 3 14 
Tx 0.297 2 6 3 12376 
Tx 0.2971 2 6 3 10918 
Tx 0.2972 2 6 3 17032 
Tx 0.2973 2 6 3 3342 
Tx 0.2974 2 2 3 4369 
Tx 0.2975 2 2 3 4369 
Tx 0.2976 2 4 3 4369 
Tx 0.2977 2 4 3 30548 
Tx 0.2979 2 6 3 10204 
Tx 0.2981 2 2 3 16249 
Tx 0.2982 2 2 3 15774 
Tx 0.2985 2 4 3 4391 
Tx 0.2986 2 4 3 7280 
Tx 0.2987 2 2 3 4376 
Tx 0.2988 2 2 3 4369 
Tx 0.2988 2 6 3 5 
Tx 0.2997 2 4 3 17462 
Tx 0.2999 2 6 3 7280 
Tx 0.3006 2 4 3 4378 
Tx 0.3011 2 2 3 18292 
Tx 0.3012 2 2 3 15167 
Tx 0.3019 2 6 3 17032 
Tx 0.302 2 6 3 16257 
Tx 0.302 2 2 3 28 
Tx 0.3021 2 6 3 8915 
Tx 0.3022 2 2 3 10191 
Tx 0.3025 2 4 3 8736 
Tx 0.3026 2 4 3 30548 
Tx 0.3028 2 6 3 11663 
Tx 0.3031 2 2 3 18284 
Tx 0.3032 2 2 3 5221 
Tx 0.3033 2 2 3 8501 
Tx 0.3034 2 4 3 13120 
Tx 0.3036 2 2 3 10218 
Tx 0.3037 2 6 3 1462 
Tx 0.3042 2 2 3 5 
Tx 0.3043 2 4 3 8 
Tx 0.3046 2 4 3 16008 
Tx 0.3055 2 4 3 4376 
Tx 0.3056 2 4 3 1458 
Tx 0.306 2 2 3 16257 
Tx 0.3061 2 2 3 15766 
Tx 0.3068 2 6 3 13625 
Tx 0.3069 2 6 3 6809 
Tx 0.3069 2 2 3 8503 
Tx 0.307 2 6 3 10527 
Tx 0.307 2 2 3 3149 
Tx 0.3071 2 6 3 13625 
Tx 0.3072 2 6 3 3437 
Tx 0.3074 2 4 3 33832 
Tx 0.3075 2 4 3 5338 
Tx 0.3076 2 4 3 107 
Tx 0.3077 2 6 3 33 
Tx 0.3082 2 2 3 16249 
Tx 0.3083 2 2 3 4127 
Tx 0.3083 2 4 3 13133 
Tx 0.3084 2 2 3 8511 
Tx 0.3084 2 6 3 6809 
Tx 0.3085 2 2 3 8511 
Tx 0.3085 2 6 3 6294 
Tx 0.3086 2 2 3 4822 
Tx 0.3086 2 6 3 2918 
Tx 0.3091 2 2 3 1475 
Tx 0.3092 2 4 3 1464 
Tx 0.3095 2 4 3 14554 
Tx 0.3104 2 4 3 4375 
Tx 0.3105 2 4 3 2914 
Tx 0.3109 2 2 3 16249 
Tx 0.311 2 2 3 14320 
Tx 0.3117 2 6 3 13625 
Tx 0.3118 2 6 3 12579 
Tx 0.3119 2 6 3 6809 
Tx 0.312 2 6 3 10527 
Tx 0.312 2 2 3 3142 
Tx 0.3121 2 6 3 3042 
Tx 0.3123 2 4 3 35614 
Tx 0.3124 2 4 3 3659 
Tx 0.3126 2 6 3 2929 
Tx 0.3131 2 2 3 16257 
Tx 0.3132 2 2 3 10835 
Tx 0.3132 2 4 3 13132 
Tx 0.3133 2 2 3 8511 
Tx 0.3133 2 6 3 6809 
Tx 0.3134 2 2 3 8511 
Tx 0.3134 2 6 3 6809 
Tx 0.3135 2 2 3 8065 
Tx 0.3135 2 6 3 2396 
Tx 0.314 2 2 3 2933 
Tx 0.314 2 5 3 817 
Tx 0.3141 2 4 3 2919 
Tx 0.3141 2 5 3 1024 
Tx 0.3142 2 5 3 1076 
Tx 0.3142 2 6 3 12 
Tx 0.3143 2 5 3 8742 
Tx 0.3144 2 4 3 13100 
Tx 0.3153 2 4 3 4373 
Tx 0.3154 2 4 3 4369 
Tx 0.3158 2 2 3 16249 
Tx 0.3159 2 2 3 12866 
Tx 0.3166 2 6 3 13625 
Tx 0.3167 2 6 3 8215 
Tx 0.3168 2 6 3 13003 
Tx 0.3169 2 6 3 10278 
Tx 0.3172 2 4 3 35614 
Tx 0.3173 2 4 3 3659 
Tx 0.3175 2 6 3 4385 
Tx 0.3176 2 6 3 1458 
Tx 0.3179 2 2 3 6 
Tx 0.318 2 2 3 16257 
Tx 0.3181 2 2 3 10060 
Tx 0.3181 2 4 3 13132 
Tx 0.3182 2 2 3 8511 
Tx 0.3182 2 6 3 6809 
Tx 0.3183 2 2 3 8511 
Tx 0.3183 2 6 3 6809 
Tx 0.3184 2 2 3 13423 
Tx 0.3184 2 6 3 942 
Tx 0.319 2 4 3 4375 
Tx 0.3191 2 6 3 1466 
Tx 0.3193 2 4 3 11646 
Tx 0.3202 2 4 3 4372 
Tx 0.3203 2 4 3 5825 
Tx 0.3204 2 2 3 4394 
Tx 0.3207 2 2 3 16257 
Tx 0.3208 2 2 3 11404 
Tx 0.3215 2 6 3 13617 
Tx 0.3216 2 6 3 8223 
Tx 0.3216 2 2 3 5 
Tx 0.3217 2 6 3 13625 
Tx 0.3218 2 6 3 8202 
Tx 0.3221 2 4 3 35614 
Tx 0.3222 2 4 3 3659 
Tx 0.3224 2 6 3 4384 
Tx 0.3228 2 2 3 8736 
Tx 0.3229 2 2 3 16257 
Tx 0.323 2 2 3 10835 
Tx 0.323 2 4 3 13132 
Tx 0.3231 2 2 3 8511 
Tx 0.3231 2 6 3 8511 
Tx 0.3232 2 2 3 8511 
Tx 0.3232 2 6 3 8511 
Tx 0.3233 2 2 3 5378 
Tx 0.3233 2 6 3 446 
Tx 0.3239 2 2 3 19 
Tx 0.3239 2 4 3 5830 
Tx 0.324 2 6 3 2924 
Tx 0.3242 2 4 3 10191 
Tx 0.3251 2 4 3 4369 
Tx 0.3252 2 4 3 7280 
Tx 0.3253 2 2 3 5825 
Tx 0.3256 2 2 3 16257 
Tx 0.3257 2 2 3 9949 
Tx 0.3262 2 6 3 12384 
Tx 0.3263 2 6 3 719 
Tx 0.3264 2 6 3 13625 
Tx 0.3265 2 6 3 12583 
Tx 0.3266 2 6 3 2917 
Tx 0.327 2 4 3 35614 
Tx 0.3271 2 4 3 3555 
Tx 0.3272 2 4 3 108 
Tx 0.3277 2 2 3 16249 
Tx 0.3278 2 2 3 17032 
Tx 0.3279 2 2 3 10835 
Tx 0.3279 2 4 3 13132 
Tx 0.328 2 2 3 6809 
Tx 0.328 2 6 3 8511 
Tx 0.3283 2 6 3 3089 
Tx 0.3284 2 2 3 5568 
Tx 0.3284 2 6 3 8511 
Tx 0.3285 2 2 3 3199 
Tx 0.3285 2 6 3 2423 
Tx 0.3288 2 2 3 11 
Tx 0.3288 2 4 3 7286 
Tx 0.3291 2 4 3 10191 
Tx 0.3292 2 6 3 773 
Tx 0.3293 2 6 3 4369 
Tx 0.33 2 4 3 4369 
Tx 0.3301 2 4 3 7280 
Tx 0.3302 2 2 3 7280 
Tx 0.3305 2 2 3 13003 
Tx 0.3306 2 2 3 11745 
Tx 0.3307 2 2 3 1462 
Tx 0.3311 2 6 3 15475 
Tx 0.3312 2 6 3 15483 
Tx 0.3313 2 6 3 12716 
Tx 0.3319 2 4 3 39176 
Tx 0.332 2 4 3 98 
Tx 0.3326 2 6 3 6 
Tx 0.3329 2 6 3 7280 
Tx 0.333 2 2 3 13625 
Tx 0.3331 2 2 3 13003 
Tx 0.3332 2 6 3 6809 
Tx 0.3332 2 2 3 6187 
Tx 0.3333 2 2 3 5568 
Tx 0.3334 2 2 3 6809 
Tx 0.3334 2 6 3 6809 
Tx 0.3335 2 2 3 11146 
Tx 0.3335 2 6 3 942 
Tx 0.3336 2 2 3 3338 
Tx 0.3337 2 4 3 21855 
Tx 0.3339 2 2 3 32 
Tx 0.334 2 4 3 10205 
Tx 0.3341 2 6 3 5832 
Tx 0.3342 2 3 3 1076 
Tx 0.3343 2 3 3 1076 
Tx 0.3344 2 3 3 1128 
Tx 0.3345 2 3 3 5957 
Tx 0.3346 2 4 3 5 
Tx 0.3346 2 3 3 2421 
Tx 0.3349 2 4 3 4369 
Tx 0.335 2 4 3 7280 
Tx 0.3351 2 3 3 10 
Tx 0.3351 2 1 3 460 
Tx 0.3351 2 2 3 5560 
Tx 0.3352 2 1 3 817 
Tx 0.3352 2 2 3 3179 
Tx 0.3353 2 1 3 1128 
Tx 0.3354 2 1 3 17976 
Tx 0.3354 2 2 3 6187 
Tx 0.3355 2 2 3 13625 
Tx 0.3356 2 2 3 6401 
Tx 0.3359 2 1 3 2926 
Tx 0.336 2 6 3 12376 
Tx 0.3361 2 6 3 12384 
Tx 0.3362 2 6 3 5807 
Tx 0.3366 2 6 3 12384 
Tx 0.3367 2 6 3 729 
Tx 0.3368 2 4 3 39184 
Tx 0.3369 2 4 3 92 
Tx 0.3375 2 6 3 1465 
Tx 0.3377 2 4 3 33 
Tx 0.3381 2 6 3 6809 
Tx 0.3381 2 2 3 7737 
Tx 0.3382 2 2 3 6962 
Tx 0.3382 2 6 3 7428 
Tx 0.3383 2 2 3 9286 
Tx 0.3383 2 6 3 6151 
Tx 0.3384 2 2 3 16257 
Tx 0.3385 2 2 3 16257 
Tx 0.3386 2 2 3 3089 
Tx 0.3386 2 4 3 4369 
Tx 0.3387 2 2 3 87 
Tx 0.3389 2 4 3 21824 
Tx 0.339 2 2 3 33 
Tx 0.339 2 4 3 5837 
Tx 0.339 2 6 3 7280 
Tx 0.3395 2 4 3 1458 
Tx 0.3398 2 4 3 4369 
Tx 0.3399 2 4 3 7280 
Tx 0.3403 2 2 3 16249 
Tx 0.3404 2 2 3 16257 
Tx 0.3405 2 2 3 3882 
Tx 0.3409 2 6 3 12376 
Tx 0.341 2 6 3 9463 
Tx 0.3411 2 6 3 7280 
Tx 0.3415 2 6 3 4369 
Tx 0.3416 2 6 3 10191 
Tx 0.3417 2 4 3 39176 
Tx 0.3418 2 4 3 98 
Tx 0.3424 2 2 3 15 
Tx 0.3424 2 6 3 2914 
Tx 0.3426 2 4 3 1491 
Tx 0.343 2 2 3 8511 
Tx 0.343 2 6 3 6809 
Tx 0.3431 2 2 3 6962 
Tx 0.3431 2 6 3 7428 
Tx 0.3432 2 2 3 10835 
Tx 0.3432 2 6 3 4685 
Tx 0.3433 2 2 3 10074 
Tx 0.3435 2 2 3 13151 
Tx 0.3435 2 4 3 4369 
Tx 0.3436 2 2 3 10149 
Tx 0.3438 2 2 3 1477 
Tx 0.3438 2 4 3 27640 
Tx 0.3439 2 6 3 8748 
Tx 0.3444 2 4 3 1477 
Tx 0.3447 2 4 3 4369 
Tx 0.3448 2 4 3 7280 
Tx 0.3452 2 2 3 16249 
Tx 0.3453 2 2 3 5591 
Tx 0.3454 2 2 3 13100 
Tx 0.3458 2 6 3 12376 
Tx 0.3459 2 6 3 12384 
Tx 0.346 2 6 3 4353 
Tx 0.3463 2 6 3 13003 
Tx 0.3464 2 6 3 3016 
Tx 0.3466 2 4 3 39176 
Tx 0.3467 2 4 3 98 
Tx 0.3472 2 6 3 12 
Tx 0.3473 2 2 3 1462 
Tx 0.3473 2 6 3 2914 
Tx 0.3475 2 4 3 2946 
Tx 0.3479 2 2 3 8736 
Tx 0.348 2 2 3 6962 
Tx 0.348 2 6 3 7428 
Tx 0.3481 2 2 3 8511 
Tx 0.3481 2 6 3 6809 
Tx 0.3482 2 2 3 12384 
Tx 0.3484 2 4 3 4369 
Tx 0.3485 2 2 3 15483 
Tx 0.3486 2 2 3 10516 
Tx 0.3487 2 4 3 26186 
Tx 0.3488 2 6 3 13425 
Tx 0.3493 2 4 3 2931 
Tx 0.3494 2 2 3 21 
Tx 0.3496 2 4 3 4369 
Tx 0.3497 2 4 3 7280 
Tx 0.3497 2 6 3 8 
Tx 0.3501 2 2 3 16257 
Tx 0.3502 2 2 3 5583 
Tx 0.3503 2 2 3 11646 
Tx 0.3508 2 6 3 12384 
Tx 0.3509 2 6 3 13625 
Tx 0.351 2 6 3 1637 
Tx 0.351 2 2 3 5 
Tx 0.3512 2 6 3 13625 
Tx 0.3513 2 6 3 3860 
Tx 0.3515 2 4 3 33832 
Tx 0.3516 2 4 3 5441 
Tx 0.3519 2 6 3 13 
Tx 0.352 2 6 3 4369 
Tx 0.3522 2 2 3 2914 
Tx 0.3524 2 4 3 4404 
Tx 0.353 2 6 3 13100 
Tx 0.3531 2 2 3 17032 
Tx 0.3533 2 2 3 3778 
Tx 0.3533 2 4 3 4369 
Tx 0.3534 2 2 3 17032 
Tx 0.3535 2 2 3 15483 
Tx 0.3536 2 2 3 6962 
Tx 0.3536 2 4 3 21371 
Tx 0.3537 2 2 3 2288 
Tx 0.3537 2 4 3 3364 
Tx 0.3537 2 6 3 10527 
Tx 0.3538 2 6 3 1851 
Tx 0.3539 2 6 3 730 
Tx 0.3542 2 4 3 4386 
Tx 0.3543 2 2 3 1497 
Tx 0.3545 2 4 3 4369 
Tx 0.3546 2 4 3 7280 
Tx 0.3546 2 6 3 1466 
Tx 0.355 2 2 3 6962 
Tx 0.355 2 5 3 616 
Tx 0.3551 2 2 3 6962 
Tx 0.3551 2 5 3 512 
Tx 0.3552 2 2 3 8511 
Tx 0.3552 2 5 3 564 
Tx 0.3553 2 5 3 11707 
Tx 0.3554 2 2 3 1075 
Tx 0.3554 2 5 3 9893 
Tx 0.3557 2 6 3 11138 
Tx 0.3558 2 6 3 6325 
Tx 0.3559 2 5 3 19 
Tx 0.3559 2 2 3 9986 
Tx 0.3561 2 6 3 13625 
Tx 0.3562 2 6 3 12384 
Tx 0.3563 2 6 3 1647 
Tx 0.3564 2 4 3 35614 
Tx 0.3565 2 4 3 3659 
Tx 0.357 2 6 3 25 
Tx 0.3571 2 2 3 2914 
Tx 0.3573 2 4 3 5858 
Tx 0.358 2 2 3 4369 
Tx 0.3581 2 2 3 14554 
Tx 0.3582 2 2 3 14708 
Tx 0.3582 2 4 3 4369 
Tx 0.3583 2 2 3 17032 
Tx 0.3584 2 2 3 10468 
Tx 0.3585 2 2 3 1479 
Tx 0.3585 2 4 3 23278 
Tx 0.3586 2 6 3 12376 
Tx 0.3587 2 6 3 11146 
Tx 0.3588 2 6 3 7030 
Tx 0.3591 2 4 3 5839 
Tx 0.3594 2 4 3 4369 
Tx 0.3595 2 4 3 7280 
Tx 0.3595 2 6 3 2939 
Tx 0.36 2 2 3 1208 
Tx 0.3603 2 2 3 17032 
Tx 0.3604 2 2 3 7953 
Tx 0.3608 2 2 3 8754 
Tx 0.3609 2 2 3 1458 
Tx 0.361 2 6 3 13625 
Tx 0.3611 2 6 3 13625 
Tx 0.3612 2 6 3 13003 
Tx 0.3613 2 4 3 23143 
Tx 0.3613 2 6 3 4859 
Tx 0.3614 2 4 3 16130 
Tx 0.3619 2 6 3 1232 
Tx 0.362 2 6 3 257 
Tx 0.3622 2 4 3 7315 
Tx 0.3629 2 2 3 16008 
Tx 0.3631 2 2 3 8742 
Tx 0.3632 2 4 3 4369 
Tx 0.3632 2 2 3 14708 
Tx 0.3633 2 2 3 17032 
Tx 0.3634 2 2 3 6962 
Tx 0.3634 2 4 3 21371 
Tx 0.3635 2 2 3 3487 
Tx 0.3635 2 4 3 456 
Tx 0.3635 2 6 3 9900 
Tx 0.3636 2 6 3 12384 
Tx 0.3637 2 6 3 6826 
Tx 0.364 2 2 3 40 
Tx 0.364 2 4 3 7294 
Tx 0.3643 2 4 3 4369 
Tx 0.3644 2 4 3 7280 
Tx 0.3644 2 6 3 4382 
Tx 0.3652 2 2 3 17024 
Tx 0.3653 2 2 3 7709 
Tx 0.3657 2 2 3 4389 
Tx 0.3658 2 2 3 7280 
Tx 0.3662 2 4 3 19581 
Tx 0.3662 2 6 3 6809 
Tx 0.3663 2 4 3 19589 
Tx 0.3663 2 6 3 6187 
Tx 0.3664 2 6 3 13003 
Tx 0.3664 2 4 3 107 
Tx 0.3665 2 6 3 13003 
Tx 0.3666 2 6 3 6105 
Tx 0.3668 2 6 3 2948 
Tx 0.3671 2 4 3 8770 
Tx 0.3678 2 2 3 4369 
Tx 0.3679 2 2 3 14554 
Tx 0.368 2 2 3 4375 
Tx 0.3681 2 4 3 19589 
Tx 0.3681 2 2 3 8511 
Tx 0.3682 2 4 3 5146 
Tx 0.3682 2 2 3 11765 
Tx 0.3683 2 2 3 16257 
Tx 0.3684 2 2 3 6962 
Tx 0.3684 2 6 3 6801 
Tx 0.3685 2 2 3 160 
Tx 0.3685 2 6 3 13003 
Tx 0.3686 2 6 3 7849 
Tx 0.3687 2 2 3 33 
Tx 0.3689 2 4 3 8753 
Tx 0.3693 2 6 3 5839 
Tx 0.3701 2 2 3 16249 
Tx 0.3702 2 2 3 8484 
Tx 0.3706 2 2 3 6809 
Tx 0.3707 2 2 3 6312 
Tx 0.3711 2 4 3 17806 
Tx 0.3711 2 6 3 6187 
Tx 0.3712 2 4 3 17806 
Tx 0.3712 2 6 3 5568 
Tx 0.3713 2 6 3 8048 
Tx 0.3713 2 4 3 15298 
Tx 0.3714 2 6 3 12384 
Tx 0.3714 2 2 3 9 
Tx 0.3715 2 6 3 13625 
Tx 0.3716 2 6 3 3691 
Tx 0.3718 2 4 3 47 
Tx 0.372 2 4 3 10191 
Tx 0.372 2 6 3 12 
Tx 0.3727 2 2 3 4369 
Tx 0.3728 2 2 3 13625 
Tx 0.3729 2 2 3 13625 
Tx 0.373 2 2 3 6809 
Tx 0.373 2 4 3 19581 
Tx 0.3731 2 2 3 11765 
Tx 0.3731 2 4 3 3698 
Tx 0.3732 2 2 3 13003 
Tx 0.3733 2 2 3 3763 
Tx 0.3733 2 6 3 7420 
Tx 0.3734 2 6 3 12384 
Tx 0.3735 2 6 3 6397 
Tx 0.3736 2 2 3 1481 
Tx 0.3738 2 4 3 10208 
Tx 0.3745 2 6 3 4380 
Tx 0.3746 2 6 3 2914 
Tx 0.3747 2 4 3 5 
Tx 0.3752 2 3 3 1076 
Tx 0.3753 2 3 3 1128 
Tx 0.3754 2 3 3 564 
Tx 0.3754 2 2 3 6801 
Tx 0.3755 2 3 3 3115 
Tx 0.3755 2 2 3 6809 
Tx 0.3756 2 3 3 3115 
Tx 0.3756 2 2 3 6809 
Tx 0.3757 2 3 3 2548 
Tx 0.3757 2 2 3 7428 
Tx 0.3758 2 3 3 2265 
Tx 0.3758 2 4 3 4369 
Tx 0.3758 2 2 3 5568 
Tx 0.3759 2 4 3 10682 
Tx 0.3759 2 2 3 2980 
Tx 0.3759 2 3 3 1695 
Tx 0.376 2 4 3 8900 
Tx 0.376 2 6 3 3081 
Tx 0.376 2 3 3 1413 
Tx 0.3761 2 4 3 7117 
Tx 0.3761 2 6 3 2470 
Tx 0.3761 2 1 3 201 
Tx 0.3761 2 3 3 1120 
Tx 0.3762 2 4 3 8900 
Tx 0.3762 2 6 3 3089 
Tx 0.3762 2 1 3 253 
Tx 0.3762 2 3 3 1413 
Tx 0.3763 2 4 3 7117 
Tx 0.3763 2 6 3 2470 
Tx 0.3763 2 1 3 201 
Tx 0.3763 2 2 3 1477 
Tx 0.3763 2 3 3 1128 
Tx 0.3764 2 4 3 3853 
Tx 0.3764 2 6 3 3089 
Tx 0.3764 2 1 3 8900 
Tx 0.3764 2 3 3 1413 
Tx 0.3765 2 6 3 3711 
Tx 0.3765 2 1 3 10682 
Tx 0.3765 2 3 3 1350 
Tx 0.3766 2 6 3 5568 
Tx 0.3766 2 1 3 17598 
Tx 0.3767 2 4 3 10682 
Tx 0.3767 2 6 3 3711 
Tx 0.3767 2 1 3 8768 
Tx 0.3768 2 6 3 9908 
Tx 0.3769 2 6 3 12384 
Tx 0.3771 2 6 3 272 
Tx 0.3776 2 2 3 4369 
Tx 0.3777 2 2 3 13625 
Tx 0.3778 2 2 3 13625 
Tx 0.3779 2 2 3 5247 
Tx 0.3779 2 4 3 19581 
Tx 0.378 2 2 3 9068 
Tx 0.378 2 3 3 8 
Tx 0.378 2 4 3 3241 
Tx 0.3783 2 2 3 10021 
Tx 0.3784 2 2 3 9545 
Tx 0.3785 2 2 3 4395 
Tx 0.3787 2 4 3 10208 
Tx 0.3788 2 6 3 6801 
Tx 0.3789 2 6 3 11146 
Tx 0.379 2 6 3 8023 
Tx 0.3794 2 6 3 8757 
Tx 0.3796 2 4 3 1461 
Tx 0.3803 2 2 3 10013 
Tx 0.3804 2 2 3 10501 
Tx 0.3805 2 2 3 10501 
Tx 0.3806 2 2 3 3932 
Tx 0.3807 2 4 3 14554 
Tx 0.3808 2 4 3 17466 
Tx 0.3809 2 4 3 8745 
Tx 0.3809 2 6 3 7280 
Tx 0.381 2 4 3 7280 
Tx 0.381 2 6 3 2914 
Tx 0.3811 2 4 3 2914 
Tx 0.3811 2 6 3 1851 
Tx 0.3812 2 2 3 2914 
Tx 0.3812 2 6 3 4949 
Tx 0.3813 2 6 3 4856 
Tx 0.3814 2 6 3 4369 
Tx 0.3815 2 4 3 11646 
Tx 0.3815 2 6 3 6809 
Tx 0.3816 2 6 3 13003 
Tx 0.3817 2 6 3 3479 
Tx 0.3818 2 6 3 1224 
Tx 0.3818 2 4 3 5 
Tx 0.3819 2 6 3 248 
Tx 0.3827 2 2 3 4369 
Tx 0.3828 2 2 3 8736 
Tx 0.3829 2 2 3 6809 
Tx 0.3829 2 4 3 19581 
Tx 0.383 2 2 3 12384 
Tx 0.383 2 4 3 2244 
Tx 0.3831 2 2 3 13625 
Tx 0.3832 2 2 3 13003 
Tx 0.3833 2 2 3 12417 
Tx 0.3836 2 4 3 10207 
Tx 0.3837 2 6 3 13617 
Tx 0.3838 2 6 3 11133 
Tx 0.3838 2 2 3 6 
Tx 0.3843 2 6 3 10193 
Tx 0.3845 2 4 3 2916 
Tx 0.3852 2 6 3 5 
Tx 0.3855 2 2 3 13617 
Tx 0.3856 2 2 3 6809 
Tx 0.3856 2 4 3 18916 
Tx 0.3857 2 2 3 6809 
Tx 0.3857 2 4 3 17806 
Tx 0.3858 2 4 3 12462 
Tx 0.3858 2 6 3 4330 
Tx 0.3858 2 2 3 4330 
Tx 0.3859 2 4 3 3223 
Tx 0.3859 2 6 3 8667 
Tx 0.3859 2 2 3 3372 
Tx 0.386 2 2 3 2930 
Tx 0.386 2 6 3 3021 
Tx 0.3861 2 6 3 11649 
Tx 0.3864 2 4 3 10198 
Tx 0.3867 2 6 3 6 
Tx 0.3868 2 6 3 13625 
Tx 0.3869 2 6 3 11110 
Tx 0.3873 2 4 3 5 
Tx 0.3876 2 2 3 4369 
Tx 0.3877 2 2 3 13625 
Tx 0.3878 2 2 3 13003 
Tx 0.3879 2 2 3 13625 
Tx 0.388 2 2 3 13625 
Tx 0.3881 2 2 3 13003 
Tx 0.3882 2 2 3 78 
Tx 0.3885 2 2 3 22 
Tx 0.3885 2 4 3 32002 
Tx 0.3886 2 6 3 12995 
Tx 0.3887 2 6 3 10317 
Tx 0.3892 2 6 3 10193 
Tx 0.3894 2 4 3 4393 
Tx 0.3901 2 6 3 1461 
Tx 0.3902 2 2 3 4369 
Tx 0.3903 2 2 3 10191 
Tx 0.3904 2 2 3 13100 
Tx 0.3905 2 2 3 4373 
Tx 0.3905 2 4 3 8736 
Tx 0.3906 2 4 3 37405 
Tx 0.3907 2 6 3 4949 
Tx 0.3907 2 2 3 4949 
Tx 0.3907 2 4 3 6232 
Tx 0.3908 2 6 3 10527 
Tx 0.3908 2 2 3 2336 
Tx 0.3909 2 6 3 11765 
Tx 0.391 2 6 3 414 
Tx 0.3913 2 4 3 10227 
Tx 0.3913 2 6 3 19 
Tx 0.3914 2 4 3 5 
Tx 0.3916 2 6 3 13625 
Tx 0.3917 2 6 3 11125 
Tx 0.3922 2 4 3 1458 
Tx 0.3925 2 2 3 4369 
Tx 0.3925 2 6 3 5 
Tx 0.3926 2 2 3 13625 
Tx 0.3927 2 2 3 13003 
Tx 0.3928 2 2 3 13625 
Tx 0.3929 2 2 3 13625 
Tx 0.393 2 2 3 12384 
Tx 0.3931 2 2 3 681 
Tx 0.3933 2 2 3 1494 
Tx 0.3935 2 6 3 13003 
Tx 0.3936 2 6 3 10291 
Tx 0.3941 2 6 3 10193 
Tx 0.3943 2 4 3 36364 
Tx 0.3945 2 6 3 5 
Tx 0.3951 2 2 3 8736 
Tx 0.3952 2 2 3 13003 
Tx 0.3952 2 4 3 30 
Tx 0.3953 2 2 3 10291 
Tx 0.3953 2 6 3 2914 
Tx 0.3954 2 2 3 4372 
Tx 0.3954 2 4 3 24933 
Tx 0.3955 2 2 3 2914 
Tx 0.3955 2 4 3 27455 
Tx 0.3956 2 6 3 12995 
Tx 0.3957 2 6 3 11765 
Tx 0.3958 2 6 3 1851 
Tx 0.3959 2 6 3 1036 
Tx 0.396 2 5 3 1076 
Tx 0.3961 2 5 3 1076 
Tx 0.3962 2 5 3 616 
Tx 0.3963 2 5 3 21294 
Tx 0.3964 2 5 3 19588 
Tx 0.3965 2 6 3 13003 
Tx 0.3968 2 5 3 2950 
Tx 0.3971 2 4 3 13117 
Tx 0.3974 2 2 3 8736 
Tx 0.3975 2 2 3 13625 
Tx 0.3976 2 2 3 13003 
Tx 0.3977 2 2 3 13625 
Tx 0.3978 2 2 3 13625 
Tx 0.3979 2 2 3 8700 
Tx 0.398 2 4 3 8 
Tx 0.3982 2 2 3 2944 
Tx 0.3985 2 6 3 12376 
Tx 0.3986 2 6 3 13625 
Tx 0.3987 2 6 3 9054 
Tx 0.399 2 6 3 10206 
Tx 0.3994 2 4 3 34910 
Tx 0.3997 2 6 3 5 
Tx 0.4 2 2 3 4369 
Tx 0.4001 2 2 3 13625 
Tx 0.4002 2 2 3 4330 
Tx 0.4002 2 4 3 12462 
Tx 0.4002 2 6 3 4330 
Tx 0.4003 2 2 3 7428 
Tx 0.4003 2 4 3 15221 
Tx 0.4003 2 6 3 43 
Tx 0.4004 2 2 3 9551 
Tx 0.4005 2 6 3 4369 
Tx 0.4006 2 6 3 11765 
Tx 0.4007 2 6 3 11529 
Tx 0.401 2 6 3 5 
Tx 0.4011 2 2 3 18 
Tx 0.4014 2 6 3 13003 
Tx 0.4015 2 6 3 101 
Tx 0.402 2 4 3 4376 
Tx 0.4021 2 4 3 34910 
Tx 0.4023 2 2 3 13003 
Tx 0.4023 2 6 3 6 
Tx 0.4024 2 2 3 13625 
Tx 0.4025 2 2 3 13003 
Tx 0.4026 2 2 3 9841 
Tx 0.4028 2 2 3 12384 
Tx 0.4029 2 2 3 11765 
Tx 0.4029 2 4 3 1485 
Tx 0.403 2 2 3 2088 
Tx 0.4032 2 2 3 9 
Tx 0.4034 2 6 3 12376 
Tx 0.4035 2 6 3 13003 
Tx 0.4036 2 6 3 9550 
Tx 0.4037 2 6 3 4385 
Tx 0.4038 2 6 3 5825 
Tx 0.4043 2 4 3 33456 
Tx 0.4049 2 2 3 13617 
Tx 0.405 2 2 3 9678 
Tx 0.4051 2 2 3 7428 
Tx 0.4051 2 6 3 5825 
Tx 0.4052 2 6 3 4369 
Tx 0.4052 2 2 3 5413 
Tx 0.4052 2 4 3 12454 
Tx 0.4053 2 2 3 1719 
Tx 0.4053 2 4 3 16664 
Tx 0.4053 2 6 3 5568 
Tx 0.4054 2 6 3 6081 
Tx 0.4055 2 6 3 11648 
Tx 0.4058 2 6 3 1232 
Tx 0.4059 2 6 3 234 
Tx 0.406 2 2 3 11 
Tx 0.4063 2 6 3 11646 
Tx 0.4069 2 4 3 4395 
Tx 0.407 2 4 3 34910 
Tx 0.4072 2 2 3 8736 
Tx 0.4073 2 2 3 11646 
Tx 0.4073 2 6 3 1461 
Tx 0.4074 2 2 3 16257 
Tx 0.4075 2 2 3 16257 
Tx 0.4076 2 2 3 17032 
Tx 0.4077 2 2 3 5767 
Tx 0.4078 2 2 3 1474 
Tx 0.4078 2 4 3 2940 
Tx 0.4079 2 2 3 1458 
Tx 0.4083 2 6 3 15483 
Tx 0.4084 2 6 3 16257 
Tx 0.4085 2 6 3 13388 
Tx 0.4092 2 4 3 32002 
Tx 0.4093 2 6 3 8 
Tx 0.4098 2 2 3 16249 
Tx 0.4099 2 2 3 11412 
Tx 0.41 2 2 3 8511 
Tx 0.41 2 6 3 8511 
Tx 0.4101 2 2 3 231 
Tx 0.4101 2 4 3 23143 
Tx 0.4101 2 6 3 6046 
Tx 0.4102 2 6 3 13159 
Tx 0.4102 2 4 3 7428 
Tx 0.4103 2 6 3 5765 
Tx 0.4107 2 6 3 2926 
Tx 0.4118 2 4 3 4396 
Tx 0.4119 2 4 3 34910 
Tx 0.4121 2 2 3 17032 
Tx 0.4122 2 2 3 17032 
Tx 0.4123 2 2 3 16257 
Tx 0.4124 2 2 3 13003 
Tx 0.4125 2 2 3 16742 
Tx 0.4126 2 2 3 1467 
Tx 0.4127 2 4 3 4396 
Tx 0.4133 2 6 3 17032 
Tx 0.4134 2 6 3 17032 
Tx 0.4135 2 6 3 17032 
Tx 0.4136 2 6 3 2725 
Tx 0.4141 2 4 3 30548 
Tx 0.4147 2 6 3 52 
Tx 0.4149 2 4 3 32022 
Tx 0.415 2 4 3 27 
Tx 0.4151 2 2 3 16257 
Tx 0.4152 2 2 3 3856 
Tx 0.4153 2 6 3 16257 
Tx 0.4154 2 6 3 17032 
Tx 0.4155 2 6 3 7461 
Tx 0.416 2 2 3 14700 
Tx 0.4161 2 2 3 1580 
Tx 0.4162 2 3 3 1076 
Tx 0.4162 2 6 3 20 
Tx 0.4163 2 3 3 1128 
Tx 0.4164 2 3 3 1128 
Tx 0.4165 2 3 3 21416 
Tx 0.4166 2 3 3 4382 
Tx 0.4167 2 4 3 3547 
Tx 0.4168 2 3 3 5825 
Tx 0.4168 2 4 3 17806 
Tx 0.4168 2 2 3 14 
Tx 0.4169 2 3 3 2914 
Tx 0.4169 2 4 3 17929 
Tx 0.4171 2 2 3 8511 
Tx 0.4172 2 1 3 356 
Tx 0.4172 2 2 3 5413 
Tx 0.4173 2 1 3 305 
Tx 0.4173 2 2 3 4638 
Tx 0.4174 2 1 3 564 
Tx 0.4174 2 2 3 7737 
Tx 0.4175 2 2 3 8511 
Tx 0.4175 2 1 3 19589 
Tx 0.4176 2 2 3 4638 
Tx 0.4176 2 4 3 5853 
Tx 0.4176 2 6 3 1458 
Tx 0.4176 2 1 3 10682 
Tx 0.4177 2 2 3 6962 
Tx 0.4177 2 1 3 17806 
Tx 0.4178 2 2 3 6962 
Tx 0.4178 2 1 3 17806 
Tx 0.4179 2 2 3 6962 
Tx 0.4179 2 1 3 21371 
Tx 0.418 2 1 3 4617 
Tx 0.4181 2 2 3 10994 
Tx 0.4182 2 1 3 96 
Tx 0.4187 2 6 3 13003 
Tx 0.4188 2 6 3 13625 
Tx 0.4189 2 6 3 9278 
Tx 0.4189 2 3 3 8736 
Tx 0.419 2 4 3 4369 
Tx 0.419 2 6 3 3402 
Tx 0.4191 2 4 3 24732 
Tx 0.4193 2 2 3 11679 
Tx 0.4197 2 4 3 4385 
Tx 0.4198 2 4 3 30548 
Tx 0.42 2 2 3 17032 
Tx 0.4201 2 2 3 1900 
Tx 0.4202 2 6 3 7420 
Tx 0.4203 2 6 3 7428 
Tx 0.4204 2 6 3 6809 
Tx 0.4205 2 6 3 6187 
Tx 0.4206 2 4 3 24 
Tx 0.4206 2 6 3 5568 
Tx 0.4207 2 6 3 6187 
Tx 0.4208 2 6 3 13003 
Tx 0.4209 2 6 3 2700 
Tx 0.4209 2 2 3 11602 
Tx 0.421 2 2 3 4407 
Tx 0.4211 2 6 3 1232 
Tx 0.4215 2 4 3 4369 
Tx 0.4217 2 2 3 1469 
Tx 0.4217 2 4 3 32060 
Tx 0.4218 2 4 3 1399 
Tx 0.422 2 2 3 16257 
Tx 0.4221 2 2 3 11404 
Tx 0.4222 2 2 3 7283 
Tx 0.4223 2 2 3 4369 
Tx 0.4224 2 2 3 7280 
Tx 0.4226 2 2 3 13625 
Tx 0.4227 2 2 3 932 
Tx 0.4229 2 6 3 1735 
Tx 0.4234 2 2 3 9 
Tx 0.4236 2 6 3 17032 
Tx 0.4237 2 6 3 16257 
Tx 0.4237 2 4 3 28 
Tx 0.4238 2 6 3 4553 
Tx 0.4239 2 4 3 34910 
Tx 0.4245 2 6 3 17 
Tx 0.4246 2 4 3 4396 
Tx 0.4249 2 2 3 4369 
Tx 0.425 2 2 3 16257 
Tx 0.4251 2 6 3 8511 
Tx 0.4251 2 2 3 7737 
Tx 0.4252 2 2 3 6809 
Tx 0.4252 2 6 3 8511 
Tx 0.4253 2 2 3 4949 
Tx 0.4253 2 6 3 6187 
Tx 0.4254 2 6 3 616 
Tx 0.4255 2 4 3 1773 
Tx 0.4256 2 2 3 2078 
Tx 0.4256 2 4 3 7117 
Tx 0.4258 2 6 3 9900 
Tx 0.4258 2 4 3 8548 
Tx 0.4259 2 6 3 12384 
Tx 0.426 2 6 3 11765 
Tx 0.4261 2 2 3 8771 
Tx 0.4261 2 6 3 375 
Tx 0.4262 2 2 3 5825 
Tx 0.4264 2 4 3 20410 
Tx 0.4265 2 4 3 32013 
Tx 0.4266 2 2 3 2914 
Tx 0.4269 2 2 3 13003 
Tx 0.427 2 2 3 4462 
Tx 0.4273 2 4 3 27 
Tx 0.4274 2 2 3 12995 
Tx 0.4275 2 2 3 12384 
Tx 0.4276 2 2 3 13625 
Tx 0.4277 2 2 3 4645 
Tx 0.4278 2 6 3 2918 
Tx 0.4283 2 2 3 1502 
Tx 0.4285 2 6 3 16257 
Tx 0.4286 2 4 3 19589 
Tx 0.4286 2 6 3 8511 
Tx 0.4287 2 4 3 15324 
Tx 0.4287 2 6 3 10060 
Tx 0.4294 2 6 3 3030 
Tx 0.4296 2 4 3 7308 
Tx 0.4301 2 2 3 13003 
Tx 0.4302 2 2 3 5925 
Tx 0.4303 2 2 3 13625 
Tx 0.4304 2 2 3 8215 
Tx 0.4304 2 4 3 8736 
Tx 0.4305 2 4 3 7280 
Tx 0.4305 2 6 3 12376 
Tx 0.4306 2 6 3 16257 
Tx 0.4307 2 6 3 15483 
Tx 0.4308 2 6 3 11765 
Tx 0.431 2 2 3 608 
Tx 0.4311 2 2 3 616 
Tx 0.4312 2 2 3 11146 
Tx 0.4312 2 6 3 2336 
Tx 0.4313 2 2 3 3645 
Tx 0.4313 2 4 3 4369 
Tx 0.4314 2 4 3 37405 
Tx 0.4315 2 2 3 4381 
Tx 0.4315 2 4 3 3324 
Tx 0.4317 2 6 3 27 
Tx 0.4318 2 2 3 4369 
Tx 0.4319 2 2 3 11646 
Tx 0.4322 2 4 3 8769 
Tx 0.4322 2 2 3 5 
Tx 0.4323 2 2 3 13003 
Tx 0.4324 2 2 3 13003 
Tx 0.4325 2 2 3 13625 
Tx 0.4326 2 2 3 4025 
Tx 0.4334 2 6 3 13625 
Tx 0.4335 2 6 3 6809 
Tx 0.4335 2 4 3 19589 
Tx 0.4336 2 6 3 8667 
Tx 0.4336 2 4 3 13870 
Tx 0.4337 2 6 3 8741 
Tx 0.4343 2 6 3 21 
Tx 0.4344 2 4 3 29 
Tx 0.4346 2 2 3 2939 
Tx 0.4349 2 6 3 4369 
Tx 0.435 2 2 3 4369 
Tx 0.4351 2 2 3 10021 
Tx 0.4352 2 2 3 10501 
Tx 0.4353 2 2 3 5247 
Tx 0.4353 2 4 3 18916 
Tx 0.4354 2 2 3 7156 
Tx 0.4355 2 2 3 3461 
Tx 0.4357 2 6 3 15475 
Tx 0.4358 2 2 3 25 
Tx 0.4358 2 6 3 7820 
Tx 0.4359 2 6 3 16257 
Tx 0.436 2 6 3 16257 
Tx 0.4361 2 6 3 2402 
Tx 0.4362 2 2 3 5568 
Tx 0.4362 2 4 3 19589 
Tx 0.4363 2 2 3 6187 
Tx 0.4363 2 4 3 17806 
Tx 0.4364 2 2 3 6809 
Tx 0.4365 2 2 3 3284 
Tx 0.4366 2 6 3 1488 
Tx 0.4367 2 2 3 4369 
Tx 0.437 2 2 3 5568 
Tx 0.437 2 5 3 608 
Tx 0.4371 2 2 3 3711 
Tx 0.4371 2 4 3 10682 
Tx 0.4371 2 5 3 305 
Tx 0.4372 2 2 3 4949 
Tx 0.4372 2 4 3 12462 
Tx 0.4372 2 5 3 356 
Tx 0.4373 2 4 3 604 
Tx 0.4373 2 5 3 13836 
Tx 0.4373 2 2 3 6187 
Tx 0.4374 2 2 3 5568 
Tx 0.4374 2 5 3 15097 
Tx 0.4375 2 2 3 6187 
Tx 0.4375 2 5 3 12579 
Tx 0.4376 2 2 3 5568 
Tx 0.4376 2 5 3 12579 
Tx 0.4377 2 2 3 5568 
Tx 0.4377 2 5 3 12579 
Tx 0.4378 2 5 3 8803 
Tx 0.4379 2 2 3 5568 
Tx 0.4379 2 5 3 12579 
Tx 0.438 2 2 3 1284 
Tx 0.438 2 4 3 20 
Tx 0.4381 2 5 3 79 
Tx 0.4383 2 6 3 17032 
Tx 0.4384 2 6 3 6962 
Tx 0.4384 2 4 3 17806 
Tx 0.4385 2 6 3 9286 
Tx 0.4385 2 4 3 14199 
Tx 0.4386 2 6 3 3111 
Tx 0.4392 2 6 3 1472 
Tx 0.4392 2 4 3 27 
Tx 0.4393 2 4 3 1458 
Tx 0.4394 2 2 3 3742 
Tx 0.4395 2 2 3 4369 
Tx 0.4397 2 5 3 3800 
Tx 0.4398 2 2 3 8736 
Tx 0.4399 2 2 3 4369 
Tx 0.4399 2 6 3 4369 
Tx 0.44 2 2 3 12384 
Tx 0.4401 2 2 3 8000 
Tx 0.4402 2 2 3 2914 
Tx 0.4403 2 2 3 2914 
Tx 0.4403 2 4 3 4675 
Tx 0.4406 2 6 3 8736 
Tx 0.4407 2 6 3 13100 
Tx 0.4408 2 6 3 14708 
Tx 0.4409 2 6 3 17032 
Tx 0.441 2 6 3 1724 
Tx 0.4411 2 2 3 6187 
Tx 0.4411 2 4 3 17806 
Tx 0.4412 2 2 3 6809 
Tx 0.4413 2 2 3 6187 
Tx 0.4413 2 4 3 14665 
Tx 0.4414 2 2 3 9942 
Tx 0.4415 2 6 3 5854 
Tx 0.4418 2 2 3 4369 
Tx 0.4419 2 2 3 4369 
Tx 0.442 2 2 3 6809 
Tx 0.442 2 4 3 17806 
Tx 0.4421 2 4 3 24933 
Tx 0.4421 2 2 3 4840 
Tx 0.4422 2 2 3 11648 
Tx 0.4423 2 2 3 4373 
Tx 0.4425 2 2 3 5825 
Tx 0.4429 2 4 3 1647 
Tx 0.4432 2 6 3 8503 
Tx 0.4433 2 4 3 10962 
Tx 0.4433 2 6 3 9286 
Tx 0.4434 2 6 3 16257 
Tx 0.4435 2 6 3 882 
Tx 0.4441 2 6 3 2935 
Tx 0.4441 2 4 3 22509 
Tx 0.4444 2 2 3 4056 
Tx 0.4447 2 2 3 10501 
Tx 0.4448 2 2 3 10501 
Tx 0.4449 2 2 3 10021 
Tx 0.445 2 2 3 10021 
Tx 0.445 2 4 3 17 
Tx 0.4451 2 2 3 10222 
Tx 0.4452 2 4 3 5825 
Tx 0.4452 2 6 3 2914 
Tx 0.4453 2 6 3 1458 
Tx 0.4456 2 2 3 15 
Tx 0.4458 2 6 3 13625 
Tx 0.4459 2 6 3 13625 
Tx 0.446 2 6 3 4949 
Tx 0.446 2 2 3 3335 
Tx 0.4461 2 2 3 2859 
Tx 0.4461 2 4 3 10682 
Tx 0.4461 2 6 3 3711 
Tx 0.4462 2 2 3 3815 
Tx 0.4462 2 4 3 8864 
Tx 0.4462 2 6 3 5568 
Tx 0.4463 2 2 3 4768 
Tx 0.4463 2 6 3 7737 
Tx 0.4464 2 2 3 6809 
Tx 0.4464 2 6 3 6084 
Tx 0.4465 2 6 3 42 
Tx 0.4465 2 2 3 8981 
Tx 0.4468 2 2 3 13625 
Tx 0.4469 2 4 3 3555 
Tx 0.447 2 2 3 5315 
Tx 0.447 2 4 3 23151 
Tx 0.4471 2 4 3 27954 
Tx 0.4473 2 2 3 13625 
Tx 0.4474 2 2 3 3851 
Tx 0.4475 2 2 3 5835 
Tx 0.4478 2 4 3 2959 
Tx 0.4479 2 6 3 14554 
Tx 0.4481 2 4 3 10191 
Tx 0.4481 2 6 3 12384 
Tx 0.4482 2 6 3 13625 
Tx 0.4484 2 6 3 202 
Tx 0.449 2 4 3 21824 
Tx 0.4491 2 6 3 9 
Tx 0.4493 2 2 3 2914 
Tx 0.4496 2 2 3 13003 
Tx 0.4497 2 2 3 13625 
Tx 0.4498 2 2 3 13003 
Tx 0.4499 2 2 3 10527 
Tx 0.4499 2 4 3 8748 
Tx 0.45 2 2 3 787 
Tx 0.4505 2 2 3 21 
Tx 0.4505 2 6 3 14554 
Tx 0.4506 2 6 3 4375 
Tx 0.4507 2 6 3 4369 
Tx 0.4508 2 6 3 8511 
Tx 0.4508 2 2 3 6187 
Tx 0.4509 2 2 3 1097 
Tx 0.4509 2 6 3 13316 
Tx 0.451 2 2 3 5568 
Tx 0.451 2 6 3 7737 
Tx 0.4511 2 2 3 6809 
Tx 0.4511 2 6 3 7737 
Tx 0.4512 2 6 3 3471 
Tx 0.4512 2 2 3 3643 
Tx 0.4513 2 6 3 1462 
Tx 0.4517 2 2 3 6 
Tx 0.4518 2 2 3 6809 
Tx 0.4518 2 4 3 17806 
Tx 0.4519 2 4 3 19589 
Tx 0.4519 2 2 3 6809 
Tx 0.452 2 4 3 19589 
Tx 0.452 2 2 3 6187 
Tx 0.4521 2 2 3 7844 
Tx 0.4521 2 4 3 15758 
Tx 0.4522 2 2 3 13003 
Tx 0.4523 2 2 3 11753 
Tx 0.4527 2 4 3 4419 
Tx 0.4528 2 2 3 21 
Tx 0.453 2 4 3 10191 
Tx 0.4531 2 6 3 13100 
Tx 0.4532 2 6 3 16257 
Tx 0.4533 2 6 3 9952 
Tx 0.454 2 6 3 1458 
Tx 0.4542 2 2 3 2914 
Tx 0.4545 2 2 3 12384 
Tx 0.4546 2 2 3 6535 
Tx 0.4548 2 4 3 32002 
Tx 0.4549 2 2 3 4380 
Tx 0.455 2 2 3 13003 
Tx 0.4551 2 2 3 13003 
Tx 0.4554 2 6 3 8736 
Tx 0.4556 2 6 3 13003 
Tx 0.4557 2 2 3 6809 
Tx 0.4557 2 6 3 6809 
Tx 0.4558 2 2 3 6494 
Tx 0.4558 2 6 3 6809 
Tx 0.4559 2 2 3 6809 
Tx 0.4559 2 6 3 6187 
Tx 0.456 2 6 3 10835 
Tx 0.456 2 2 3 4845 
Tx 0.4561 2 6 3 14584 
Tx 0.4566 2 2 3 4375 
Tx 0.4566 2 6 3 21 
Tx 0.4567 2 2 3 8048 
Tx 0.4567 2 4 3 14576 
Tx 0.4568 2 4 3 19589 
Tx 0.4568 2 2 3 6809 
Tx 0.4569 2 4 3 19589 
Tx 0.4569 2 2 3 6809 
Tx 0.457 2 4 3 17553 
Tx 0.457 2 2 3 7428 
Tx 0.4571 2 2 3 12384 
Tx 0.4572 2 2 3 5568 
Tx 0.4572 2 3 3 512 
Tx 0.4573 2 2 3 1002 
Tx 0.4573 2 3 3 869 
Tx 0.4574 2 3 3 972 
Tx 0.4575 2 3 3 25167 
Tx 0.4576 2 4 3 1511 
Tx 0.4576 2 3 3 25167 
Tx 0.4577 2 2 3 16 
Tx 0.4577 2 3 3 21391 
Tx 0.4578 2 3 3 1622 
Tx 0.458 2 6 3 4369 
Tx 0.4581 2 3 3 18 
Tx 0.4581 2 6 3 7280 
Tx 0.4584 2 1 3 1128 
Tx 0.4585 2 1 3 564 
Tx 0.4585 2 6 3 6187 
Tx 0.4586 2 6 3 5568 
Tx 0.4586 2 1 3 512 
Tx 0.4587 2 6 3 6809 
Tx 0.4587 2 1 3 19589 
Tx 0.4588 2 6 3 8511 
Tx 0.4588 2 1 3 19589 
Tx 0.4589 2 6 3 2054 
Tx 0.4589 2 1 3 32060 
Tx 0.459 2 1 3 33840 
Tx 0.4591 2 1 3 16027 
Tx 0.4591 2 2 3 4369 
Tx 0.4592 2 1 3 33840 
Tx 0.4593 2 1 3 29176 
Tx 0.4594 2 2 3 4369 
Tx 0.4595 2 2 3 13003 
Tx 0.4596 2 2 3 101 
Tx 0.4596 2 4 3 3547 
Tx 0.4597 2 2 3 6962 
Tx 0.4597 2 4 3 17806 
Tx 0.4598 2 2 3 4330 
Tx 0.4598 2 3 3 8803 
Tx 0.4598 2 4 3 12462 
Tx 0.4599 2 2 3 5413 
Tx 0.4599 2 3 3 8662 
Tx 0.4599 2 4 3 12462 
Tx 0.46 2 2 3 13863 
Tx 0.46 2 4 3 281 
Tx 0.4603 2 6 3 4369 
Tx 0.4603 2 2 3 21 
Tx 0.4605 2 6 3 16257 
Tx 0.4606 2 2 3 8511 
Tx 0.4606 2 6 3 8511 
Tx 0.4607 2 2 3 8511 
Tx 0.4607 2 6 3 8511 
Tx 0.4608 2 2 3 3354 
Tx 0.4608 2 6 3 7737 
Tx 0.4609 2 1 3 24 
Tx 0.4609 2 6 3 16257 
Tx 0.461 2 6 3 4638 
Tx 0.4611 2 2 3 5838 
Tx 0.4611 2 6 3 680 
Tx 0.4615 2 6 3 28 
Tx 0.4615 2 2 3 8736 
Tx 0.4616 2 2 3 8736 
Tx 0.4616 2 4 3 8774 
Tx 0.4617 2 4 3 17806 
Tx 0.4617 2 2 3 7737 
Tx 0.4618 2 4 3 19589 
Tx 0.4618 2 2 3 7737 
Tx 0.4618 2 3 3 12 
Tx 0.4619 2 2 3 8511 
Tx 0.4619 2 4 3 19589 
Tx 0.462 2 2 3 10962 
Tx 0.462 2 4 3 5580 
Tx 0.4625 2 4 3 2953 
Tx 0.4626 2 2 3 5 
Tx 0.4629 2 6 3 4369 
Tx 0.463 2 6 3 8736 
Tx 0.4634 2 6 3 13003 
Tx 0.4635 2 6 3 13003 
Tx 0.4636 2 6 3 3115 
Tx 0.464 2 2 3 5825 
Tx 0.4643 2 2 3 4369 
Tx 0.4644 2 2 3 10527 
Tx 0.4644 2 4 3 7280 
Tx 0.4645 2 4 3 13100 
Tx 0.4645 2 2 3 8048 
Tx 0.4646 2 4 3 19589 
Tx 0.4646 2 2 3 6187 
Tx 0.4647 2 2 3 11146 
Tx 0.4647 2 4 3 6602 
Tx 0.4648 2 2 3 6314 
Tx 0.4652 2 2 3 12 
Tx 0.4652 2 6 3 13925 
Tx 0.4653 2 6 3 3538 
Tx 0.4654 2 6 3 17032 
Tx 0.4655 2 6 3 12094 
Tx 0.4656 2 6 3 15483 
Tx 0.4657 2 6 3 4905 
Tx 0.4659 2 2 3 11765 
Tx 0.466 2 2 3 12384 
Tx 0.4661 2 2 3 4951 
Tx 0.4664 2 2 3 8758 
Tx 0.4665 2 2 3 5568 
Tx 0.4665 2 4 3 19581 
Tx 0.4666 2 2 3 5568 
Tx 0.4666 2 4 3 19589 
Tx 0.4667 2 2 3 6809 
Tx 0.4667 2 4 3 19589 
Tx 0.4668 2 2 3 8048 
Tx 0.4668 2 4 3 12593 
Tx 0.4669 2 2 3 6027 
Tx 0.4673 2 2 3 11667 
Tx 0.4674 2 4 3 4373 
Tx 0.4675 2 2 3 6 
Tx 0.4685 2 6 3 13625 
Tx 0.4686 2 6 3 13625 
Tx 0.4688 2 6 3 2768 
Tx 0.4689 2 2 3 4369 
Tx 0.469 2 2 3 1458 
Tx 0.4692 2 2 3 13625 
Tx 0.4693 2 2 3 3840 
Tx 0.4693 2 4 3 21371 
Tx 0.4694 2 2 3 5568 
Tx 0.4694 2 4 3 19589 
Tx 0.4695 2 2 3 9908 
Tx 0.4695 2 4 3 5610 
Tx 0.4696 2 2 3 12185 
Tx 0.4701 2 2 3 18 
Tx 0.4701 2 6 3 12376 
Tx 0.4702 2 4 3 21 
Tx 0.4702 2 6 3 13003 
Tx 0.4703 2 6 3 13625 
Tx 0.4704 2 6 3 13625 
Tx 0.4705 2 6 3 13625 
Tx 0.4706 2 6 3 12384 
Tx 0.4707 2 6 3 3437 
Tx 0.4708 2 2 3 11765 
Tx 0.4709 2 2 3 11529 
Tx 0.471 2 2 3 7283 
Tx 0.4712 2 2 3 4369 
Tx 0.4713 2 6 3 26 
Tx 0.4713 2 2 3 12384 
Tx 0.4714 2 2 3 3627 
Tx 0.4714 2 4 3 24925 
Tx 0.4715 2 2 3 5568 
Tx 0.4715 2 4 3 17806 
Tx 0.4716 2 4 3 19589 
Tx 0.4716 2 2 3 6187 
Tx 0.4717 2 2 3 8641 
Tx 0.4717 2 4 3 8976 
Tx 0.4723 2 4 3 5865 
Tx 0.4734 2 6 3 17024 
Tx 0.4735 2 6 3 12091 
Tx 0.4742 2 4 3 21371 
Tx 0.4743 2 4 3 25174 
Tx 0.4744 2 2 3 12384 
Tx 0.4745 2 2 3 13625 
Tx 0.4746 2 2 3 13625 
Tx 0.4747 2 2 3 12384 
Tx 0.4747 2 6 3 6 
Tx 0.4748 2 2 3 10530 
Tx 0.4751 2 4 3 1498 
Tx 0.4753 2 6 3 12384 
Tx 0.4753 2 2 3 62 
Tx 0.4754 2 6 3 13625 
Tx 0.4755 2 6 3 13625 
Tx 0.4756 2 6 3 13003 
Tx 0.4757 2 2 3 4369 
Tx 0.4758 2 2 3 5568 
Tx 0.4758 2 6 3 6187 
Tx 0.4759 2 2 3 6187 
Tx 0.4759 2 6 3 6187 
Tx 0.476 2 2 3 6187 
Tx 0.476 2 6 3 5568 
Tx 0.4761 2 6 3 3698 
Tx 0.4761 2 2 3 8048 
Tx 0.4762 2 2 3 13003 
Tx 0.4763 2 4 3 21363 
Tx 0.4764 2 2 3 5568 
Tx 0.4764 2 4 3 17806 
Tx 0.4765 2 2 3 6809 
Tx 0.4765 2 4 3 17806 
Tx 0.4766 2 4 3 12862 
Tx 0.4766 2 2 3 8048 
Tx 0.4767 2 2 3 10465 
Tx 0.4768 2 6 3 8723 
Tx 0.4772 2 4 3 7324 
Tx 0.4775 2 2 3 23 
Tx 0.4777 2 6 3 1458 
Tx 0.4781 2 5 3 1076 
Tx 0.4782 2 5 3 1076 
Tx 0.4783 2 5 3 1128 
Tx 0.4784 2 5 3 27682 
Tx 0.4785 2 5 3 26424 
Tx 0.4786 2 5 3 26424 
Tx 0.4787 2 5 3 11321 
Tx 0.4787 2 6 3 6801 
Tx 0.4788 2 5 3 11321 
Tx 0.4788 2 6 3 6187 
Tx 0.4789 2 6 3 6187 
Tx 0.4789 2 5 3 12579 
Tx 0.479 2 6 3 6809 
Tx 0.479 2 5 3 13828 
Tx 0.4791 2 6 3 1682 
Tx 0.4791 2 4 3 4369 
Tx 0.4791 2 5 3 18873 
Tx 0.4792 2 4 3 16027 
Tx 0.4792 2 5 3 11321 
Tx 0.4793 2 2 3 4330 
Tx 0.4793 2 4 3 12462 
Tx 0.4793 2 5 3 8803 
Tx 0.4794 2 2 3 3711 
Tx 0.4794 2 4 3 10682 
Tx 0.4794 2 5 3 5715 
Tx 0.4795 2 2 3 11146 
Tx 0.4795 2 4 3 3018 
Tx 0.4796 2 6 3 1468 
Tx 0.4796 2 2 3 10527 
Tx 0.4797 2 2 3 12384 
Tx 0.4798 2 2 3 11146 
Tx 0.4799 2 2 3 7866 
Tx 0.48 2 4 3 2951 
Tx 0.4801 2 5 3 62 
Tx 0.4802 2 2 3 1509 
Tx 0.4802 2 6 3 8736 
Tx 0.4803 2 6 3 14554 
Tx 0.4804 2 6 3 16257 
Tx 0.4805 2 2 3 2914 
Tx 0.4805 2 6 3 12384 
Tx 0.4806 2 2 3 3711 
Tx 0.4806 2 5 3 7545 
Tx 0.4806 2 6 3 5413 
Tx 0.4807 2 2 3 5568 
Tx 0.4807 2 5 3 1195 
Tx 0.4807 2 6 3 7737 
Tx 0.4808 2 2 3 6187 
Tx 0.4809 2 2 3 4949 
Tx 0.4809 2 6 3 6962 
Tx 0.481 2 2 3 9908 
Tx 0.481 2 6 3 3672 
Tx 0.4811 2 2 3 10453 
Tx 0.4812 2 4 3 34910 
Tx 0.4813 2 2 3 6801 
Tx 0.4813 2 4 3 17806 
Tx 0.4814 2 4 3 15678 
Tx 0.4814 2 2 3 7428 
Tx 0.4815 2 2 3 11146 
Tx 0.4816 2 2 3 5201 
Tx 0.4817 2 6 3 8739 
Tx 0.4821 2 4 3 8763 
Tx 0.4829 2 6 3 1458 
Tx 0.4835 2 2 3 12 
Tx 0.4836 2 6 3 13625 
Tx 0.4837 2 6 3 8215 
Tx 0.4838 2 6 3 4369 
Tx 0.484 2 4 3 14554 
Tx 0.4841 2 4 3 27644 
Tx 0.4842 2 2 3 4369 
Tx 0.4842 2 4 3 4390 
Tx 0.4843 2 2 3 12384 
Tx 0.4844 2 2 3 13003 
Tx 0.4845 2 6 3 2914 
Tx 0.4846 2 2 3 11765 
Tx 0.4847 2 2 3 11765 
Tx 0.4848 2 2 3 7856 
Tx 0.4849 2 4 3 4369 
Tx 0.485 2 2 3 2926 
Tx 0.4851 2 6 3 8736 
Tx 0.4852 2 6 3 13003 
Tx 0.4853 2 2 3 5568 
Tx 0.4853 2 6 3 6809 
Tx 0.4854 2 2 3 261 
Tx 0.4854 2 6 3 12384 
Tx 0.4856 2 2 3 6809 
Tx 0.4856 2 6 3 6187 
Tx 0.4857 2 6 3 6962 
Tx 0.4857 2 2 3 6809 
Tx 0.4858 2 6 3 6962 
Tx 0.4858 2 2 3 6187 
Tx 0.4859 2 6 3 6962 
Tx 0.4859 2 2 3 6809 
Tx 0.486 2 6 3 7703 
Tx 0.486 2 2 3 7428 
Tx 0.4861 2 2 3 5568 
Tx 0.4861 2 4 3 19581 
Tx 0.4862 2 2 3 6809 
Tx 0.4862 2 4 3 17806 
Tx 0.4863 2 4 3 17806 
Tx 0.4863 2 2 3 6001 
Tx 0.4864 2 4 3 11735 
Tx 0.4866 2 6 3 18 
Tx 0.4867 2 2 3 14 
Tx 0.487 2 4 3 10232 
Tx 0.487 2 6 3 10191 
Tx 0.4878 2 6 3 1458 
Tx 0.4879 2 4 3 5 
Tx 0.4884 2 2 3 12995 
Tx 0.4885 2 2 3 4468 
Tx 0.4889 2 6 3 12384 
Tx 0.489 2 4 3 17806 
Tx 0.489 2 6 3 6187 
Tx 0.4891 2 2 3 4381 
Tx 0.4891 2 4 3 12462 
Tx 0.4891 2 6 3 4330 
Tx 0.4892 2 4 3 14244 
Tx 0.4892 2 6 3 3294 
Tx 0.4892 2 2 3 4949 
Tx 0.4893 2 4 3 2039 
Tx 0.4893 2 6 3 2934 
Tx 0.4893 2 2 3 9286 
Tx 0.4895 2 2 3 9141 
Tx 0.4896 2 2 3 11765 
Tx 0.4897 2 2 3 8589 
Tx 0.4898 2 4 3 4411 
Tx 0.4898 2 2 3 10527 
Tx 0.4899 2 2 3 5440 
Tx 0.49 2 6 3 1232 
Tx 0.4901 2 6 3 13625 
Tx 0.4902 2 6 3 8667 
Tx 0.4902 2 2 3 4378 
Tx 0.4903 2 2 3 1458 
Tx 0.4903 2 6 3 11146 
Tx 0.4904 2 6 3 13377 
Tx 0.4905 2 6 3 8741 
Tx 0.4906 2 6 3 4949 
Tx 0.4907 2 2 3 6179 
Tx 0.4907 2 6 3 6187 
Tx 0.4908 2 2 3 6187 
Tx 0.4908 2 6 3 6187 
Tx 0.4909 2 2 3 11146 
Tx 0.491 2 2 3 6809 
Tx 0.491 2 4 3 17798 
Tx 0.4911 2 4 3 16027 
Tx 0.4911 2 2 3 5568 
Tx 0.4912 2 2 3 5568 
Tx 0.4912 2 4 3 19589 
Tx 0.4913 2 4 3 3555 
Tx 0.4914 2 2 3 9908 
Tx 0.4914 2 4 3 9960 
Tx 0.4915 2 6 3 3069 
Tx 0.4915 2 2 3 1041 
Tx 0.4919 2 4 3 10236 
Tx 0.492 2 6 3 909 
Tx 0.4921 2 4 3 5 
Tx 0.4922 2 2 3 27 
Tx 0.4928 2 4 3 1458 
Tx 0.4933 2 2 3 13003 
Tx 0.4934 2 2 3 4462 
Tx 0.4938 2 6 3 12995 
Tx 0.4939 2 2 3 4330 
Tx 0.4939 2 4 3 10191 
Tx 0.4939 2 6 3 4330 
Tx 0.494 2 4 3 12462 
Tx 0.494 2 6 3 4330 
Tx 0.494 2 2 3 4330 
Tx 0.4941 2 2 3 4949 
Tx 0.4941 2 4 3 12462 
Tx 0.4941 2 6 3 4330 
Tx 0.4942 2 4 3 11446 
Tx 0.4942 2 6 3 4949 
Tx 0.4943 2 2 3 1016 
Tx 0.4943 2 6 3 8923 
Tx 0.4947 2 4 3 4400 
Tx 0.4948 2 4 3 1458 
Tx 0.4949 2 2 3 13625 
Tx 0.495 2 2 3 6809 
Tx 0.495 2 6 3 6801 
Tx 0.4951 2 2 3 6809 
Tx 0.4951 2 6 3 6809 
Tx 0.4952 2 6 3 7428 
Tx 0.4953 2 2 3 5568 
Tx 0.4953 2 6 3 7428 
Tx 0.4954 2 2 3 5568 
Tx 0.4954 2 6 3 7428 
Tx 0.4955 2 2 3 5493 
Tx 0.4955 2 6 3 6187 
Tx 0.4956 2 2 3 5568 
Tx 0.4956 2 6 3 7737 
Tx 0.4957 2 2 3 5568 
Tx 0.4957 2 6 3 6187 
Tx 0.4958 2 2 3 5568 
Tx 0.4958 2 6 3 7737 
Tx 0.4959 2 2 3 3711 
Tx 0.4959 2 4 3 10674 
Tx 0.4959 2 6 3 3711 
Tx 0.496 2 2 3 3711 
Tx 0.496 2 4 3 10682 
Tx 0.4961 2 2 3 1850 
Tx 0.4961 2 4 3 19589 
Tx 0.4961 2 6 3 3106 
Tx 0.4962 2 4 3 10682 
Tx 0.4963 2 2 3 8048 
Tx 0.4963 2 4 3 13853 
Tx 0.4964 2 6 3 6187 
Tx 0.4964 2 2 3 6187 
Tx 0.4965 2 6 3 1924 
Tx 0.4965 2 2 3 5985 
Tx 0.4968 2 4 3 11684 
Tx 0.4971 2 2 3 12384 
Tx 0.4971 2 4 3 6 
Tx 0.4977 2 4 3 1458 
Tx 0.4982 2 3 3 512 
Tx 0.4983 2 3 3 564 
Tx 0.4983 2 2 3 6809 
Tx 0.4984 2 3 3 460 
Tx 0.4984 2 2 3 7428 
Tx 0.4985 2 3 3 11321 
Tx 0.4985 2 2 3 5568 
Tx 0.4986 2 2 3 2939 
Tx 0.4986 2 3 3 20130 
Tx 0.4987 2 2 3 4330 
Tx 0.4987 2 3 3 8803 
Tx 0.4987 2 6 3 4330 
Tx 0.4988 2 6 3 3089 
Tx 0.4988 2 2 3 3089 
Tx 0.4988 2 3 3 6285 
Tx 0.4988 2 4 3 8900 
Tx 0.4989 2 6 3 2470 
Tx 0.4989 2 2 3 2470 
Tx 0.4989 2 3 3 5027 
Tx 0.4989 2 4 3 7117 
Tx 0.499 2 6 3 2470 
Tx 0.499 2 2 3 2470 
Tx 0.499 2 3 3 5027 
Tx 0.499 2 4 3 5338 
Tx 0.4991 2 4 3 7117 
Tx 0.4991 2 6 3 2470 
Tx 0.4991 2 2 3 2470 
Tx 0.4991 2 3 3 5019 
Tx 0.4992 2 4 3 7117 
Tx 0.4992 2 6 3 2470 
Tx 0.4992 2 3 3 5027 
Tx 0.4993 2 4 3 7117 
Tx 0.4993 2 6 3 2470 
Tx 0.4993 2 3 3 5027 
Tx 0.4994 2 4 3 3871 
Tx 0.4994 2 6 3 1851 
Tx 0.4994 2 1 3 149 
Tx 0.4994 2 3 3 3769 
Tx 0.4995 2 6 3 3089 
Tx 0.4995 2 1 3 253 
Tx 0.4995 2 3 3 6285 
Tx 0.4996 2 4 3 1486 
Tx 0.4996 2 6 3 3089 
Tx 0.4996 2 1 3 253 
Tx 0.4996 2 3 3 6285 
Tx 0.4997 2 4 3 5825 
Tx 0.4997 2 6 3 2462 
Tx 0.4997 2 1 3 7117 
Tx 0.4997 2 3 3 5027 
Tx 0.4998 2 6 3 2470 
Tx 0.4998 2 1 3 7117 
Tx 0.4998 2 2 3 2470 
Tx 0.4998 2 3 3 5027 
Tx 0.4999 2 1 3 7117 
Tx 0.4999 2 2 3 2470 
Tx 0.4999 2 3 3 5027 
Tx 0.4999 2 6 3 2470 
Tx 0.5 2 1 3 7117 
Tx 0.5 2 2 3 2470 
Tx 0.5 2 3 3 5027 
Tx 0.5 2 6 3 2470 
Tx 0.5001 2 1 3 7117 
Tx 0.5001 2 2 3 2470 
Tx 0.5001 2 6 3 2470 
Tx 0.5002 2 1 3 7117 
Tx 0.5002 2 3 3 5027 
Tx 0.5002 2 6 3 1851 
Tx 0.5003 2 6 3 1851 
Tx 0.5003 2 1 3 5338 
Tx 0.5003 2 2 3 1851 
Tx 0.5003 2 3 3 3769 
Tx 0.5004 2 6 3 1851 
Tx 0.5004 2 1 3 5330 
Tx 0.5004 2 2 3 1851 
Tx 0.5004 2 3 3 3769 
Tx 0.5005 2 6 3 2470 
Tx 0.5005 2 1 3 7117 
Tx 0.5005 2 2 3 2470 
Tx 0.5005 2 3 3 5027 
Tx 0.5006 2 6 3 2470 
Tx 0.5006 2 1 3 7117 
Tx 0.5006 2 2 3 2470 
Tx 0.5006 2 3 3 5027 
Tx 0.5007 2 1 3 5338 
Tx 0.5007 2 2 3 1851 
Tx 0.5007 2 3 3 3769 
Tx 0.5008 2 6 3 1851 
Tx 0.5008 2 1 3 5338 
Tx 0.5008 2 2 3 1851 
Tx 0.5008 2 3 3 3769 
Tx 0.5008 2 4 3 5330 
Tx 0.5009 2 6 3 1851 
Tx 0.5009 2 1 3 5338 
Tx 0.5009 2 2 3 1851 
Tx 0.5009 2 3 3 3769 
Tx 0.5009 2 4 3 5338 
Tx 0.501 2 6 3 1851 
Tx 0.501 2 1 3 5338 
Tx 0.501 2 2 3 1851 
Tx 0.501 2 3 3 3769 
Tx 0.501 2 4 3 5338 
Tx 0.5011 2 6 3 1851 
Tx 0.5011 2 1 3 5338 
Tx 0.5011 2 2 3 1851 
Tx 0.5011 2 4 3 5338 
Tx 0.5012 2 6 3 1851 
Tx 0.5012 2 1 3 5338 
Tx 0.5012 2 3 3 3769 
Tx 0.5012 2 4 3 5338 
Tx 0.5013 2 6 3 1851 
Tx 0.5013 2 1 3 5338 
Tx 0.5013 2 2 3 1851 
Tx 0.5013 2 3 3 2509 
Tx 0.5013 2 4 3 3555 
Tx 0.5014 2 3 3 3769 
Tx 0.5014 2 4 3 5338 
Tx 0.5014 2 6 3 1851 
Tx 0.5014 2 2 3 1232 
Tx 0.5015 2 2 3 1851 
Tx 0.5015 2 3 3 3769 
Tx 0.5015 2 4 3 5338 
Tx 0.5015 2 6 3 1851 
Tx 0.5015 2 1 3 5338 
Tx 0.5016 2 2 3 1851 
Tx 0.5016 2 3 3 3769 
Tx 0.5016 2 4 3 5338 
Tx 0.5016 2 6 3 1851 
Tx 0.5016 2 1 3 5338 
Tx 0.5017 2 2 3 1851 
Tx 0.5017 2 3 3 3769 
Tx 0.5017 2 4 3 5338 
Tx 0.5017 2 1 3 3555 
Tx 0.5018 2 1 3 5338 
Tx 0.5018 2 2 3 1851 
Tx 0.5018 2 3 3 3769 
Tx 0.5018 2 6 3 1851 
Tx 0.5019 2 1 3 5338 
Tx 0.5019 2 2 3 1851 
Tx 0.5019 2 3 3 3769 
Tx 0.5019 2 4 3 5338 
Tx 0.5019 2 6 3 1851 
Tx 0.502 2 1 3 5338 
Tx 0.502 2 2 3 1851 
Tx 0.502 2 3 3 3489 
Tx 0.502 2 4 3 5338 
Tx 0.502 2 6 3 1851 
Tx 0.5021 2 1 3 7117 
Tx 0.5021 2 2 3 2470 
Tx 0.5021 2 4 3 7117 
Tx 0.5021 2 6 3 2470 
Tx 0.5022 2 1 3 7117 
Tx 0.5022 2 3 3 3828 
Tx 0.5022 2 4 3 1001 
Tx 0.5022 2 6 3 2470 
Tx 0.5023 2 1 3 8900 
Tx 0.5023 2 2 3 3089 
Tx 0.5023 2 6 3 3089 
Tx 0.5024 2 2 3 3711 
Tx 0.5024 2 6 3 3711 
Tx 0.5025 2 1 3 10682 
Tx 0.5025 2 2 3 3711 
Tx 0.5025 2 6 3 3711 
Tx 0.5026 2 1 3 4548 
Tx 0.5026 2 2 3 2470 
Tx 0.5026 2 4 3 7117 
Tx 0.5026 2 6 3 2470 
Tx 0.5027 2 2 3 3711 
Tx 0.5027 2 3 3 2914 
Tx 0.5027 2 4 3 1163 
Tx 0.5028 2 2 3 5568 
Tx 0.5028 2 6 3 5568 
Tx 0.5029 2 2 3 5568 
Tx 0.5029 2 6 3 5568 
Tx 0.503 2 2 3 5568 
Tx 0.503 2 6 3 6187 
Tx 0.5031 2 2 3 4949 
Tx 0.5031 2 6 3 5568 
Tx 0.5032 2 6 3 1702 
Tx 0.5033 2 2 3 5568 
Tx 0.5033 2 6 3 5634 
Tx 0.5034 2 2 3 12384 
Tx 0.5035 2 2 3 12384 
Tx 0.5036 2 2 3 11765 
Tx 0.5037 2 2 3 4330 
Tx 0.5037 2 4 3 12462 
Tx 0.5038 2 1 3 10748 
Tx 0.5038 2 2 3 4330 
Tx 0.5038 2 4 3 12462 
Tx 0.5039 2 6 3 3711 
Tx 0.5039 2 2 3 3711 
Tx 0.504 2 6 3 4330 
Tx 0.504 2 2 3 3711 
Tx 0.504 2 4 3 12462 
Tx 0.5041 2 2 3 3057 
Tx 0.5041 2 4 3 9205 
Tx 0.5041 2 6 3 6525 
Tx 0.5042 2 6 3 1458 
Tx 0.5043 2 2 3 13 
Tx 0.5043 2 6 3 1540 
Tx 0.5044 2 4 3 8736 
Tx 0.5044 2 6 3 2834 
Tx 0.5045 2 6 3 2914 
Tx 0.5046 2 6 3 4369 
Tx 0.5047 2 2 3 7280 
Tx 0.5048 2 6 3 11646 
Tx 0.5048 2 2 3 1458 
Tx 0.5049 2 6 3 1461 
Tx 0.5051 2 6 3 4369 
Tx 0.5052 2 6 3 2914 
Tx 0.5056 2 2 3 2914 
Tx 0.5057 2 6 3 7280 
Tx 0.5057 2 2 3 1458 
Tx 0.5057 2 4 3 4369 
Tx 0.5058 2 2 3 2914 
Tx 0.5058 2 4 3 14244 
Tx 0.5058 2 1 3 5 
Tx 0.5059 2 2 3 1458 
Tx 0.5059 2 4 3 7596 
Tx 0.5059 2 6 3 3856 
Tx 0.506 2 2 3 1851 
Tx 0.506 2 4 3 2914 
Tx 0.506 2 6 3 1973 
Tx 0.5061 2 2 3 2470 
Tx 0.5061 2 4 3 5825 
Tx 0.5061 2 6 3 1458 
Tx 0.5062 2 2 3 1513 
Tx 0.5062 2 4 3 5338 
Tx 0.5063 2 4 3 3555 
Tx 0.5064 2 2 3 6187 
Tx 0.5064 2 4 3 7129 
Tx 0.5065 2 6 3 1458 
Tx 0.5066 2 6 3 5825 
Tx 0.5066 2 2 3 6187 
Tx 0.5067 2 6 3 1458 
Tx 0.5067 2 2 3 2470 
Tx 0.5068 2 4 3 8736 
Tx 0.5068 2 2 3 5548 
Tx 0.5069 2 4 3 10191 
Tx 0.507 2 6 3 8736 
Tx 0.5071 2 6 3 5825 
Tx 0.5072 2 6 3 2914 
Tx 0.5073 2 6 3 2314 
Tx 0.5074 2 6 3 604 
Tx 0.5074 2 2 3 7280 
Tx 0.5075 2 4 3 8736 
Tx 0.5077 2 6 3 4369 
Tx 0.5077 2 2 3 9286 
Tx 0.5078 2 6 3 7737 
Tx 0.5078 2 2 3 6731 
Tx 0.508 2 6 3 16257 
Tx 0.5081 2 2 3 11146 
Tx 0.5081 2 6 3 2217 
Tx 0.5082 2 2 3 4872 
Tx 0.5083 2 2 3 8736 
Tx 0.5084 2 2 3 12384 
Tx 0.5086 2 2 3 4949 
Tx 0.5086 2 4 3 14244 
Tx 0.5087 2 2 3 6809 
Tx 0.5087 2 4 3 19589 
Tx 0.5088 2 2 3 4330 
Tx 0.5088 2 4 3 4006 
Tx 0.5088 2 6 3 6187 
Tx 0.5089 2 2 3 4330 
Tx 0.5089 2 4 3 10207 
Tx 0.509 2 2 3 10527 
Tx 0.509 2 6 3 2960 
Tx 0.5091 2 2 3 10541 
Tx 0.5092 2 4 3 8738 
Tx 0.5093 2 6 3 4330 
Tx 0.5094 2 6 3 11765 
Tx 0.5095 2 6 3 2421 
Tx 0.5096 2 2 3 1118 
Tx 0.5097 2 6 3 13003 
Tx 0.5098 2 6 3 112 
Tx 0.51 2 6 3 7286 
Tx 0.5104 2 2 3 12001 
Tx 0.5106 2 6 3 4949 
Tx 0.5106 2 2 3 4322 
Tx 0.5106 2 4 3 12454 
Tx 0.5107 2 2 3 1511 
Tx 0.5107 2 4 3 16027 
Tx 0.5107 2 6 3 5246 
Tx 0.5108 2 4 3 3555 
Tx 0.5109 2 2 3 4369 
Tx 0.5109 2 4 3 7278 
Tx 0.511 2 4 3 4369 
Tx 0.5111 2 2 3 5825 
Tx 0.5111 2 4 3 7280 
Tx 0.5113 2 6 3 11647 
Tx 0.5115 2 2 3 12384 
Tx 0.5115 2 6 3 1462 
Tx 0.5119 2 6 3 17032 
Tx 0.512 2 6 3 3352 
Tx 0.5121 2 6 3 1458 
Tx 0.5123 2 2 3 9455 
Tx 0.5124 2 4 3 4369 
Tx 0.5125 2 6 3 4369 
Tx 0.5125 2 4 3 23278 
Tx 0.5126 2 6 3 7280 
Tx 0.5127 2 6 3 4638 
Tx 0.5128 2 6 3 14287 
Tx 0.513 2 2 3 12376 
Tx 0.5131 2 2 3 13625 
Tx 0.5132 2 2 3 11765 
Tx 0.5132 2 4 3 17 
Tx 0.5133 2 2 3 10021 
Tx 0.5134 2 2 3 10440 
Tx 0.5135 2 2 3 9908 
Tx 0.5135 2 4 3 7280 
Tx 0.5136 2 4 3 28495 
Tx 0.5136 2 6 3 8 
Tx 0.5136 2 2 3 1754 
Tx 0.5137 2 4 3 8900 
Tx 0.5138 2 2 3 8741 
Tx 0.5138 2 4 3 3337 
Tx 0.5139 2 2 3 9286 
Tx 0.5139 2 6 3 4369 
Tx 0.514 2 6 3 4369 
Tx 0.514 2 4 3 10225 
Tx 0.5141 2 6 3 2314 
Tx 0.5141 2 2 3 1160 
Tx 0.5142 2 6 3 15154 
Tx 0.5144 2 4 3 5 
Tx 0.5144 2 6 3 13105 
Tx 0.5145 2 2 3 7031 
Tx 0.5151 2 6 3 8 
Tx 0.5154 2 6 3 16257 
Tx 0.5155 2 2 3 10527 
Tx 0.5155 2 4 3 4369 
Tx 0.5155 2 6 3 1208 
Tx 0.5156 2 4 3 16027 
Tx 0.5156 2 2 3 7428 
Tx 0.5157 2 4 3 23151 
Tx 0.5157 2 2 3 5341 
Tx 0.5158 2 2 3 616 
Tx 0.5159 2 4 3 7410 
Tx 0.5159 2 2 3 5219 
Tx 0.5162 2 6 3 11138 
Tx 0.5163 2 6 3 3425 
Tx 0.5168 2 6 3 13003 
Tx 0.5169 2 6 3 10301 
Tx 0.5172 2 4 3 14554 
Tx 0.5173 2 4 3 11650 
Tx 0.5173 2 6 3 6179 
Tx 0.5174 2 6 3 9841 
Tx 0.5176 2 2 3 13617 
Tx 0.5177 2 2 3 4949 
Tx 0.5177 2 6 3 6187 
Tx 0.5178 2 2 3 3278 
Tx 0.5178 2 6 3 6809 
Tx 0.5179 2 2 3 4369 
Tx 0.5179 2 6 3 111 
Tx 0.518 2 2 3 13625 
Tx 0.5181 2 2 3 11146 
Tx 0.5181 2 4 3 1462 
Tx 0.5182 2 2 3 12384 
Tx 0.5183 2 2 3 11146 
Tx 0.5184 2 2 3 11146 
Tx 0.5184 2 4 3 4369 
Tx 0.5185 2 4 3 16027 
Tx 0.5185 2 6 3 7 
Tx 0.5185 2 2 3 6187 
Tx 0.5186 2 4 3 16027 
Tx 0.5187 2 4 3 21800 
Tx 0.5187 2 2 3 2647 
Tx 0.5188 2 2 3 12384 
Tx 0.5189 2 2 3 5237 
Tx 0.5191 2 5 3 1024 
Tx 0.5192 2 4 3 1471 
Tx 0.5192 2 5 3 1024 
Tx 0.5193 2 5 3 1076 
Tx 0.5194 2 2 3 3711 
Tx 0.5194 2 5 3 7448 
Tx 0.5194 2 6 3 4330 
Tx 0.5195 2 2 3 3585 
Tx 0.5195 2 5 3 8511 
Tx 0.5195 2 6 3 4949 
Tx 0.5196 2 5 3 9577 
Tx 0.5196 2 6 3 7428 
Tx 0.5197 2 5 3 9577 
Tx 0.5197 2 6 3 6962 
Tx 0.5198 2 5 3 9577 
Tx 0.5198 2 6 3 7737 
Tx 0.5199 2 6 3 4638 
Tx 0.5199 2 5 3 7448 
Tx 0.52 2 6 3 4638 
Tx 0.52 2 5 3 7440 
Tx 0.5201 2 6 3 105 
Tx 0.5201 2 5 3 9577 
Tx 0.5202 2 5 3 21294 
Tx 0.5203 2 5 3 20227 
Tx 0.5204 2 2 3 4330 
Tx 0.5204 2 4 3 12454 
Tx 0.5204 2 5 3 7448 
Tx 0.5205 2 2 3 3711 
Tx 0.5205 2 4 3 10682 
Tx 0.5205 2 5 3 6382 
Tx 0.5206 2 2 3 4330 
Tx 0.5206 2 4 3 12462 
Tx 0.5206 2 5 3 6382 
Tx 0.5207 2 5 3 6382 
Tx 0.5207 2 6 3 4638 
Tx 0.5207 2 4 3 8900 
Tx 0.5208 2 2 3 3089 
Tx 0.5208 2 4 3 6443 
Tx 0.5208 2 5 3 5319 
Tx 0.5208 2 6 3 3864 
Tx 0.5209 2 2 3 3711 
Tx 0.5209 2 5 3 6382 
Tx 0.5209 2 6 3 4638 
Tx 0.521 2 2 3 4330 
Tx 0.521 2 6 3 2877 
Tx 0.5211 2 2 3 2541 
Tx 0.5211 2 5 3 9577 
Tx 0.5212 2 5 3 4461 
Tx 0.5215 2 5 3 18799 
Tx 0.5215 2 6 3 13 
Tx 0.5216 2 4 3 25 
Tx 0.5217 2 6 3 16257 
Tx 0.5218 2 6 3 17032 
Tx 0.5219 2 6 3 6007 
Tx 0.5219 2 2 3 3101 
Tx 0.5221 2 4 3 4369 
Tx 0.5222 2 4 3 20370 
Tx 0.5224 2 5 3 12 
Tx 0.5225 2 2 3 13625 
Tx 0.5226 2 2 3 5304 
Tx 0.5226 2 6 3 9278 
Tx 0.5227 2 2 3 5568 
Tx 0.5227 2 6 3 9286 
Tx 0.5228 2 2 3 6809 
Tx 0.5228 2 6 3 8511 
Tx 0.5229 2 6 3 2040 
Tx 0.523 2 2 3 4330 
Tx 0.523 2 4 3 2925 
Tx 0.5231 2 2 3 4949 
Tx 0.5232 2 2 3 5568 
Tx 0.5233 2 2 3 5568 
Tx 0.5233 2 4 3 19589 
Tx 0.5234 2 2 3 6187 
Tx 0.5234 2 4 3 18232 
Tx 0.5235 2 4 3 4400 
Tx 0.5235 2 2 3 9908 
Tx 0.5236 2 4 3 16008 
Tx 0.5236 2 2 3 6187 
Tx 0.5237 2 2 3 11765 
Tx 0.5238 2 2 3 12384 
Tx 0.5239 2 6 3 30 
Tx 0.524 2 2 3 1851 
Tx 0.5241 2 4 3 2920 
Tx 0.5241 2 2 3 350 
Tx 0.5243 2 2 3 6809 
Tx 0.5243 2 6 3 6809 
Tx 0.5244 2 2 3 5568 
Tx 0.5244 2 6 3 6187 
Tx 0.5245 2 2 3 6809 
Tx 0.5245 2 6 3 6809 
Tx 0.5246 2 2 3 1331 
Tx 0.5246 2 6 3 11146 
Tx 0.5247 2 6 3 9822 
Tx 0.5248 2 6 3 1458 
Tx 0.5251 2 2 3 19 
Tx 0.5253 2 2 3 9908 
Tx 0.5253 2 4 3 7280 
Tx 0.5254 2 4 3 33840 
Tx 0.5254 2 2 3 1741 
Tx 0.5255 2 4 3 2527 
Tx 0.5255 2 6 3 7280 
Tx 0.5256 2 4 3 5854 
Tx 0.5256 2 2 3 4949 
Tx 0.5257 2 2 3 6705 
Tx 0.5257 2 6 3 7280 
Tx 0.5259 2 2 3 1458 
Tx 0.5264 2 6 3 17024 
Tx 0.5265 2 6 3 439 
Tx 0.5266 2 6 3 17032 
Tx 0.5267 2 6 3 6274 
Tx 0.5268 2 2 3 4369 
Tx 0.527 2 4 3 4369 
Tx 0.5271 2 4 3 20370 
Tx 0.5274 2 2 3 4369 
Tx 0.5275 2 2 3 13003 
Tx 0.5276 2 2 3 13003 
Tx 0.5277 2 2 3 4571 
Tx 0.5279 2 4 3 4381 
Tx 0.5279 2 6 3 8736 
Tx 0.528 2 2 3 5568 
Tx 0.528 2 6 3 9286 
Tx 0.5281 2 2 3 5568 
Tx 0.5281 2 6 3 8511 
Tx 0.5282 2 2 3 9908 
Tx 0.5282 2 6 3 2579 
Tx 0.5283 2 2 3 6809 
Tx 0.5283 2 4 3 19581 
Tx 0.5284 2 4 3 16027 
Tx 0.5285 2 2 3 4949 
Tx 0.5285 2 4 3 17806 
Tx 0.5286 2 2 3 9286 
Tx 0.5286 2 4 3 4790 
Tx 0.5287 2 2 3 12384 
Tx 0.5288 2 6 3 1472 
Tx 0.5288 2 2 3 8119 
Tx 0.5291 2 2 3 13003 
Tx 0.5292 2 2 3 1583 
Tx 0.5292 2 6 3 13151 
Tx 0.5293 2 2 3 5568 
Tx 0.5293 2 6 3 7737 
Tx 0.5294 2 6 3 14708 
Tx 0.5295 2 6 3 6629 
Tx 0.53 2 2 3 11911 
Tx 0.5301 2 2 3 1462 
Tx 0.5302 2 4 3 39176 
Tx 0.5303 2 4 3 14713 
Tx 0.5303 2 2 3 5825 
Tx 0.5304 2 6 3 6801 
Tx 0.5305 2 2 3 478 
Tx 0.5305 2 6 3 7754 
Tx 0.5306 2 2 3 8262 
Tx 0.5313 2 6 3 13625 
Tx 0.5317 2 2 3 4369 
Tx 0.5319 2 4 3 4376 
Tx 0.532 2 4 3 18916 
Tx 0.5323 2 2 3 13625 
Tx 0.5324 2 2 3 8215 
Tx 0.5325 2 2 3 13003 
Tx 0.5326 2 2 3 1559 
Tx 0.5328 2 2 3 4949 
Tx 0.5328 2 4 3 5834 
Tx 0.5328 2 6 3 5560 
Tx 0.5329 2 2 3 5246 
Tx 0.5329 2 6 3 6809 
Tx 0.533 2 2 3 5568 
Tx 0.533 2 6 3 6809 
Tx 0.5331 2 2 3 5568 
Tx 0.5331 2 6 3 6809 
Tx 0.5332 2 2 3 4330 
Tx 0.5332 2 4 3 12454 
Tx 0.5332 2 6 3 4330 
Tx 0.5333 2 4 3 10682 
Tx 0.5333 2 6 3 4638 
Tx 0.5333 2 2 3 2013 
Tx 0.5334 2 4 3 10682 
Tx 0.5334 2 6 3 4638 
Tx 0.5334 2 2 3 3711 
Tx 0.5335 2 4 3 10682 
Tx 0.5335 2 6 3 4638 
Tx 0.5335 2 2 3 3711 
Tx 0.5336 2 4 3 10682 
Tx 0.5336 2 6 3 4638 
Tx 0.5337 2 4 3 3020 
Tx 0.5337 2 6 3 6187 
Tx 0.5337 2 2 3 5568 
Tx 0.5338 2 2 3 6809 
Tx 0.5339 2 2 3 11146 
Tx 0.534 2 2 3 5568 
Tx 0.534 2 6 3 6962 
Tx 0.5341 2 2 3 4949 
Tx 0.5341 2 6 3 6962 
Tx 0.5342 2 2 3 5568 
Tx 0.5342 2 6 3 7737 
Tx 0.5343 2 6 3 6962 
Tx 0.5343 2 2 3 5568 
Tx 0.5343 2 4 3 46 
Tx 0.5344 2 6 3 12384 
Tx 0.5344 2 2 3 1299 
Tx 0.5345 2 6 3 5350 
Tx 0.5347 2 2 3 8 
Tx 0.5349 2 2 3 11765 
Tx 0.5349 2 6 3 31 
Tx 0.535 2 2 3 2792 
Tx 0.5351 2 4 3 39184 
Tx 0.5352 2 4 3 14671 
Tx 0.5353 2 6 3 13100 
Tx 0.5355 2 2 3 12384 
Tx 0.5356 2 2 3 2178 
Tx 0.5358 2 2 3 11 
Tx 0.536 2 4 3 9 
Tx 0.5362 2 6 3 14556 
Tx 0.5366 2 2 3 4369 
Tx 0.5368 2 4 3 23278 
Tx 0.5372 2 2 3 4369 
Tx 0.5373 2 2 3 13003 
Tx 0.5374 2 2 3 13625 
Tx 0.5375 2 2 3 11225 
Tx 0.5377 2 2 3 9908 
Tx 0.5377 2 4 3 7295 
Tx 0.5378 2 2 3 6112 
Tx 0.5379 2 2 3 4369 
Tx 0.538 2 6 3 15475 
Tx 0.5381 2 2 3 1458 
Tx 0.5381 2 4 3 17806 
Tx 0.5381 2 6 3 6962 
Tx 0.5382 2 6 3 6962 
Tx 0.5382 2 4 3 17806 
Tx 0.5383 2 6 3 5568 
Tx 0.5383 2 4 3 19698 
Tx 0.5384 2 2 3 1224 
Tx 0.5385 2 2 3 2470 
Tx 0.5385 2 4 3 2925 
Tx 0.5386 2 2 3 5568 
Tx 0.5387 2 6 3 6809 
Tx 0.5387 2 2 3 6187 
Tx 0.5388 2 2 3 5568 
Tx 0.5388 2 6 3 6187 
Tx 0.5389 2 2 3 5568 
Tx 0.5389 2 6 3 6187 
Tx 0.539 2 2 3 4949 
Tx 0.539 2 6 3 5568 
Tx 0.5391 2 2 3 5568 
Tx 0.5391 2 6 3 6187 
Tx 0.5392 2 2 3 3711 
Tx 0.5392 2 3 3 305 
Tx 0.5392 2 6 3 3703 
Tx 0.5393 2 2 3 3711 
Tx 0.5393 2 3 3 356 
Tx 0.5393 2 6 3 3711 
Tx 0.5394 2 6 3 3711 
Tx 0.5394 2 3 3 356 
Tx 0.5395 2 6 3 3711 
Tx 0.5395 2 2 3 3711 
Tx 0.5395 2 3 3 5413 
Tx 0.5396 2 6 3 3711 
Tx 0.5396 2 2 3 1954 
Tx 0.5396 2 3 3 5413 
Tx 0.5397 2 6 3 5568 
Tx 0.5397 2 3 3 7737 
Tx 0.5398 2 6 3 3711 
Tx 0.5398 2 2 3 3711 
Tx 0.5398 2 3 3 4638 
Tx 0.5399 2 6 3 3711 
Tx 0.5399 2 2 3 3711 
Tx 0.5399 2 3 3 4638 
Tx 0.54 2 6 3 2470 
Tx 0.54 2 2 3 2470 
Tx 0.54 2 3 3 3089 
Tx 0.54 2 4 3 7109 
Tx 0.5401 2 6 3 2031 
Tx 0.5401 2 2 3 3089 
Tx 0.5401 2 3 3 3864 
Tx 0.5401 2 4 3 8900 
Tx 0.5402 2 2 3 2470 
Tx 0.5402 2 3 3 3081 
Tx 0.5402 2 4 3 7117 
Tx 0.5403 2 6 3 2470 
Tx 0.5403 2 2 3 2470 
Tx 0.5403 2 3 3 3089 
Tx 0.5403 2 4 3 7117 
Tx 0.5404 2 6 3 3089 
Tx 0.5404 2 3 3 3864 
Tx 0.5404 2 4 3 8900 
Tx 0.5405 2 6 3 1851 
Tx 0.5405 2 1 3 149 
Tx 0.5405 2 2 3 1851 
Tx 0.5405 2 3 3 2314 
Tx 0.5405 2 4 3 5338 
Tx 0.5406 2 6 3 1851 
Tx 0.5406 2 1 3 149 
Tx 0.5406 2 2 3 1851 
Tx 0.5406 2 3 3 2314 
Tx 0.5406 2 4 3 5338 
Tx 0.5407 2 6 3 1411 
Tx 0.5407 2 1 3 149 
Tx 0.5407 2 2 3 1851 
Tx 0.5407 2 3 3 2314 
Tx 0.5407 2 4 3 4021 
Tx 0.5408 2 1 3 10682 
Tx 0.5408 2 2 3 3711 
Tx 0.5408 2 3 3 4638 
Tx 0.5409 2 4 3 1505 
Tx 0.5409 2 1 3 9267 
Tx 0.5409 2 2 3 3711 
Tx 0.5409 2 3 3 4638 
Tx 0.541 2 1 3 5825 
Tx 0.541 2 2 3 3420 
Tx 0.541 2 3 3 6187 
Tx 0.5411 2 6 3 3864 
Tx 0.5411 2 1 3 2914 
Tx 0.5411 2 3 3 3864 
Tx 0.5412 2 1 3 4369 
Tx 0.5413 2 3 3 4638 
Tx 0.5413 2 6 3 5413 
Tx 0.5414 2 1 3 4369 
Tx 0.5414 2 3 3 4638 
Tx 0.5414 2 6 3 3122 
Tx 0.5415 2 1 3 2914 
Tx 0.5415 2 2 3 3703 
Tx 0.5415 2 3 3 4638 
Tx 0.5416 2 1 3 4369 
Tx 0.5416 2 2 3 685 
Tx 0.5416 2 3 3 6962 
Tx 0.5417 2 1 3 2914 
Tx 0.5417 2 3 3 9286 
Tx 0.5417 2 4 3 4369 
Tx 0.5418 2 4 3 8900 
Tx 0.5418 2 1 3 4369 
Tx 0.5418 2 3 3 3864 
Tx 0.5419 2 4 3 8565 
Tx 0.5419 2 1 3 2914 
Tx 0.5419 2 3 3 6962 
Tx 0.542 2 1 3 1458 
Tx 0.542 2 3 3 7737 
Tx 0.5421 2 1 3 2914 
Tx 0.5421 2 2 3 1458 
Tx 0.5421 2 3 3 5413 
Tx 0.5422 2 1 3 8900 
Tx 0.5422 2 2 3 3089 
Tx 0.5423 2 1 3 8900 
Tx 0.5423 2 2 3 3089 
Tx 0.5423 2 3 3 3864 
Tx 0.5424 2 1 3 10682 
Tx 0.5424 2 2 3 3711 
Tx 0.5424 2 3 3 4638 
Tx 0.5425 2 3 3 4638 
Tx 0.5426 2 3 3 3864 
Tx 0.5426 2 4 3 12 
Tx 0.5426 2 1 3 8900 
Tx 0.5426 2 2 3 3089 
Tx 0.5427 2 3 3 3089 
Tx 0.5427 2 4 3 7117 
Tx 0.5427 2 1 3 7117 
Tx 0.5427 2 2 3 2470 
Tx 0.5428 2 3 3 3864 
Tx 0.5428 2 4 3 1623 
Tx 0.5428 2 1 3 8900 
Tx 0.5428 2 2 3 3089 
Tx 0.5429 2 3 3 3089 
Tx 0.5429 2 4 3 7117 
Tx 0.5429 2 1 3 7117 
Tx 0.5429 2 2 3 2470 
Tx 0.543 2 3 3 3089 
Tx 0.543 2 4 3 7117 
Tx 0.543 2 1 3 7117 
Tx 0.543 2 2 3 2470 
Tx 0.5431 2 3 3 2314 
Tx 0.5431 2 4 3 5338 
Tx 0.5431 2 6 3 2306 
Tx 0.5431 2 1 3 5338 
Tx 0.5431 2 2 3 1851 
Tx 0.5432 2 4 3 5338 
Tx 0.5432 2 6 3 2314 
Tx 0.5432 2 1 3 5338 
Tx 0.5432 2 2 3 1851 
Tx 0.5433 2 3 3 2314 
Tx 0.5433 2 4 3 5338 
Tx 0.5433 2 6 3 2314 
Tx 0.5433 2 1 3 5338 
Tx 0.5433 2 2 3 1851 
Tx 0.5434 2 3 3 2314 
Tx 0.5434 2 4 3 5338 
Tx 0.5434 2 6 3 1851 
Tx 0.5434 2 1 3 5338 
Tx 0.5434 2 2 3 1851 
Tx 0.5435 2 3 3 2314 
Tx 0.5435 2 4 3 5338 
Tx 0.5436 2 3 3 2314 
Tx 0.5436 2 6 3 1851 
Tx 0.5436 2 1 3 5338 
Tx 0.5436 2 2 3 1851 
Tx 0.5437 2 3 3 2314 
Tx 0.5437 2 4 3 5338 
Tx 0.5437 2 1 3 5338 
Tx 0.5437 2 2 3 1851 
Tx 0.5438 2 3 3 2314 
Tx 0.5438 2 4 3 5338 
Tx 0.5438 2 6 3 1851 
Tx 0.5438 2 1 3 5338 
Tx 0.5438 2 2 3 1851 
Tx 0.5439 2 3 3 2314 
Tx 0.5439 2 4 3 2743 
Tx 0.5439 2 6 3 1851 
Tx 0.5439 2 1 3 321 
Tx 0.5439 2 2 3 1851 
Tx 0.544 2 3 3 3864 
Tx 0.544 2 6 3 3089 
Tx 0.544 2 2 3 3089 
Tx 0.5441 2 3 3 3089 
Tx 0.5441 2 2 3 2470 
Tx 0.5442 2 6 3 2470 
Tx 0.5442 2 2 3 2470 
Tx 0.5443 2 3 3 110 
Tx 0.5443 2 6 3 5568 
Tx 0.5443 2 2 3 5568 
Tx 0.5444 2 6 3 4949 
Tx 0.5444 2 2 3 6187 
Tx 0.5445 2 6 3 7428 
Tx 0.5446 2 2 3 5568 
Tx 0.5446 2 6 3 6809 
Tx 0.5447 2 1 3 12454 
Tx 0.5447 2 2 3 4330 
Tx 0.5447 2 6 3 4330 
Tx 0.5448 2 1 3 7460 
Tx 0.5448 2 2 3 3711 
Tx 0.5448 2 6 3 3711 
Tx 0.5449 2 2 3 4949 
Tx 0.5449 2 4 3 12454 
Tx 0.5449 2 6 3 4330 
Tx 0.545 2 4 3 12462 
Tx 0.545 2 6 3 4330 
Tx 0.545 2 2 3 4330 
Tx 0.5451 2 2 3 4330 
Tx 0.5451 2 4 3 12462 
Tx 0.5452 2 4 3 10220 
Tx 0.5452 2 6 3 3711 
Tx 0.5452 2 2 3 4330 
Tx 0.5453 2 4 3 7283 
Tx 0.5453 2 6 3 3711 
Tx 0.5453 2 2 3 3711 
Tx 0.5454 2 4 3 2914 
Tx 0.5454 2 6 3 4949 
Tx 0.5454 2 2 3 4949 
Tx 0.5455 2 6 3 7428 
Tx 0.5456 2 2 3 5568 
Tx 0.5456 2 6 3 6187 
Tx 0.5457 2 2 3 4949 
Tx 0.5457 2 4 3 2914 
Tx 0.5457 2 6 3 4949 
Tx 0.5458 2 2 3 5568 
Tx 0.5458 2 6 3 7428 
Tx 0.5459 2 2 3 3711 
Tx 0.5459 2 3 3 3094 
Tx 0.5459 2 6 3 3711 
Tx 0.546 2 2 3 5568 
Tx 0.546 2 6 3 6187 
Tx 0.5461 2 2 3 5568 
Tx 0.5462 2 2 3 5568 
Tx 0.5462 2 6 3 5602 
Tx 0.5463 2 2 3 12353 
Tx 0.5464 2 2 3 5861 
Tx 0.5466 2 4 3 8736 
Tx 0.5467 2 1 3 1473 
Tx 0.5467 2 4 3 11646 
Tx 0.5469 2 2 3 4369 
Tx 0.5471 2 2 3 4369 
Tx 0.5472 2 6 3 7445 
Tx 0.5472 2 2 3 1458 
Tx 0.5474 2 2 3 4369 
Tx 0.5475 2 2 3 4369 
Tx 0.5475 2 4 3 10193 
Tx 0.5477 2 4 3 14555 
Tx 0.5478 2 4 3 5338 
Tx 0.5478 2 2 3 1100 
Tx 0.5479 2 4 3 6319 
Tx 0.548 2 4 3 3555 
Tx 0.5481 2 4 3 6640 
Tx 0.5481 2 6 3 5568 
Tx 0.5481 2 2 3 5568 
Tx 0.5482 2 4 3 5825 
Tx 0.5482 2 2 3 6809 
Tx 0.5483 2 6 3 7539 
Tx 0.5483 2 2 3 2549 
Tx 0.5484 2 2 3 1458 
Tx 0.5485 2 6 3 9286 
Tx 0.5486 2 6 3 2365 
Tx 0.5486 2 2 3 4369 
Tx 0.5488 2 6 3 2914 
Tx 0.5489 2 2 3 7280 
Tx 0.5492 2 2 3 6809 
Tx 0.5493 2 6 3 10060 
Tx 0.5493 2 2 3 4840 
Tx 0.5494 2 6 3 11777 
Tx 0.5495 2 2 3 4373 
Tx 0.5495 2 6 3 10060 
Tx 0.5496 2 2 3 7428 
Tx 0.5496 2 6 3 7417 
Tx 0.5497 2 6 3 4369 
Tx 0.5498 2 2 3 2217 
Tx 0.5498 2 4 3 28487 
Tx 0.5499 2 2 3 5568 
Tx 0.5499 2 4 3 16027 
Tx 0.55 2 2 3 5568 
Tx 0.55 2 4 3 13714 
Tx 0.5501 2 6 3 5413 
Tx 0.5501 2 2 3 4330 
Tx 0.5501 2 4 3 12462 
Tx 0.5502 2 2 3 9908 
Tx 0.5502 2 4 3 645 
Tx 0.5503 2 6 3 13159 
Tx 0.5503 2 2 3 1389 
Tx 0.5504 2 2 3 6187 
Tx 0.5504 2 6 3 7626 
Tx 0.5505 2 6 3 5839 
Tx 0.5505 2 2 3 5568 
Tx 0.5506 2 4 3 2920 
Tx 0.5506 2 6 3 8511 
Tx 0.5506 2 2 3 4276 
Tx 0.5507 2 6 3 1685 
Tx 0.5508 2 6 3 6962 
Tx 0.5508 2 2 3 6187 
Tx 0.5509 2 6 3 322 
Tx 0.5509 2 2 3 8370 
Tx 0.5512 2 2 3 9286 
Tx 0.5513 2 2 3 13003 
Tx 0.5514 2 2 3 2454 
Tx 0.5515 2 4 3 18916 
Tx 0.5518 2 2 3 8756 
Tx 0.5519 2 2 3 1458 
Tx 0.5521 2 2 3 4369 
Tx 0.5521 2 6 3 8667 
Tx 0.5522 2 2 3 5825 
Tx 0.5524 2 4 3 26194 
Tx 0.5526 2 4 3 3547 
Tx 0.5527 2 4 3 12487 
Tx 0.5528 2 4 3 7284 
Tx 0.5529 2 4 3 4369 
Tx 0.553 2 4 3 1458 
Tx 0.553 2 6 3 6809 
Tx 0.553 2 2 3 6179 
Tx 0.5531 2 2 3 5568 
Tx 0.5531 2 6 3 7428 
Tx 0.5532 2 2 3 4265 
Tx 0.5533 2 2 3 5835 
Tx 0.5533 2 6 3 6071 
Tx 0.5534 2 6 3 10343 
Tx 0.5535 2 6 3 2916 
Tx 0.5538 2 2 3 7280 
Tx 0.5542 2 2 3 4369 
Tx 0.5543 2 2 3 5568 
Tx 0.5543 2 6 3 7420 
Tx 0.5544 2 2 3 6809 
Tx 0.5544 2 6 3 6809 
Tx 0.5545 2 2 3 6551 
Tx 0.5545 2 6 3 6809 
Tx 0.5546 2 6 3 13003 
Tx 0.5547 2 4 3 8736 
Tx 0.5547 2 6 3 9614 
Tx 0.5548 2 4 3 16027 
Tx 0.5548 2 2 3 6187 
Tx 0.5549 2 4 3 10682 
Tx 0.5549 2 6 3 3711 
Tx 0.5549 2 2 3 3711 
Tx 0.555 2 4 3 14244 
Tx 0.555 2 6 3 694 
Tx 0.555 2 2 3 6187 
Tx 0.5551 2 2 3 6187 
Tx 0.5551 2 4 3 17806 
Tx 0.5552 2 4 3 2353 
Tx 0.5553 2 2 3 6809 
Tx 0.5554 2 6 3 6962 
Tx 0.5554 2 2 3 6187 
Tx 0.5555 2 4 3 4410 
Tx 0.5555 2 6 3 6187 
Tx 0.5555 2 2 3 4949 
Tx 0.5556 2 6 3 7737 
Tx 0.5556 2 2 3 6187 
Tx 0.5557 2 2 3 5568 
Tx 0.5557 2 6 3 9286 
Tx 0.5558 2 2 3 5568 
Tx 0.5558 2 6 3 9286 
Tx 0.5559 2 2 3 731 
Tx 0.5559 2 6 3 5661 
Tx 0.556 2 2 3 12384 
Tx 0.5561 2 2 3 5081 
Tx 0.5564 2 6 3 30 
Tx 0.5564 2 2 3 12 
Tx 0.5564 2 4 3 17462 
Tx 0.5567 2 2 3 13625 
Tx 0.5568 2 2 3 9670 
Tx 0.557 2 2 3 7280 
Tx 0.557 2 6 3 7280 
Tx 0.5573 2 4 3 32009 
Tx 0.5575 2 4 3 3555 
Tx 0.5576 2 4 3 21209 
Tx 0.5577 2 4 3 1471 
Tx 0.5579 2 2 3 6809 
Tx 0.5579 2 6 3 8503 
Tx 0.558 2 2 3 8048 
Tx 0.558 2 6 3 6052 
Tx 0.5581 2 2 3 6980 
Tx 0.5585 2 6 3 14708 
Tx 0.5586 2 6 3 5672 
Tx 0.5587 2 2 3 4377 
Tx 0.5588 2 2 3 2914 
Tx 0.5592 2 6 3 12995 
Tx 0.5593 2 2 3 5568 
Tx 0.5593 2 6 3 7428 
Tx 0.5594 2 2 3 3172 
Tx 0.5594 2 6 3 9908 
Tx 0.5595 2 2 3 6809 
Tx 0.5595 2 6 3 6809 
Tx 0.5596 2 2 3 6809 
Tx 0.5596 2 6 3 6809 
Tx 0.5597 2 4 3 12462 
Tx 0.5597 2 6 3 4119 
Tx 0.5598 2 2 3 4949 
Tx 0.5598 2 4 3 14244 
Tx 0.5598 2 6 3 1462 
Tx 0.5599 2 2 3 5568 
Tx 0.5599 2 4 3 17806 
Tx 0.56 2 4 3 16027 
Tx 0.56 2 2 3 6187 
Tx 0.5601 2 4 3 7854 
Tx 0.5601 2 5 3 305 
Tx 0.5601 2 2 3 3711 
Tx 0.5602 2 5 3 460 
Tx 0.5602 2 2 3 6187 
Tx 0.5603 2 4 3 5861 
Tx 0.5603 2 5 3 253 
Tx 0.5603 2 6 3 3081 
Tx 0.5603 2 2 3 3089 
Tx 0.5604 2 5 3 7448 
Tx 0.5604 2 6 3 4330 
Tx 0.5604 2 2 3 3711 
Tx 0.5605 2 2 3 3711 
Tx 0.5605 2 5 3 7448 
Tx 0.5605 2 6 3 4330 
Tx 0.5606 2 2 3 3711 
Tx 0.5606 2 5 3 6382 
Tx 0.5606 2 6 3 3711 
Tx 0.5607 2 5 3 6382 
Tx 0.5607 2 6 3 4330 
Tx 0.5608 2 2 3 3711 
Tx 0.5608 2 5 3 6382 
Tx 0.5608 2 6 3 3711 
Tx 0.5609 2 2 3 3089 
Tx 0.5609 2 5 3 5319 
Tx 0.5609 2 6 3 3089 
Tx 0.561 2 2 3 3089 
Tx 0.561 2 5 3 5319 
Tx 0.561 2 6 3 3089 
Tx 0.5611 2 2 3 2470 
Tx 0.5611 2 5 3 4244 
Tx 0.5611 2 6 3 2470 
Tx 0.5612 2 2 3 2470 
Tx 0.5612 2 5 3 4252 
Tx 0.5612 2 6 3 2470 
Tx 0.5613 2 2 3 2470 
Tx 0.5613 2 4 3 7117 
Tx 0.5613 2 5 3 4252 
Tx 0.5614 2 2 3 2470 
Tx 0.5614 2 4 3 7117 
Tx 0.5614 2 5 3 4252 
Tx 0.5614 2 6 3 2470 
Tx 0.5615 2 2 3 2470 
Tx 0.5615 2 4 3 1780 
Tx 0.5615 2 5 3 4252 
Tx 0.5615 2 6 3 2470 
Tx 0.5616 2 2 3 3711 
Tx 0.5616 2 5 3 6382 
Tx 0.5616 2 6 3 1668 
Tx 0.5617 2 5 3 7448 
Tx 0.5618 2 5 3 6382 
Tx 0.5618 2 2 3 3711 
Tx 0.5619 2 5 3 5319 
Tx 0.5619 2 6 3 3864 
Tx 0.5619 2 2 3 3089 
Tx 0.562 2 5 3 6382 
Tx 0.562 2 6 3 4638 
Tx 0.562 2 2 3 3711 
Tx 0.5621 2 2 3 4949 
Tx 0.5621 2 6 3 2740 
Tx 0.5622 2 2 3 4330 
Tx 0.5622 2 4 3 12454 
Tx 0.5622 2 5 3 7448 
Tx 0.5623 2 2 3 3711 
Tx 0.5623 2 4 3 10682 
Tx 0.5623 2 5 3 6382 
Tx 0.5624 2 2 3 3711 
Tx 0.5624 2 4 3 10682 
Tx 0.5624 2 5 3 6382 
Tx 0.5625 2 2 3 4330 
Tx 0.5625 2 4 3 12462 
Tx 0.5625 2 5 3 7448 
Tx 0.5626 2 4 3 10682 
Tx 0.5626 2 5 3 6382 
Tx 0.5626 2 2 3 3711 
Tx 0.5627 2 4 3 2729 
Tx 0.5627 2 5 3 14902 
Tx 0.5628 2 2 3 3711 
Tx 0.5628 2 5 3 7448 
Tx 0.5628 2 6 3 5405 
Tx 0.5629 2 2 3 3711 
Tx 0.5629 2 5 3 6382 
Tx 0.5629 2 6 3 4638 
Tx 0.563 2 2 3 4949 
Tx 0.563 2 5 3 8511 
Tx 0.563 2 6 3 3064 
Tx 0.5631 2 2 3 5568 
Tx 0.5632 2 2 3 9180 
Tx 0.5632 2 5 3 3051 
Tx 0.5633 2 5 3 13232 
Tx 0.5633 2 4 3 22 
Tx 0.5634 2 6 3 15483 
Tx 0.5635 2 6 3 4898 
Tx 0.5636 2 2 3 4389 
Tx 0.5641 2 6 3 4384 
Tx 0.5642 2 6 3 8511 
Tx 0.5642 2 2 3 6809 
Tx 0.5643 2 6 3 8511 
Tx 0.5643 2 2 3 6809 
Tx 0.5644 2 6 3 8511 
Tx 0.5644 2 2 3 6809 
Tx 0.5645 2 6 3 8511 
Tx 0.5645 2 2 3 6809 
Tx 0.5646 2 6 3 5413 
Tx 0.5646 2 2 3 3349 
Tx 0.5646 2 4 3 12454 
Tx 0.5647 2 6 3 4638 
Tx 0.5647 2 4 3 12462 
Tx 0.5648 2 6 3 3948 
Tx 0.5648 2 2 3 3711 
Tx 0.5648 2 4 3 12462 
Tx 0.5649 2 2 3 5568 
Tx 0.5649 2 4 3 17806 
Tx 0.565 2 4 3 11767 
Tx 0.565 2 2 3 7428 
Tx 0.5651 2 4 3 7303 
Tx 0.5651 2 2 3 6187 
Tx 0.5652 2 6 3 20 
Tx 0.5652 2 2 3 1232 
Tx 0.5653 2 5 3 8 
Tx 0.5653 2 2 3 11765 
Tx 0.5654 2 2 3 521 
Tx 0.5655 2 2 3 2918 
Tx 0.5655 2 6 3 11646 
Tx 0.5656 2 2 3 3089 
Tx 0.5656 2 6 3 2916 
Tx 0.5657 2 6 3 13159 
Tx 0.5658 2 2 3 4949 
Tx 0.5658 2 6 3 4314 
Tx 0.5659 2 2 3 3617 
Tx 0.5659 2 6 3 1458 
Tx 0.5661 2 2 3 2470 
Tx 0.5662 2 2 3 1904 
Tx 0.5662 2 4 3 8736 
Tx 0.5663 2 4 3 5825 
Tx 0.5663 2 6 3 7280 
Tx 0.5664 2 2 3 7280 
Tx 0.5668 2 6 3 8736 
Tx 0.5669 2 2 3 11146 
Tx 0.5669 2 6 3 1458 
Tx 0.567 2 2 3 12147 
Tx 0.5671 2 4 3 8736 
Tx 0.5672 2 4 3 26186 
Tx 0.5673 2 2 3 11146 
Tx 0.5673 2 4 3 5842 
Tx 0.5674 2 4 3 18916 
Tx 0.5674 2 2 3 1959 
Tx 0.5675 2 2 3 2920 
Tx 0.5677 2 6 3 13100 
Tx 0.5679 2 2 3 12384 
Tx 0.568 2 2 3 2173 
Tx 0.5682 2 2 3 8742 
Tx 0.5683 2 6 3 13625 
Tx 0.5684 2 6 3 6187 
Tx 0.5684 2 2 3 5825 
Tx 0.5685 2 6 3 2035 
Tx 0.569 2 6 3 8736 
Tx 0.5691 2 6 3 11765 
Tx 0.5691 2 2 3 1458 
Tx 0.5692 2 2 3 6809 
Tx 0.5692 2 6 3 6809 
Tx 0.5693 2 2 3 6809 
Tx 0.5693 2 6 3 8511 
Tx 0.5694 2 2 3 5568 
Tx 0.5694 2 4 3 12 
Tx 0.5694 2 6 3 9286 
Tx 0.5695 2 2 3 4330 
Tx 0.5695 2 4 3 12462 
Tx 0.5695 2 6 3 4397 
Tx 0.5696 2 2 3 3711 
Tx 0.5696 2 4 3 10682 
Tx 0.5696 2 6 3 2920 
Tx 0.5697 2 2 3 5568 
Tx 0.5697 2 4 3 17806 
Tx 0.5698 2 2 3 4949 
Tx 0.5698 2 4 3 16027 
Tx 0.5699 2 4 3 17806 
Tx 0.57 2 2 3 11146 
Tx 0.57 2 4 3 900 
Tx 0.5701 2 2 3 11765 
Tx 0.5702 2 2 3 7794 
Tx 0.5703 2 2 3 2914 
Tx 0.5704 2 6 3 16008 
Tx 0.5705 2 2 3 4369 
Tx 0.5705 2 4 3 31 
Tx 0.5708 2 2 3 5825 
Tx 0.571 2 6 3 6962 
Tx 0.571 2 2 3 2914 
Tx 0.5711 2 2 3 4330 
Tx 0.5711 2 4 3 12462 
Tx 0.5712 2 2 3 2954 
Tx 0.5712 2 4 3 2095 
Tx 0.5712 2 6 3 5413 
Tx 0.5713 2 6 3 368 
Tx 0.5716 2 6 3 15483 
Tx 0.5717 2 6 3 8172 
Tx 0.5718 2 2 3 13625 
Tx 0.5719 2 2 3 8215 
Tx 0.572 2 4 3 39176 
Tx 0.5721 2 4 3 3010 
Tx 0.5722 2 2 3 12376 
Tx 0.5723 2 2 3 6541 
Tx 0.5725 2 6 3 20 
Tx 0.5726 2 6 3 11646 
Tx 0.5729 2 2 3 13625 
Tx 0.573 2 2 3 3089 
Tx 0.5731 2 2 3 12417 
Tx 0.5732 2 6 3 13625 
Tx 0.5733 2 6 3 11127 
Tx 0.5738 2 2 3 6 
Tx 0.5739 2 6 3 8738 
Tx 0.574 2 6 3 6809 
Tx 0.574 2 2 3 6187 
Tx 0.574 2 4 3 41 
Tx 0.5741 2 2 3 6809 
Tx 0.5741 2 6 3 6809 
Tx 0.5742 2 2 3 4949 
Tx 0.5742 2 4 3 8736 
Tx 0.5742 2 6 3 5568 
Tx 0.5743 2 2 3 4330 
Tx 0.5743 2 4 3 12462 
Tx 0.5743 2 6 3 4330 
Tx 0.5744 2 4 3 12462 
Tx 0.5744 2 6 3 4330 
Tx 0.5744 2 2 3 4330 
Tx 0.5745 2 2 3 3711 
Tx 0.5745 2 4 3 10682 
Tx 0.5745 2 6 3 4330 
Tx 0.5746 2 2 3 3711 
Tx 0.5746 2 4 3 10682 
Tx 0.5746 2 6 3 3711 
Tx 0.5747 2 2 3 3711 
Tx 0.5747 2 4 3 10682 
Tx 0.5747 2 6 3 3711 
Tx 0.5748 2 4 3 12462 
Tx 0.5748 2 6 3 4083 
Tx 0.5749 2 2 3 6809 
Tx 0.5749 2 4 3 14972 
Tx 0.575 2 6 3 25 
Tx 0.575 2 2 3 10793 
Tx 0.5751 2 4 3 47 
Tx 0.5753 2 6 3 11765 
Tx 0.5754 2 2 3 9908 
Tx 0.5754 2 6 3 2792 
Tx 0.5755 2 2 3 11929 
Tx 0.5757 2 2 3 8751 
Tx 0.5759 2 2 3 6801 
Tx 0.5759 2 6 3 6809 
Tx 0.576 2 2 3 483 
Tx 0.576 2 4 3 4369 
Tx 0.5765 2 6 3 12384 
Tx 0.5766 2 6 3 13625 
Tx 0.5767 2 6 3 3592 
Tx 0.5767 2 2 3 9908 
Tx 0.5768 2 2 3 11929 
Tx 0.5769 2 4 3 39184 
Tx 0.577 2 4 3 14631 
Tx 0.5771 2 2 3 12376 
Tx 0.5772 2 2 3 6543 
Tx 0.5774 2 6 3 1458 
Tx 0.5778 2 2 3 13003 
Tx 0.5778 2 4 3 49 
Tx 0.5779 2 2 3 6809 
Tx 0.5779 2 6 3 7737 
Tx 0.578 2 6 3 8511 
Tx 0.578 2 2 3 6809 
Tx 0.5781 2 6 3 13159 
Tx 0.5782 2 6 3 6985 
Tx 0.5787 2 2 3 6886 
Tx 0.5788 2 6 3 4382 
Tx 0.5788 2 2 3 2914 
Tx 0.5789 2 2 3 5568 
Tx 0.5789 2 4 3 2914 
Tx 0.5789 2 6 3 8511 
Tx 0.579 2 2 3 4949 
Tx 0.579 2 4 3 7280 
Tx 0.579 2 6 3 6962 
Tx 0.5791 2 4 3 12462 
Tx 0.5791 2 6 3 5413 
Tx 0.5792 2 4 3 10682 
Tx 0.5792 2 6 3 4638 
Tx 0.5792 2 2 3 3711 
Tx 0.5793 2 4 3 11797 
Tx 0.5793 2 6 3 5413 
Tx 0.5793 2 2 3 4330 
Tx 0.5794 2 4 3 10682 
Tx 0.5794 2 6 3 4638 
Tx 0.5794 2 2 3 3711 
Tx 0.5795 2 4 3 10682 
Tx 0.5795 2 6 3 4638 
Tx 0.5795 2 2 3 3711 
Tx 0.5796 2 4 3 10682 
Tx 0.5796 2 6 3 4638 
Tx 0.5796 2 2 3 3711 
Tx 0.5797 2 4 3 5816 
Tx 0.5797 2 6 3 3218 
Tx 0.5797 2 2 3 4330 
Tx 0.5798 2 4 3 11646 
Tx 0.5798 2 2 3 5568 
Tx 0.5799 2 2 3 8473 
Tx 0.58 2 4 3 5 
Tx 0.5802 2 6 3 8511 
Tx 0.5802 2 2 3 6179 
Tx 0.5803 2 2 3 4330 
Tx 0.5803 2 3 3 356 
Tx 0.5803 2 6 3 5413 
Tx 0.5804 2 3 3 460 
Tx 0.5804 2 6 3 636 
Tx 0.5804 2 2 3 6187 
Tx 0.5805 2 3 3 460 
Tx 0.5805 2 2 3 7428 
Tx 0.5806 2 3 3 6962 
Tx 0.5806 2 2 3 6187 
Tx 0.5807 2 3 3 5413 
Tx 0.5807 2 2 3 3711 
Tx 0.5808 2 2 3 4330 
Tx 0.5808 2 3 3 5413 
Tx 0.5809 2 6 3 1880 
Tx 0.5809 2 2 3 990 
Tx 0.5809 2 3 3 4638 
Tx 0.5809 2 4 3 4369 
Tx 0.581 2 3 3 15483 
Tx 0.5811 2 3 3 3051 
Tx 0.5812 2 3 3 7291 
Tx 0.5813 2 2 3 6 
Tx 0.5813 2 3 3 1458 
Tx 0.5814 2 6 3 10527 
Tx 0.5814 2 3 3 2914 
Tx 0.5815 2 3 3 4369 
Tx 0.5815 2 6 3 9286 
Tx 0.5816 2 3 3 4369 
Tx 0.5816 2 6 3 3711 
Tx 0.5816 2 1 3 253 
Tx 0.5816 2 2 3 3089 
Tx 0.5817 2 1 3 253 
Tx 0.5817 2 2 3 3089 
Tx 0.5817 2 3 3 3864 
Tx 0.5817 2 6 3 3089 
Tx 0.5818 2 1 3 149 
Tx 0.5818 2 2 3 1851 
Tx 0.5818 2 3 3 1965 
Tx 0.5818 2 4 3 5330 
Tx 0.5819 2 1 3 7117 
Tx 0.5819 2 2 3 2470 
Tx 0.5819 2 3 3 3089 
Tx 0.5819 2 4 3 7117 
Tx 0.5819 2 6 3 2470 
Tx 0.582 2 1 3 7117 
Tx 0.582 2 2 3 2470 
Tx 0.582 2 3 3 1284 
Tx 0.582 2 4 3 7117 
Tx 0.582 2 6 3 2470 
Tx 0.5821 2 1 3 7117 
Tx 0.5821 2 2 3 2470 
Tx 0.5821 2 4 3 7117 
Tx 0.5821 2 6 3 2470 
Tx 0.5822 2 1 3 7117 
Tx 0.5822 2 2 3 2470 
Tx 0.5822 2 3 3 3089 
Tx 0.5822 2 4 3 7117 
Tx 0.5822 2 6 3 124 
Tx 0.5823 2 1 3 5338 
Tx 0.5823 2 4 3 5338 
Tx 0.5823 2 6 3 1851 
Tx 0.5824 2 1 3 5338 
Tx 0.5824 2 2 3 1851 
Tx 0.5824 2 3 3 2314 
Tx 0.5824 2 4 3 5338 
Tx 0.5824 2 6 3 1473 
Tx 0.5825 2 1 3 7117 
Tx 0.5825 2 2 3 2470 
Tx 0.5825 2 3 3 3089 
Tx 0.5825 2 4 3 2087 
Tx 0.5826 2 1 3 7109 
Tx 0.5826 2 2 3 2470 
Tx 0.5826 2 3 3 3089 
Tx 0.5827 2 1 3 4244 
Tx 0.5827 2 2 3 2470 
Tx 0.5827 2 3 3 3089 
Tx 0.5827 2 4 3 7117 
Tx 0.5828 2 1 3 1458 
Tx 0.5828 2 2 3 2470 
Tx 0.5828 2 3 3 3089 
Tx 0.5829 2 1 3 4369 
Tx 0.5829 2 2 3 2470 
Tx 0.5829 2 3 3 3089 
Tx 0.5829 2 6 3 2470 
Tx 0.583 2 1 3 4369 
Tx 0.583 2 2 3 2470 
Tx 0.583 2 3 3 3089 
Tx 0.583 2 6 3 2470 
Tx 0.5831 2 1 3 7117 
Tx 0.5831 2 2 3 2470 
Tx 0.5831 2 3 3 3089 
Tx 0.5831 2 6 3 2470 
Tx 0.5832 2 1 3 5989 
Tx 0.5832 2 2 3 2470 
Tx 0.5832 2 3 3 3089 
Tx 0.5832 2 6 3 1851 
Tx 0.5833 2 6 3 3089 
Tx 0.5833 2 1 3 5825 
Tx 0.5834 2 6 3 3089 
Tx 0.5834 2 2 3 2470 
Tx 0.5834 2 3 3 3089 
Tx 0.5835 2 6 3 2314 
Tx 0.5835 2 1 3 2914 
Tx 0.5835 2 2 3 1851 
Tx 0.5835 2 3 3 2314 
Tx 0.5836 2 6 3 2314 
Tx 0.5836 2 2 3 1851 
Tx 0.5836 2 3 3 2314 
Tx 0.5837 2 6 3 3089 
Tx 0.5837 2 1 3 7117 
Tx 0.5837 2 2 3 2470 
Tx 0.5837 2 3 3 2314 
Tx 0.5838 2 3 3 2314 
Tx 0.5838 2 1 3 4534 
Tx 0.5838 2 2 3 1232 
Tx 0.5839 2 2 3 1851 
Tx 0.5839 2 3 3 2314 
Tx 0.5839 2 4 3 5338 
Tx 0.5839 2 6 3 2314 
Tx 0.5839 2 1 3 4369 
Tx 0.584 2 2 3 1851 
Tx 0.584 2 3 3 2314 
Tx 0.584 2 4 3 5338 
Tx 0.584 2 6 3 2314 
Tx 0.584 2 1 3 2914 
Tx 0.5841 2 2 3 1851 
Tx 0.5841 2 3 3 2314 
Tx 0.5841 2 4 3 5338 
Tx 0.5841 2 6 3 1540 
Tx 0.5841 2 1 3 3555 
Tx 0.5842 2 6 3 2314 
Tx 0.5842 2 1 3 5185 
Tx 0.5842 2 2 3 1851 
Tx 0.5842 2 3 3 2314 
Tx 0.5842 2 4 3 5338 
Tx 0.5843 2 6 3 2314 
Tx 0.5843 2 1 3 2914 
Tx 0.5843 2 4 3 5338 
Tx 0.5844 2 6 3 3089 
Tx 0.5844 2 2 3 2470 
Tx 0.5844 2 3 3 3089 
Tx 0.5844 2 4 3 7117 
Tx 0.5845 2 6 3 2314 
Tx 0.5845 2 1 3 5338 
Tx 0.5845 2 2 3 1851 
Tx 0.5845 2 3 3 2314 
Tx 0.5845 2 4 3 5338 
Tx 0.5846 2 6 3 2314 
Tx 0.5846 2 2 3 1851 
Tx 0.5846 2 3 3 2314 
Tx 0.5846 2 4 3 5338 
Tx 0.5847 2 6 3 2314 
Tx 0.5847 2 1 3 5338 
Tx 0.5847 2 2 3 1851 
Tx 0.5847 2 3 3 2314 
Tx 0.5847 2 4 3 5338 
Tx 0.5848 2 1 3 5338 
Tx 0.5848 2 2 3 1851 
Tx 0.5848 2 3 3 2314 
Tx 0.5849 2 6 3 2314 
Tx 0.5849 2 1 3 5338 
Tx 0.5849 2 2 3 1851 
Tx 0.5849 2 3 3 2314 
Tx 0.5849 2 4 3 5338 
Tx 0.585 2 6 3 3089 
Tx 0.585 2 1 3 7117 
Tx 0.585 2 2 3 2470 
Tx 0.585 2 3 3 3089 
Tx 0.585 2 4 3 7117 
Tx 0.5851 2 6 3 2314 
Tx 0.5851 2 1 3 5338 
Tx 0.5851 2 2 3 1851 
Tx 0.5851 2 3 3 2314 
Tx 0.5851 2 4 3 5338 
Tx 0.5852 2 6 3 2314 
Tx 0.5852 2 1 3 5338 
Tx 0.5852 2 2 3 1851 
Tx 0.5852 2 3 3 2314 
Tx 0.5852 2 4 3 5338 
Tx 0.5853 2 6 3 3089 
Tx 0.5853 2 1 3 635 
Tx 0.5853 2 4 3 7117 
Tx 0.5854 2 6 3 3089 
Tx 0.5854 2 2 3 2470 
Tx 0.5854 2 3 3 3089 
Tx 0.5854 2 4 3 7117 
Tx 0.5855 2 6 3 3089 
Tx 0.5855 2 2 3 2470 
Tx 0.5855 2 3 3 3089 
Tx 0.5855 2 4 3 2305 
Tx 0.5856 2 6 3 3089 
Tx 0.5856 2 2 3 2470 
Tx 0.5856 2 3 3 3089 
Tx 0.5857 2 6 3 3864 
Tx 0.5857 2 1 3 8900 
Tx 0.5857 2 2 3 3089 
Tx 0.5857 2 3 3 3864 
Tx 0.5858 2 1 3 5338 
Tx 0.5858 2 2 3 1851 
Tx 0.5858 2 3 3 2314 
Tx 0.5859 2 6 3 2314 
Tx 0.5859 2 1 3 5338 
Tx 0.5859 2 2 3 1851 
Tx 0.5859 2 3 3 2314 
Tx 0.5859 2 4 3 5338 
Tx 0.586 2 6 3 3089 
Tx 0.586 2 1 3 4718 
Tx 0.586 2 2 3 2470 
Tx 0.586 2 3 3 3089 
Tx 0.586 2 4 3 5889 
Tx 0.5861 2 6 3 4638 
Tx 0.5861 2 2 3 3711 
Tx 0.5861 2 3 3 4638 
Tx 0.5862 2 6 3 4638 
Tx 0.5862 2 2 3 3711 
Tx 0.5862 2 3 3 4638 
