0.000214285 0 1 103368
0.000214285 0 1 103368
0.000214285 0 1 103368
0.000214285 0 1 103368
0.000214285 0 1 103368
0.000214285 0 1 103368
0.00121429 0 1 103357
0.00121429 0 1 103377
0.00121429 0 1 103368
0.00121429 0 1 103379
0.00121429 0 1 103358
0.00121429 0 1 103357
0.00221428 0 1 103346
0.00221428 0 1 103386
0.00221428 0 1 103368
0.00221428 0 1 103390
0.00221428 0 1 103348
0.00221428 0 1 103346
0.00321428 0 1 103335
0.00321428 0 1 103396
0.00321428 0 1 103368
0.00321428 0 1 103401
0.00321428 0 1 103338
0.00321428 0 1 103335
0.00421428 0 1 103324
0.00421428 0 1 103405
0.00421428 0 1 103368
0.00421428 0 1 103412
0.00421428 0 1 103329
0.00421428 0 1 103324
0.00521428 0 1 103313
0.00521428 0 1 103415
0.00521428 0 1 103368
0.00521428 0 1 103423
0.00521428 0 1 103319
0.00521428 0 1 103313
0.00621428 0 1 103302
0.00621428 0 1 103424
0.00621428 0 1 103368
0.00621428 0 1 103434
0.00621428 0 1 103309
0.00621428 0 1 103302
0.00721428 6 1 103291
0.00721428 2 1 103433
0.00721428 3 1 103368
0.00721428 5 1 103446
0.00721428 4 1 103299
0.00721428 1 1 103291
0.00821428 6 1 103280
0.00821428 2 1 103443
0.00821428 3 1 103368
0.00821428 5 1 103457
0.00821428 4 1 103290
0.00821428 1 1 103280
0.00921428 6 1 103269
0.00921428 2 1 103452
0.00921428 3 1 103369
0.00921428 5 1 103468
0.00921428 4 1 103280
0.00921428 1 1 103269
0.0102143 6 1 103259
0.0102143 2 1 103461
0.0102143 3 1 103369
0.0102143 5 1 103479
0.0102143 4 1 103270
0.0102143 1 1 103258
0.0112143 6 1 103248
0.0112143 2 1 103471
0.0112143 3 1 103369
0.0112143 5 1 103490
0.0112143 4 1 103260
0.0112143 1 1 103247
0.0122143 6 1 103237
0.0122143 2 1 103480
0.0122143 3 1 103369
0.0122143 5 1 103501
0.0122143 4 1 103251
0.0122143 1 1 103236
0.0132143 6 1 103226
0.0132143 2 1 103490
0.0132143 3 1 103369
0.0132143 5 1 103512
0.0132143 4 1 103241
0.0132143 1 1 103225
0.0142143 6 1 103215
0.0142143 2 1 103499
0.0142143 3 1 103369
0.0142143 5 1 103524
0.0142143 4 1 103231
0.0142143 1 1 103214
0.0152143 6 1 103204
0.0152143 2 1 103508
0.0152143 3 1 103369
0.0152143 5 1 103535
0.0152143 4 1 103222
0.0152143 1 1 103203
0.0162143 6 1 103193
0.0162143 2 1 103518
0.0162143 3 1 103369
0.0162143 5 1 103546
0.0162143 4 1 103212
0.0162143 1 1 103192
0.0172143 6 1 103182
0.0172143 2 1 103527
0.0172143 3 1 103369
0.0172143 5 1 103557
0.0172143 4 1 103202
0.0172143 1 1 103181
0.0182143 6 1 103171
0.0182143 2 1 103537
0.0182143 3 1 103369
0.0182143 5 1 103568
0.0182143 4 1 103192
0.0182143 1 1 103170
0.0192143 6 1 103160
0.0192143 2 1 103546
0.0192143 3 1 103369
0.0192143 5 1 103579
0.0192143 4 1 103183
0.0192143 1 1 103159
0.0202143 6 1 103150
0.0202143 2 1 103555
0.0202143 3 1 103370
0.0202143 5 1 103590
0.0202143 4 1 103173
0.0202143 1 1 103148
0.0212143 6 1 103139
0.0212143 2 1 103565
0.0212143 3 1 103370
0.0212143 5 1 103602
0.0212143 4 1 103163
0.0212143 1 1 103137
0.0222143 6 1 103128
0.0222143 2 1 103574
0.0222143 3 1 103370
0.0222143 5 1 103613
0.0222143 4 1 103153
0.0222143 1 1 103126
0.0232143 6 1 103117
0.0232143 2 1 103584
0.0232143 3 1 103370
0.0232143 5 1 103624
0.0232143 4 1 103144
0.0232143 1 1 103115
0.0242143 6 1 103106
0.0242143 2 1 103593
0.0242143 3 1 103370
0.0242143 5 1 103635
0.0242143 4 1 103134
0.0242143 1 1 103104
0.0252143 6 1 103095
0.0252143 2 1 103602
0.0252143 3 1 103370
0.0252143 5 1 103646
0.0252143 4 1 103124
0.0252143 1 1 103093
0.0262143 6 1 103084
0.0262143 2 1 103612
0.0262143 3 1 103370
0.0262143 5 1 103657
0.0262143 4 1 103115
0.0262143 1 1 103082
0.0272143 6 1 103073
0.0272143 2 1 103621
0.0272143 3 1 103370
0.0272143 5 1 103669
0.0272143 4 1 103105
0.0272143 1 1 103071
0.0282143 6 1 103063
0.0282143 2 1 103631
0.0282143 3 1 103370
0.0282143 5 1 103680
0.0282143 4 1 103095
0.0282143 1 1 103060
0.0292143 6 1 103052
0.0292143 2 1 103640
0.0292143 3 1 103370
0.0292143 5 1 103691
0.0292143 4 1 103085
0.0292143 1 1 103049
0.0302143 6 1 103041
0.0302143 2 1 103649
0.0302143 3 1 103370
0.0302143 5 1 103702
0.0302143 4 1 103076
0.0302143 1 1 103038
0.0312143 6 1 103030
0.0312143 2 1 103659
0.0312143 3 1 103370
0.0312143 5 1 103713
0.0312143 4 1 103066
0.0312143 1 1 103027
0.0322143 6 1 103019
0.0322143 2 1 103668
0.0322143 3 1 103370
0.0322143 5 1 103724
0.0322143 4 1 103056
0.0322143 1 1 103016
0.0332143 6 1 103008
0.0332143 2 1 103678
0.0332143 3 1 103370
0.0332143 5 1 103736
0.0332143 4 1 103047
0.0332143 1 1 103005
0.0342143 6 1 102997
0.0342143 2 1 103687
0.0342143 3 1 103371
0.0342143 5 1 103747
0.0342143 4 1 103037
0.0342143 1 1 102994
0.0352143 6 1 102986
0.0352143 2 1 103696
0.0352143 3 1 103371
0.0352143 5 1 103758
0.0352143 4 1 103027
0.0352143 1 1 102983
0.0362143 6 1 102976
0.0362143 2 1 103706
0.0362143 3 1 103371
0.0362143 5 1 103769
0.0362143 4 1 103017
0.0362143 1 1 102972
0.0372143 6 1 102965
0.0372143 2 1 103715
0.0372143 3 1 103371
0.0372143 5 1 103780
0.0372143 4 1 103008
0.0372143 1 1 102961
0.0382143 6 1 102954
0.0382143 2 1 103725
0.0382143 3 1 103371
0.0382143 5 1 103791
0.0382143 4 1 102998
0.0382143 1 1 102950
0.0392143 6 1 102943
0.0392143 2 1 103734
0.0392143 3 1 103371
0.0392143 5 1 103803
0.0392143 4 1 102988
0.0392143 1 1 102939
0.0402143 6 1 102932
0.0402143 2 1 103744
0.0402143 3 1 103371
0.0402143 5 1 103814
0.0402143 4 1 102979
0.0402143 1 1 102928
0.0412143 6 1 102921
0.0412143 2 1 103753
0.0412143 3 1 103371
0.0412143 5 1 103825
0.0412143 4 1 102969
0.0412143 1 1 102917
0.0422143 6 1 102910
0.0422143 2 1 103762
0.0422143 3 1 103371
0.0422143 5 1 103836
0.0422143 4 1 102959
0.0422143 1 1 102906
0.0432143 6 1 102900
0.0432143 2 1 103772
0.0432143 3 1 103371
0.0432143 5 1 103847
0.0432143 4 1 102949
0.0432143 1 1 102895
0.0442143 6 1 102889
0.0442143 2 1 103781
0.0442143 3 1 103371
0.0442143 5 1 103859
0.0442143 4 1 102940
0.0442143 1 1 102885
0.0452143 6 1 102878
0.0452143 2 1 103791
0.0452143 3 1 103371
0.0452143 5 1 103870
0.0452143 4 1 102930
0.0452143 1 1 102874
0.0462143 6 1 102867
0.0462143 2 1 103800
0.0462143 3 1 103371
0.0462143 5 1 103881
0.0462143 4 1 102920
0.0462143 1 1 102863
0.0472143 6 1 102856
0.0472143 2 1 103810
0.0472143 3 1 103371
0.0472143 5 1 103892
0.0472143 4 1 102911
0.0472143 1 1 102852
0.0482143 6 1 102845
0.0482143 2 1 103819
0.0482143 3 1 103371
0.0482143 5 1 103903
0.0482143 4 1 102901
0.0482143 1 1 102841
0.0492143 6 1 102834
0.0492143 2 1 103828
0.0492143 3 1 103371
0.0492143 5 1 103914
0.0492143 4 1 102891
0.0492143 1 1 102830
0.0502143 6 1 102824
0.0502143 2 1 103838
0.0502143 3 1 103371
0.0502143 5 1 103926
0.0502143 4 1 102882
0.0502143 1 1 102819
0.0512143 6 1 102813
0.0512143 2 1 103847
0.0512143 3 1 103371
0.0512143 5 1 103937
0.0512143 4 1 102872
0.0512143 1 1 102808
0.0522143 6 1 102802
0.0522143 2 1 103857
0.0522143 3 1 103371
0.0522143 5 1 103948
0.0522143 4 1 102862
0.0522143 1 1 102797
0.0532143 6 1 102791
0.0532143 2 1 103866
0.0532143 3 1 103371
0.0532143 5 1 103959
0.0532143 4 1 102853
0.0532143 1 1 102786
0.0542143 6 1 102780
0.0542143 2 1 103876
0.0542143 3 1 103372
0.0542143 5 1 103970
0.0542143 4 1 102843
0.0542143 1 1 102775
0.0552143 6 1 102769
0.0552143 2 1 103885
0.0552143 3 1 103372
0.0552143 5 1 103982
0.0552143 4 1 102833
0.0552143 1 1 102764
0.0562143 6 1 102759
0.0562143 2 1 103894
0.0562143 3 1 103372
0.0562143 5 1 103993
0.0562143 4 1 102823
0.0562143 1 1 102753
0.0572143 6 1 102748
0.0572143 2 1 103904
0.0572143 3 1 103372
0.0572143 5 1 104004
0.0572143 4 1 102814
0.0572143 1 1 102742
0.0582143 6 1 102737
0.0582143 2 1 103913
0.0582143 3 1 103372
0.0582143 5 1 104015
0.0582143 4 1 102804
0.0582143 1 1 102731
0.0592143 6 1 102726
0.0592143 2 1 103923
0.0592143 3 1 103372
0.0592143 5 1 104026
0.0592143 4 1 102794
0.0592143 1 1 102720
0.0602143 6 1 102715
0.0602143 2 1 103932
0.0602143 3 1 103372
0.0602143 5 1 104038
0.0602143 4 1 102785
0.0602143 1 1 102709
0.0612143 6 1 102704
0.0612143 2 1 103942
0.0612143 3 1 103372
0.0612143 5 1 104049
0.0612143 4 1 102775
0.0612143 1 1 102699
0.0622143 6 1 102694
0.0622143 2 1 103951
0.0622143 3 1 103372
0.0622143 5 1 104060
0.0622143 4 1 102765
0.0622143 1 1 102688
0.0632143 6 1 102683
0.0632143 2 1 103961
0.0632143 3 1 103372
0.0632143 5 1 104071
0.0632143 4 1 102756
0.0632143 1 1 102677
0.0642143 6 1 102672
0.0642143 2 1 103970
0.0642143 3 1 103372
0.0642143 5 1 104083
0.0642143 4 1 102746
0.0642143 1 1 102666
0.0652143 6 1 102661
0.0652143 2 1 103979
0.0652143 3 1 103372
0.0652143 5 1 104094
0.0652143 4 1 102736
0.0652143 1 1 102655
0.0662143 6 1 102650
0.0662143 2 1 103989
0.0662143 3 1 103372
0.0662143 5 1 104105
0.0662143 4 1 102727
0.0662143 1 1 102644
0.0672143 6 1 102639
0.0672143 2 1 103998
0.0672143 3 1 103372
0.0672143 5 1 104116
0.0672143 4 1 102717
0.0672143 1 1 102633
0.0682143 6 1 102629
0.0682143 2 1 104008
0.0682143 3 1 103372
0.0682143 5 1 104127
0.0682143 4 1 102707
0.0682143 1 1 102622
0.0692143 6 1 102618
0.0692143 2 1 104017
0.0692143 3 1 103372
0.0692143 5 1 104139
0.0692143 4 1 102698
0.0692143 1 1 102611
0.0702143 6 1 102607
0.0702143 2 1 104027
0.0702143 3 1 103372
0.0702143 5 1 104150
0.0702143 4 1 102688
0.0702143 1 1 102600
0.0712143 6 1 102596
0.0712143 2 1 104036
0.0712143 3 1 103372
0.0712143 5 1 104161
0.0712143 4 1 102678
0.0712143 1 1 102589
0.0722143 6 1 102585
0.0722143 2 1 104046
0.0722143 3 1 103372
0.0722143 5 1 104172
0.0722143 4 1 102669
0.0722143 1 1 102578
0.0732143 6 1 102575
0.0732143 2 1 104055
0.0732143 3 1 103372
0.0732143 5 1 104184
0.0732143 4 1 102659
0.0732143 1 1 102567
0.0742143 6 1 102564
0.0742143 2 1 104064
0.0742143 3 1 103372
0.0742143 5 1 104195
0.0742143 4 1 102649
0.0742143 1 1 102557
0.0752143 6 1 102553
0.0752143 2 1 104074
0.0752143 3 1 103372
0.0752143 5 1 104206
0.0752143 4 1 102640
0.0752143 1 1 102546
0.0762143 6 1 102542
0.0762143 2 1 104083
0.0762143 3 1 103372
0.0762143 5 1 104217
0.0762143 4 1 102630
0.0762143 1 1 102535
0.0772143 6 1 102531
0.0772143 2 1 104093
0.0772143 3 1 103372
0.0772143 5 1 104228
0.0772143 4 1 102620
0.0772143 1 1 102524
0.0782143 6 1 102520
0.0782143 2 1 104102
0.0782143 3 1 103372
0.0782143 5 1 104240
0.0782143 4 1 102611
0.0782143 1 1 102513
0.0792143 6 1 102510
0.0792143 2 1 104112
0.0792143 3 1 103372
0.0792143 5 1 104251
0.0792143 4 1 102601
0.0792143 1 1 102502
0.0802143 6 1 102499
0.0802143 2 1 104121
0.0802143 3 1 103372
0.0802143 5 1 104262
0.0802143 4 1 102591
0.0802143 1 1 102491
0.0812143 6 1 102488
0.0812143 2 1 104131
0.0812143 3 1 103372
0.0812143 5 1 104273
0.0812143 4 1 102582
0.0812143 1 1 102480
0.0822143 6 1 102477
0.0822143 2 1 104140
0.0822143 3 1 103372
0.0822143 5 1 104285
0.0822143 4 1 102572
0.0822143 1 1 102469
0.0832143 6 1 102467
0.0832143 2 1 104150
0.0832143 3 1 103372
0.0832143 5 1 104296
0.0832143 4 1 102562
0.0832143 1 1 102458
0.0842143 6 1 102456
0.0842143 2 1 104159
0.0842143 3 1 103372
0.0842143 5 1 104307
0.0842143 4 1 102553
0.0842143 1 1 102447
0.0852143 6 1 102445
0.0852143 2 1 104169
0.0852143 3 1 103372
0.0852143 5 1 104318
0.0852143 4 1 102543
0.0852143 1 1 102437
0.0862143 6 1 102434
0.0862143 2 1 104178
0.0862143 3 1 103372
0.0862143 5 1 104330
0.0862143 4 1 102533
0.0862143 1 1 102426
0.0872143 6 1 102423
0.0872143 2 1 104188
0.0872143 3 1 103372
0.0872143 5 1 104341
0.0872143 4 1 102524
0.0872143 1 1 102415
0.0882143 6 1 102413
0.0882143 2 1 104197
0.0882143 3 1 103372
0.0882143 5 1 104352
0.0882143 4 1 102514
0.0882143 1 1 102404
0.0892143 6 1 102402
0.0892143 2 1 104207
0.0892143 3 1 103372
0.0892143 5 1 104363
0.0892143 4 1 102504
0.0892143 1 1 102393
0.0902143 6 1 102391
0.0902143 2 1 104216
0.0902143 3 1 103372
0.0902143 5 1 104375
0.0902143 4 1 102495
0.0902143 1 1 102382
0.0912143 6 1 102380
0.0912143 2 1 104225
0.0912143 3 1 103372
0.0912143 5 1 104386
0.0912143 4 1 102485
0.0912143 1 1 102371
0.0922143 6 1 102369
0.0922143 2 1 104235
0.0922143 3 1 103372
0.0922143 5 1 104397
0.0922143 4 1 102475
0.0922143 1 1 102360
0.0932143 6 1 102359
0.0932143 2 1 104244
0.0932143 3 1 103372
0.0932143 5 1 104408
0.0932143 4 1 102466
0.0932143 1 1 102349
0.0942143 6 1 102348
0.0942143 2 1 104254
0.0942143 3 1 103372
0.0942143 5 1 104420
0.0942143 4 1 102456
0.0942143 1 1 102339
0.0952143 6 1 102337
0.0952143 2 1 104263
0.0952143 3 1 103372
0.0952143 5 1 104431
0.0952143 4 1 102446
0.0952143 1 1 102328
0.0962143 6 1 102326
0.0962143 2 1 104273
0.0962143 3 1 103372
0.0962143 5 1 104442
0.0962143 4 1 102437
0.0962143 1 1 102317
0.0972143 6 1 102315
0.0972143 2 1 104282
0.0972143 3 1 103372
0.0972143 5 1 104453
0.0972143 4 1 102427
0.0972143 1 1 102306
0.0982143 6 1 102305
0.0982143 2 1 104292
0.0982143 3 1 103372
0.0982143 5 1 104465
0.0982143 4 1 102418
0.0982143 1 1 102295
0.0992143 6 1 102294
0.0992143 2 1 104301
0.0992143 3 1 103372
0.0992143 5 1 104476
0.0992143 4 1 102408
0.0992143 1 1 102284
0.100214 6 1 102283
0.100214 2 1 104311
0.100214 3 1 103372
0.100214 5 1 104487
0.100214 4 1 102398
0.100214 1 1 102273
0.101214 6 1 102272
0.101214 2 1 104320
0.101214 3 1 103372
0.101214 5 1 104499
0.101214 4 1 102389
0.101214 1 1 102262
0.102214 6 1 102262
0.102214 2 1 104330
0.102214 3 1 103372
0.102214 5 1 104510
0.102214 4 1 102379
0.102214 1 1 102252
0.103214 6 1 102251
0.103214 2 1 104339
0.103214 3 1 103372
0.103214 5 1 104521
0.103214 4 1 102369
0.103214 1 1 102241
0.104214 6 1 102240
0.104214 2 1 104349
0.104214 3 1 103372
0.104214 5 1 104532
0.104214 4 1 102360
0.104214 1 1 102230
0.105214 6 1 102229
0.105214 2 1 104358
0.105214 3 1 103372
0.105214 5 1 104544
0.105214 4 1 102350
0.105214 1 1 102219
0.106214 6 1 102219
0.106214 2 1 104368
0.106214 3 1 103372
0.106214 5 1 104555
0.106214 4 1 102340
0.106214 1 1 102208
0.107214 6 1 102208
0.107214 2 1 104377
0.107214 3 1 103372
0.107214 5 1 104566
0.107214 4 1 102331
0.107214 1 1 102197
0.108214 6 1 102197
0.108214 2 1 104387
0.108214 3 1 103372
0.108214 5 1 104577
0.108214 4 1 102321
0.108214 1 1 102186
0.109214 6 1 102186
0.109214 2 1 104396
0.109214 3 1 103372
0.109214 5 1 104589
0.109214 4 1 102312
0.109214 1 1 102175
0.110214 6 1 102176
0.110214 2 1 104406
0.110214 3 1 103372
0.110214 5 1 104600
0.110214 4 1 102302
0.110214 1 1 102165
0.111214 6 1 102165
0.111214 2 1 104415
0.111214 3 1 103372
0.111214 5 1 104611
0.111214 4 1 102292
0.111214 1 1 102154
0.112214 6 1 102154
0.112214 2 1 104425
0.112214 3 1 103372
0.112214 5 1 104623
0.112214 4 1 102283
0.112214 1 1 102143
0.113214 6 1 102143
0.113214 2 1 104434
0.113214 3 1 103372
0.113214 5 1 104634
0.113214 4 1 102273
0.113214 1 1 102132
0.114214 6 1 102133
0.114214 2 1 104444
0.114214 3 1 103372
0.114214 5 1 104645
0.114214 4 1 102263
0.114214 1 1 102121
0.115214 6 1 102122
0.115214 2 1 104453
0.115214 3 1 103372
0.115214 5 1 104656
0.115214 4 1 102254
0.115214 1 1 102110
0.116214 6 1 102111
0.116214 2 1 104463
0.116214 3 1 103372
0.116214 5 1 104668
0.116214 4 1 102244
0.116214 1 1 102099
0.117214 6 1 102100
0.117214 2 1 104472
0.117214 3 1 103371
0.117214 5 1 104679
0.117214 4 1 102235
0.117214 1 1 102089
0.118214 6 1 102090
0.118214 2 1 104482
0.118214 3 1 103371
0.118214 5 1 104690
0.118214 4 1 102225
0.118214 1 1 102078
0.119214 6 1 102079
0.119214 2 1 104491
0.119214 3 1 103371
0.119214 5 1 104702
0.119214 4 1 102215
0.119214 1 1 102067
0.120214 6 1 102068
0.120214 2 1 104501
0.120214 3 1 103371
0.120214 5 1 104713
0.120214 4 1 102206
0.120214 1 1 102056
0.121214 6 1 102057
0.121214 2 1 104510
0.121214 3 1 103371
0.121214 5 1 104724
0.121214 4 1 102196
0.121214 1 1 102045
0.122214 6 1 102047
0.122214 2 1 104520
0.122214 3 1 103371
0.122214 5 1 104736
0.122214 4 1 102186
0.122214 1 1 102034
0.123214 6 1 102036
0.123214 2 1 104529
0.123214 3 1 103371
0.123214 5 1 104747
0.123214 4 1 102177
0.123214 1 1 102023
0.124214 6 1 102025
0.124214 2 1 104539
0.124214 3 1 103371
0.124214 5 1 104758
0.124214 4 1 102167
0.124214 1 1 102013
0.125214 6 1 102014
0.125214 2 1 104548
0.125214 3 1 103371
0.125214 5 1 104769
0.125214 4 1 102158
0.125214 1 1 102002
0.126214 6 1 102004
0.126214 2 1 104558
0.126214 3 1 103371
0.126214 5 1 104781
0.126214 4 1 102148
0.126214 1 1 101991
0.127214 6 1 101993
0.127214 2 1 104567
0.127214 3 1 103371
0.127214 5 1 104792
0.127214 4 1 102138
0.127214 1 1 101980
0.128214 6 1 101982
0.128214 2 1 104577
0.128214 3 1 103371
0.128214 5 1 104803
0.128214 4 1 102129
0.128214 1 1 101969
0.129214 6 1 101971
0.129214 2 1 104586
0.129214 3 1 103371
0.129214 5 1 104815
0.129214 4 1 102119
0.129214 1 1 101958
0.130214 6 1 101961
0.130214 2 1 104596
0.130214 3 1 103371
0.130214 5 1 104826
0.130214 4 1 102110
0.130214 1 1 101947
0.131214 6 1 101950
0.131214 2 1 104605
0.131214 3 1 103371
0.131214 5 1 104837
0.131214 4 1 102100
0.131214 1 1 101937
0.132214 6 1 101939
0.132214 2 1 104615
0.132214 3 1 103371
0.132214 5 1 104849
0.132214 4 1 102090
0.132214 1 1 101926
0.133214 6 1 101929
0.133214 2 1 104625
0.133214 3 1 103371
0.133214 5 1 104860
0.133214 4 1 102081
0.133214 1 1 101915
0.134214 6 1 101918
0.134214 2 1 104634
0.134214 3 1 103371
0.134214 5 1 104871
0.134214 4 1 102071
0.134214 1 1 101904
0.135214 6 1 101907
0.135214 2 1 104644
0.135214 3 1 103371
0.135214 5 1 104883
0.135214 4 1 102062
0.135214 1 1 101893
0.136214 6 1 101896
0.136214 2 1 104653
0.136214 3 1 103371
0.136214 5 1 104894
0.136214 4 1 102052
0.136214 1 1 101882
0.137214 6 1 101886
0.137214 2 1 104663
0.137214 3 1 103370
0.137214 5 1 104905
0.137214 4 1 102042
0.137214 1 1 101872
0.138214 6 1 101875
0.138214 2 1 104672
0.138214 3 1 103370
0.138214 5 1 104917
0.138214 4 1 102033
0.138214 1 1 101861
0.139214 6 1 101864
0.139214 2 1 104682
0.139214 3 1 103370
0.139214 5 1 104928
0.139214 4 1 102023
0.139214 1 1 101850
0.140214 6 1 101854
0.140214 2 1 104691
0.140214 3 1 103370
0.140214 5 1 104939
0.140214 4 1 102014
0.140214 1 1 101839
0.141214 6 1 101843
0.141214 2 1 104701
0.141214 3 1 103370
0.141214 5 1 104951
0.141214 4 1 102004
0.141214 1 1 101828
0.142214 6 1 101832
0.142214 2 1 104710
0.142214 3 1 103370
0.142214 5 1 104962
0.142214 4 1 101994
0.142214 1 1 101817
0.143214 6 1 101821
0.143214 2 1 104720
0.143214 3 1 103370
0.143214 5 1 104973
0.143214 4 1 101985
0.143214 1 1 101807
0.144214 6 1 101811
0.144214 2 1 104729
0.144214 3 1 103370
0.144214 5 1 104985
0.144214 4 1 101975
0.144214 1 1 101796
0.145214 6 1 101800
0.145214 2 1 104739
0.145214 3 1 103370
0.145214 5 1 104996
0.145214 4 1 101966
0.145214 1 1 101785
0.146214 6 1 101789
0.146214 2 1 104748
0.146214 3 1 103370
0.146214 5 1 105007
0.146214 4 1 101956
0.146214 1 1 101774
0.147214 6 1 101779
0.147214 2 1 104758
0.147214 3 1 103370
0.147214 5 1 105019
0.147214 4 1 101946
0.147214 1 1 101763
0.148214 6 1 101768
0.148214 2 1 104768
0.148214 3 1 103370
0.148214 5 1 105030
0.148214 4 1 101937
0.148214 1 1 101753
0.149214 6 1 101757
0.149214 2 1 104777
0.149214 3 1 103370
0.149214 5 1 105041
0.149214 4 1 101927
0.149214 1 1 101742
0.150214 6 1 101746
0.150214 2 1 104787
0.150214 3 1 103370
0.150214 5 1 105053
0.150214 4 1 101918
0.150214 1 1 101731
0.151214 6 1 101736
0.151214 2 1 104796
0.151214 3 1 103369
0.151214 5 1 105064
0.151214 4 1 101908
0.151214 1 1 101720
0.152214 6 1 101725
0.152214 2 1 104806
0.152214 3 1 103369
0.152214 5 1 105075
0.152214 4 1 101899
0.152214 1 1 101709
0.153214 6 1 101714
0.153214 2 1 104815
0.153214 3 1 103369
0.153214 5 1 105087
0.153214 4 1 101889
0.153214 1 1 101698
0.154214 6 1 101704
0.154214 2 1 104825
0.154214 3 1 103369
0.154214 5 1 105098
0.154214 4 1 101879
0.154214 1 1 101688
0.155214 6 1 101693
0.155214 2 1 104834
0.155214 3 1 103369
0.155214 5 1 105109
0.155214 4 1 101870
0.155214 1 1 101677
0.156214 6 1 101682
0.156214 2 1 104844
0.156214 3 1 103369
0.156214 5 1 105121
0.156214 4 1 101860
0.156214 1 1 101666
0.157214 6 1 101672
0.157214 2 1 104853
0.157214 3 1 103369
0.157214 5 1 105132
0.157214 4 1 101851
0.157214 1 1 101655
0.158214 6 1 101661
0.158214 2 1 104863
0.158214 3 1 103369
0.158214 5 1 105143
0.158214 4 1 101841
0.158214 1 1 101644
0.159214 6 1 101650
0.159214 2 1 104873
0.159214 3 1 103369
0.159214 5 1 105155
0.159214 4 1 101832
0.159214 1 1 101634
0.160214 6 1 101640
0.160214 2 1 104882
0.160214 3 1 103369
0.160214 5 1 105166
0.160214 4 1 101822
0.160214 1 1 101623
0.161214 6 1 101629
0.161214 2 1 104892
0.161214 3 1 103369
0.161214 5 1 105177
0.161214 4 1 101812
0.161214 1 1 101612
0.162214 6 1 101618
0.162214 2 1 104901
0.162214 3 1 103368
0.162214 5 1 105189
0.162214 4 1 101803
0.162214 1 1 101601
0.163214 6 1 101608
0.163214 2 1 104911
0.163214 3 1 103368
0.163214 5 1 105200
0.163214 4 1 101793
0.163214 1 1 101590
0.164214 6 1 101597
0.164214 2 1 104920
0.164214 3 1 103368
0.164214 5 1 105212
0.164214 4 1 101784
0.164214 1 1 101580
0.165214 6 1 101586
0.165214 2 1 104930
0.165214 3 1 103368
0.165214 5 1 105223
0.165214 4 1 101774
0.165214 1 1 101569
0.166214 6 1 101575
0.166214 2 1 104940
0.166214 3 1 103368
0.166214 5 1 105234
0.166214 4 1 101765
0.166214 1 1 101558
0.167214 6 1 101565
0.167214 2 1 104949
0.167214 3 1 103368
0.167214 5 1 105246
0.167214 4 1 101755
0.167214 1 1 101547
0.168214 6 1 101554
0.168214 2 1 104959
0.168214 3 1 103368
0.168214 5 1 105257
0.168214 4 1 101745
0.168214 1 1 101536
0.169214 6 1 101543
0.169214 2 1 104968
0.169214 3 1 103368
0.169214 5 1 105268
0.169214 4 1 101736
0.169214 1 1 101526
0.170214 6 1 101533
0.170214 2 1 104978
0.170214 3 1 103368
0.170214 5 1 105280
0.170214 4 1 101726
0.170214 1 1 101515
0.171214 6 1 101522
0.171214 2 1 104987
0.171214 3 1 103368
0.171214 5 1 105291
0.171214 4 1 101717
0.171214 1 1 101504
0.172214 6 1 101511
0.172214 2 1 104997
0.172214 3 1 103367
0.172214 5 1 105302
0.172214 4 1 101707
0.172214 1 1 101493
0.173214 6 1 101501
0.173214 2 1 105007
0.173214 3 1 103367
0.173214 5 1 105314
0.173214 4 1 101698
0.173214 1 1 101483
0.174214 6 1 101490
0.174214 2 1 105016
0.174214 3 1 103367
0.174214 5 1 105325
0.174214 4 1 101688
0.174214 1 1 101472
0.175214 6 1 101479
0.175214 2 1 105026
0.175214 3 1 103367
0.175214 5 1 105337
0.175214 4 1 101679
0.175214 1 1 101461
0.176214 6 1 101469
0.176214 2 1 105035
0.176214 3 1 103367
0.176214 5 1 105348
0.176214 4 1 101669
0.176214 1 1 101450
0.177214 6 1 101458
0.177214 2 1 105045
0.177214 3 1 103367
0.177214 5 1 105359
0.177214 4 1 101659
0.177214 1 1 101439
0.178214 6 1 101447
0.178214 2 1 105054
0.178214 3 1 103367
0.178214 5 1 105371
0.178214 4 1 101650
0.178214 1 1 101429
0.179214 6 1 101437
0.179214 2 1 105064
0.179214 3 1 103367
0.179214 5 1 105382
0.179214 4 1 101640
0.179214 1 1 101418
0.180214 6 1 101426
0.180214 2 1 105074
0.180214 3 1 103367
0.180214 5 1 105394
0.180214 4 1 101631
0.180214 1 1 101407
0.181214 6 1 101416
0.181214 2 1 105083
0.181214 3 1 103366
0.181214 5 1 105405
0.181214 4 1 101621
0.181214 1 1 101396
0.182214 6 1 101405
0.182214 2 1 105093
0.182214 3 1 103366
0.182214 5 1 105416
0.182214 4 1 101612
0.182214 1 1 101385
0.183214 6 1 101394
0.183214 2 1 105102
0.183214 3 1 103366
0.183214 5 1 105428
0.183214 4 1 101602
0.183214 1 1 101375
0.184214 6 1 101384
0.184214 2 1 105112
0.184214 3 1 103366
0.184214 5 1 105439
0.184214 4 1 101593
0.184214 1 1 101364
0.185214 6 1 101373
0.185214 2 1 105121
0.185214 3 1 103366
0.185214 5 1 105450
0.185214 4 1 101583
0.185214 1 1 101353
0.186214 6 1 101362
0.186214 2 1 105131
0.186214 3 1 103366
0.186214 5 1 105462
0.186214 4 1 101573
0.186214 1 1 101342
0.187214 6 1 101352
0.187214 2 1 105141
0.187214 3 1 103366
0.187214 5 1 105473
0.187214 4 1 101564
0.187214 1 1 101332
0.188214 6 1 101341
0.188214 2 1 105150
0.188214 3 1 103366
0.188214 5 1 105485
0.188214 4 1 101554
0.188214 1 1 101321
0.189214 6 1 101330
0.189214 2 1 105160
0.189214 3 1 103365
0.189214 5 1 105496
0.189214 4 1 101545
0.189214 1 1 101310
0.190214 6 1 101320
0.190214 2 1 105169
0.190214 3 1 103365
0.190214 5 1 105507
0.190214 4 1 101535
0.190214 1 1 101299
0.191214 6 1 101309
0.191214 2 1 105179
0.191214 3 1 103365
0.191214 5 1 105519
0.191214 4 1 101526
0.191214 1 1 101289
0.192214 6 1 101298
0.192214 2 1 105189
0.192214 3 1 103365
0.192214 5 1 105530
0.192214 4 1 101516
0.192214 1 1 101278
0.193214 6 1 101288
0.193214 2 1 105198
0.193214 3 1 103365
0.193214 5 1 105542
0.193214 4 1 101507
0.193214 1 1 101267
0.194214 6 1 101277
0.194214 2 1 105208
0.194214 3 1 103365
0.194214 5 1 105553
0.194214 4 1 101497
0.194214 1 1 101256
0.195214 6 1 101267
0.195214 2 1 105217
0.195214 3 1 103365
0.195214 5 1 105564
0.195214 4 1 101488
0.195214 1 1 101246
0.196214 6 1 101256
0.196214 2 1 105227
0.196214 3 1 103365
0.196214 5 1 105576
0.196214 4 1 101478
0.196214 1 1 101235
0.197214 6 1 101245
0.197214 2 1 105237
0.197214 3 1 103364
0.197214 5 1 105587
0.197214 4 1 101469
0.197214 1 1 101224
0.198214 6 1 101235
0.198214 2 1 105246
0.198214 3 1 103364
0.198214 5 1 105599
0.198214 4 1 101459
0.198214 1 1 101213
0.199214 6 1 101224
0.199214 2 1 105256
0.199214 3 1 103364
0.199214 5 1 105610
0.199214 4 1 101449
0.199214 1 1 101203
0.200214 6 1 101213
0.200214 2 1 105265
0.200214 3 1 103364
0.200214 5 1 105622
0.200214 4 1 101440
0.200214 1 1 101192
0.201214 6 1 101203
0.201214 2 1 105275
0.201214 3 1 103364
0.201214 5 1 105633
0.201214 4 1 101430
0.201214 1 1 101181
0.202214 6 1 101192
0.202214 2 1 105285
0.202214 3 1 103364
0.202214 5 1 105644
0.202214 4 1 101421
0.202214 1 1 101170
0.203214 6 1 101182
0.203214 2 1 105294
0.203214 3 1 103364
0.203214 5 1 105656
0.203214 4 1 101411
0.203214 1 1 101160
0.204214 6 1 101171
0.204214 2 1 105304
0.204214 3 1 103363
0.204214 5 1 105667
0.204214 4 1 101402
0.204214 1 1 101149
0.205214 6 1 101160
0.205214 2 1 105313
0.205214 3 1 103363
0.205214 5 1 105679
0.205214 4 1 101392
0.205214 1 1 101138
0.206214 6 1 101150
0.206214 2 1 105323
0.206214 3 1 103363
0.206214 5 1 105690
0.206214 4 1 101383
0.206214 1 1 101127
0.207214 6 1 101139
0.207214 2 1 105333
0.207214 3 1 103363
0.207214 5 1 105702
0.207214 4 1 101373
0.207214 1 1 101117
0.208214 6 1 101128
0.208214 2 1 105342
0.208214 3 1 103363
0.208214 5 1 105713
0.208214 4 1 101364
0.208214 1 1 101106
0.209214 6 1 101118
0.209214 2 1 105352
0.209214 3 1 103363
0.209214 5 1 105724
0.209214 4 1 101354
0.209214 1 1 101095
0.210214 6 1 101107
0.210214 2 1 105361
0.210214 3 1 103362
0.210214 5 1 105736
0.210214 4 1 101345
0.210214 1 1 101084
0.211214 6 1 101097
0.211214 2 1 105371
0.211214 3 1 103362
0.211214 5 1 105747
0.211214 4 1 101335
0.211214 1 1 101074
0.212214 6 1 101086
0.212214 2 1 105381
0.212214 3 1 103362
0.212214 5 1 105759
0.212214 4 1 101326
0.212214 1 1 101063
0.213214 6 1 101075
0.213214 2 1 105390
0.213214 3 1 103362
0.213214 5 1 105770
0.213214 4 1 101316
0.213214 1 1 101052
0.214214 6 1 101065
0.214214 2 1 105400
0.214214 3 1 103362
0.214214 5 1 105782
0.214214 4 1 101307
0.214214 1 1 101041
0.215214 6 1 101054
0.215214 2 1 105410
0.215214 3 1 103362
0.215214 5 1 105793
0.215214 4 1 101297
0.215214 1 1 101031
0.216214 6 1 101044
0.216214 2 1 105419
0.216214 3 1 103362
0.216214 5 1 105804
0.216214 4 1 101288
0.216214 1 1 101020
0.217214 6 1 101033
0.217214 2 1 105429
0.217214 3 1 103361
0.217214 5 1 105816
0.217214 4 1 101278
0.217214 1 1 101009
0.218214 6 1 101022
0.218214 2 1 105438
0.218214 3 1 103361
0.218214 5 1 105827
0.218214 4 1 101269
0.218214 1 1 100998
0.219214 6 1 101012
0.219214 2 1 105448
0.219214 3 1 103361
0.219214 5 1 105839
0.219214 4 1 101259
0.219214 1 1 100988
0.220214 6 1 101001
0.220214 2 1 105458
0.220214 3 1 103361
0.220214 5 1 105850
0.220214 4 1 101250
0.220214 1 1 100977
0.221214 6 1 100991
0.221214 2 1 105467
0.221214 3 1 103361
0.221214 5 1 105862
0.221214 4 1 101240
0.221214 1 1 100966
0.222214 6 1 100980
0.222214 2 1 105477
0.222214 3 1 103361
0.222214 5 1 105873
0.222214 4 1 101231
0.222214 1 1 100956
0.223214 6 1 100969
0.223214 2 1 105487
0.223214 3 1 103360
0.223214 5 1 105885
0.223214 4 1 101221
0.223214 1 1 100945
0.224214 6 1 100959
0.224214 2 1 105496
0.224214 3 1 103360
0.224214 5 1 105896
0.224214 4 1 101212
0.224214 1 1 100934
0.225214 6 1 100948
0.225214 2 1 105506
0.225214 3 1 103360
0.225214 5 1 105907
0.225214 4 1 101202
0.225214 1 1 100923
0.226214 6 1 100938
0.226214 2 1 105515
0.226214 3 1 103360
0.226214 5 1 105919
0.226214 4 1 101193
0.226214 1 1 100913
0.227214 6 1 100927
0.227214 2 1 105525
0.227214 3 1 103360
0.227214 5 1 105930
0.227214 4 1 101183
0.227214 1 1 100902
0.228214 6 1 100916
0.228214 2 1 105535
0.228214 3 1 103360
0.228214 5 1 105942
0.228214 4 1 101174
0.228214 1 1 100891
0.229214 6 1 100906
0.229214 2 1 105544
0.229214 3 1 103359
0.229214 5 1 105953
0.229214 4 1 101164
0.229214 1 1 100881
0.230214 6 1 100895
0.230214 2 1 105554
0.230214 3 1 103359
0.230214 5 1 105965
0.230214 4 1 101155
0.230214 1 1 100870
0.231214 6 1 100885
0.231214 2 1 105564
0.231214 3 1 103359
0.231214 5 1 105976
0.231214 4 1 101145
0.231214 1 1 100859
0.232214 6 1 100874
0.232214 2 1 105573
0.232214 3 1 103359
0.232214 5 1 105988
0.232214 4 1 101136
0.232214 1 1 100848
0.233214 6 1 100864
0.233214 2 1 105583
0.233214 3 1 103359
0.233214 5 1 105999
0.233214 4 1 101126
0.233214 1 1 100838
0.234214 6 1 100853
0.234214 2 1 105593
0.234214 3 1 103358
0.234214 5 1 106011
0.234214 4 1 101117
0.234214 1 1 100827
0.235214 6 1 100842
0.235214 2 1 105602
0.235214 3 1 103358
0.235214 5 1 106022
0.235214 4 1 101107
0.235214 1 1 100816
0.236214 6 1 100832
0.236214 2 1 105612
0.236214 3 1 103358
0.236214 5 1 106034
0.236214 4 1 101098
0.236214 1 1 100806
0.237214 6 1 100821
0.237214 2 1 105621
0.237214 3 1 103358
0.237214 5 1 106045
0.237214 4 1 101088
0.237214 1 1 100795
0.238214 6 1 100811
0.238214 2 1 105631
0.238214 3 1 103358
0.238214 5 1 106056
0.238214 4 1 101079
0.238214 1 1 100784
0.239214 6 1 100800
0.239214 2 1 105641
0.239214 3 1 103358
0.239214 5 1 106068
0.239214 4 1 101069
0.239214 1 1 100773
0.240214 6 1 100790
0.240214 2 1 105650
0.240214 3 1 103357
0.240214 5 1 106079
0.240214 4 1 101060
0.240214 1 1 100763
0.241214 6 1 100779
0.241214 2 1 105660
0.241214 3 1 103357
0.241214 5 1 106091
0.241214 4 1 101050
0.241214 1 1 100752
0.242214 6 1 100768
0.242214 2 1 105670
0.242214 3 1 103357
0.242214 5 1 106102
0.242214 4 1 101041
0.242214 1 1 100741
0.243214 6 1 100758
0.243214 2 1 105679
0.243214 3 1 103357
0.243214 5 1 106114
0.243214 4 1 101031
0.243214 1 1 100731
0.244214 6 1 100747
0.244214 2 1 105689
0.244214 3 1 103357
0.244214 5 1 106125
0.244214 4 1 101022
0.244214 1 1 100720
0.245214 6 1 100737
0.245214 2 1 105699
0.245214 3 1 103356
0.245214 5 1 106137
0.245214 4 1 101012
0.245214 1 1 100709
0.246214 6 1 100726
0.246214 2 1 105708
0.246214 3 1 103356
0.246214 5 1 106148
0.246214 4 1 101003
0.246214 1 1 100699
0.247214 6 1 100716
0.247214 2 1 105718
0.247214 3 1 103356
0.247214 5 1 106160
0.247214 4 1 100993
0.247214 1 1 100688
0.248214 6 1 100705
0.248214 2 1 105728
0.248214 3 1 103356
0.248214 5 1 106171
0.248214 4 1 100984
0.248214 1 1 100677
0.249214 6 1 100694
0.249214 2 1 105737
0.249214 3 1 103356
0.249214 5 1 106183
0.249214 4 1 100974
0.249214 1 1 100667
0.250214 6 1 100684
0.250214 2 1 105747
0.250214 3 1 103355
0.250214 5 1 106194
0.250214 4 1 100965
0.250214 1 1 100656
0.251214 6 1 100673
0.251214 2 1 105757
0.251214 3 1 103355
0.251214 5 1 106206
0.251214 4 1 100955
0.251214 1 1 100645
0.252214 6 1 100663
0.252214 2 1 105766
0.252214 3 1 103355
0.252214 5 1 106217
0.252214 4 1 100946
0.252214 1 1 100634
0.253214 6 1 100652
0.253214 2 1 105776
0.253214 3 1 103355
0.253214 5 1 106229
0.253214 4 1 100937
0.253214 1 1 100624
0.254214 6 1 100642
0.254214 2 1 105786
0.254214 3 1 103355
0.254214 5 1 106240
0.254214 4 1 100927
0.254214 1 1 100613
0.255214 6 1 100631
0.255214 2 1 105795
0.255214 3 1 103354
0.255214 5 1 106252
0.255214 4 1 100918
0.255214 1 1 100602
0.256214 6 1 100621
0.256214 2 1 105805
0.256214 3 1 103354
0.256214 5 1 106263
0.256214 4 1 100908
0.256214 1 1 100592
0.257214 6 1 100610
0.257214 2 1 105815
0.257214 3 1 103354
0.257214 5 1 106275
0.257214 4 1 100899
0.257214 1 1 100581
0.258214 6 1 100600
0.258214 2 1 105824
0.258214 3 1 103354
0.258214 5 1 106286
0.258214 4 1 100889
0.258214 1 1 100570
0.259214 6 1 100589
0.259214 2 1 105834
0.259214 3 1 103353
0.259214 5 1 106298
0.259214 4 1 100880
0.259214 1 1 100560
0.260214 6 1 100578
0.260214 2 1 105844
0.260214 3 1 103353
0.260214 5 1 106309
0.260214 4 1 100870
0.260214 1 1 100549
0.261214 6 1 100568
0.261214 2 1 105853
0.261214 3 1 103353
0.261214 5 1 106321
0.261214 4 1 100861
0.261214 1 1 100538
0.262214 6 1 100557
0.262214 2 1 105863
0.262214 3 1 103353
0.262214 5 1 106332
0.262214 4 1 100851
0.262214 1 1 100528
0.263214 6 1 100547
0.263214 2 1 105873
0.263214 3 1 103353
0.263214 5 1 106344
0.263214 4 1 100842
0.263214 1 1 100517
0.264214 6 1 100536
0.264214 2 1 105882
0.264214 3 1 103352
0.264214 5 1 106355
0.264214 4 1 100832
0.264214 1 1 100506
0.265214 6 1 100526
0.265214 2 1 105892
0.265214 3 1 103352
0.265214 5 1 106367
0.265214 4 1 100823
0.265214 1 1 100496
0.266214 6 1 100515
0.266214 2 1 105902
0.266214 3 1 103352
0.266214 5 1 106378
0.266214 4 1 100813
0.266214 1 1 100485
0.267214 6 1 100505
0.267214 2 1 105911
0.267214 3 1 103352
0.267214 5 1 106390
0.267214 4 1 100804
0.267214 1 1 100474
0.268214 6 1 100494
0.268214 2 1 105921
0.268214 3 1 103352
0.268214 5 1 106401
0.268214 4 1 100795
0.268214 1 1 100464
0.269214 6 1 100484
0.269214 2 1 105931
0.269214 3 1 103351
0.269214 5 1 106413
0.269214 4 1 100785
0.269214 1 1 100453
0.270214 6 1 100473
0.270214 2 1 105940
0.270214 3 1 103351
0.270214 5 1 106424
0.270214 4 1 100776
0.270214 1 1 100442
0.271214 6 1 100463
0.271214 2 1 105950
0.271214 3 1 103351
0.271214 5 1 106436
0.271214 4 1 100766
0.271214 1 1 100432
0.272214 6 1 100452
0.272214 2 1 105960
0.272214 3 1 103351
0.272214 5 1 106447
0.272214 4 1 100757
0.272214 1 1 100421
0.273214 6 1 100442
0.273214 2 1 105970
0.273214 3 1 103350
0.273214 5 1 106459
0.273214 4 1 100747
0.273214 1 1 100410
0.274214 6 1 100431
0.274214 2 1 105979
0.274214 3 1 103350
0.274214 5 1 106470
0.274214 4 1 100738
0.274214 1 1 100400
0.275214 6 1 100421
0.275214 2 1 105989
0.275214 3 1 103350
0.275214 5 1 106482
0.275214 4 1 100728
0.275214 1 1 100389
0.276214 6 1 100410
0.276214 2 1 105999
0.276214 3 1 103350
0.276214 5 1 106493
0.276214 4 1 100719
0.276214 1 1 100378
0.277214 6 1 100399
0.277214 2 1 106008
0.277214 3 1 103349
0.277214 5 1 106505
0.277214 4 1 100710
0.277214 1 1 100368
0.278214 6 1 100389
0.278214 2 1 106018
0.278214 3 1 103349
0.278214 5 1 106517
0.278214 4 1 100700
0.278214 1 1 100357
0.279214 6 1 100378
0.279214 2 1 106028
0.279214 3 1 103349
0.279214 5 1 106528
0.279214 4 1 100691
0.279214 1 1 100346
0.280214 6 1 100368
0.280214 2 1 106037
0.280214 3 1 103354
0.280214 5 1 106540
0.280214 4 1 100681
0.280214 1 1 100336
0.281214 6 1 100357
0.281214 2 1 106047
0.281214 3 1 103368
0.281214 5 1 106551
0.281214 4 1 100672
0.281214 1 1 100325
0.282214 6 1 100347
0.282214 2 1 106057
0.282214 3 1 103381
0.282214 5 1 106563
0.282214 4 1 100662
0.282214 1 1 100315
0.283214 6 1 100336
0.283214 2 1 106066
0.283214 3 1 103395
0.283214 5 1 106574
0.283214 4 1 100653
0.283214 1 1 100304
0.284214 6 1 100326
0.284214 2 1 106076
0.284214 3 1 103409
0.284214 5 1 106586
0.284214 4 1 100643
0.284214 1 1 100293
0.285214 6 1 100315
0.285214 2 1 106086
0.285214 3 1 103422
0.285214 5 1 106597
0.285214 4 1 100634
0.285214 1 1 100283
0.286214 6 1 100305
0.286214 2 1 106096
0.286214 3 1 103436
0.286214 5 1 106609
0.286214 4 1 100625
0.286214 1 1 100272
0.287214 6 1 100294
0.287214 2 1 106105
0.287214 3 1 103450
0.287214 5 1 106620
0.287214 4 1 100615
0.287214 1 1 100261
0.288214 6 1 100284
0.288214 2 1 106115
0.288214 3 1 103463
0.288214 5 1 106632
0.288214 4 1 100606
0.288214 1 1 100251
0.289214 6 1 100273
0.289214 2 1 106125
0.289214 3 1 103477
0.289214 5 1 106643
0.289214 4 1 100596
0.289214 1 1 100240
0.290214 6 1 100263
0.290214 2 1 106134
0.290214 3 1 103491
0.290214 5 1 106655
0.290214 4 1 100587
0.290214 1 1 100229
0.291214 6 1 100252
0.291214 2 1 106144
0.291214 3 1 103504
0.291214 5 1 106667
0.291214 4 1 100577
0.291214 1 1 100219
0.292214 6 1 100242
0.292214 2 1 106154
0.292214 3 1 103518
0.292214 5 1 106678
0.292214 4 1 100568
0.292214 1 1 100208
0.293214 6 1 100231
0.293214 2 1 106164
0.293214 3 1 103532
0.293214 5 1 106690
0.293214 4 1 100559
0.293214 1 1 100198
0.294214 6 1 100221
0.294214 2 1 106173
0.294214 3 1 103545
0.294214 5 1 106701
0.294214 4 1 100549
0.294214 1 1 100187
0.295214 6 1 100210
0.295214 2 1 106183
0.295214 3 1 103559
0.295214 5 1 106713
0.295214 4 1 100540
0.295214 1 1 100176
0.296214 6 1 100200
0.296214 2 1 106193
0.296214 3 1 103573
0.296214 5 1 106724
0.296214 4 1 100530
0.296214 1 1 100166
0.297214 6 1 100189
0.297214 2 1 106202
0.297214 3 1 103586
0.297214 5 1 106736
0.297214 4 1 100521
0.297214 1 1 100155
0.298214 6 1 100179
0.298214 2 1 106212
0.298214 3 1 103600
0.298214 5 1 106747
0.298214 4 1 100511
0.298214 1 1 100144
0.299214 6 1 100169
0.299214 2 1 106222
0.299214 3 1 103614
0.299214 5 1 106759
0.299214 4 1 100502
0.299214 1 1 100134
0.300214 6 1 100158
0.300214 2 1 106232
0.300214 3 1 103627
0.300214 5 1 106771
0.300214 4 1 100493
0.300214 1 1 100123
0.301214 6 1 100148
0.301214 2 1 106241
0.301214 3 1 103641
0.301214 5 1 106782
0.301214 4 1 100483
0.301214 1 1 100113
0.302214 6 1 100137
0.302214 2 1 106251
0.302214 3 1 103655
0.302214 5 1 106794
0.302214 4 1 100474
0.302214 1 1 100102
0.303214 6 1 100127
0.303214 2 1 106261
0.303214 3 1 103668
0.303214 5 1 106805
0.303214 4 1 100464
0.303214 1 1 100091
0.304214 6 1 100116
0.304214 2 1 106270
0.304214 3 1 103682
0.304214 5 1 106817
0.304214 4 1 100455
0.304214 1 1 100087
0.305214 6 1 100106
0.305214 2 1 106280
0.305214 3 1 103696
0.305214 5 1 106828
0.305214 4 1 100446
0.305214 1 1 100086
0.306214 6 1 100095
0.306214 2 1 106290
0.306214 3 1 103709
0.306214 5 1 106840
0.306214 4 1 100436
0.306214 1 1 100085
0.307214 6 1 100085
0.307214 2 1 106300
0.307214 3 1 103723
0.307214 5 1 106852
0.307214 4 1 100427
0.307214 1 1 100084
0.308214 6 1 100074
0.308214 2 1 106309
0.308214 3 1 103737
0.308214 5 1 106863
0.308214 4 1 100417
0.308214 1 1 100082
0.309214 6 1 100064
0.309214 2 1 106319
0.309214 3 1 103751
0.309214 5 1 106875
0.309214 4 1 100408
0.309214 1 1 100081
0.310214 6 1 100053
0.310214 2 1 106329
0.310214 3 1 103764
0.310214 5 1 106886
0.310214 4 1 100398
0.310214 1 1 100080
0.311214 6 1 100043
0.311214 2 1 106339
0.311214 3 1 103778
0.311214 5 1 106898
0.311214 4 1 100389
0.311214 1 1 100079
0.312214 6 1 100032
0.312214 2 1 106348
0.312214 3 1 103792
0.312214 5 1 106910
0.312214 4 1 100380
0.312214 1 1 100078
0.313214 6 1 100022
0.313214 2 1 106358
0.313214 3 1 103805
0.313214 5 1 106921
0.313214 4 1 100370
0.313214 1 1 100076
0.314214 6 1 100011
0.314214 2 1 106368
0.314214 3 1 103819
0.314214 5 1 106933
0.314214 4 1 100361
0.314214 1 1 100075
0.315214 6 1 100001
0.315214 2 1 106377
0.315214 3 1 103833
0.315214 5 1 106944
0.315214 4 1 100351
0.315214 1 1 100074
0.316214 6 1 99990.5
0.316214 2 1 106387
0.316214 3 1 103847
0.316214 5 1 106956
0.316214 4 1 100342
0.316214 1 1 100073
0.317214 6 1 99980.1
0.317214 2 1 106397
0.317214 3 1 103860
0.317214 5 1 106967
0.317214 4 1 100333
0.317214 1 1 100072
0.318214 6 1 99969.6
0.318214 2 1 106407
0.318214 3 1 103874
0.318214 5 1 106979
0.318214 4 1 100323
0.318214 1 1 100070
0.319214 6 1 99959.1
0.319214 2 1 106416
0.319214 3 1 103888
0.319214 5 1 106985
0.319214 4 1 100314
0.319214 1 1 100069
0.320214 6 1 99948.7
0.320214 2 1 106426
0.320214 3 1 103901
0.320214 5 1 106984
0.320214 4 1 100304
0.320214 1 1 100068
0.321214 6 1 99938.2
0.321214 2 1 106436
0.321214 3 1 103915
0.321214 5 1 106982
0.321214 4 1 100295
0.321214 1 1 100067
0.322214 6 1 99927.8
0.322214 2 1 106446
0.322214 3 1 103929
0.322214 5 1 106981
0.322214 4 1 100286
0.322214 1 1 100065
0.323214 6 1 99917.3
0.323214 2 1 106455
0.323214 3 1 103943
0.323214 5 1 106980
0.323214 4 1 100276
0.323214 1 1 100064
0.324214 6 1 99906.9
0.324214 2 1 106465
0.324214 3 1 103956
0.324214 5 1 106978
0.324214 4 1 100267
0.324214 1 1 100063
0.325214 6 1 99896.4
0.325214 2 1 106475
0.325214 3 1 103970
0.325214 5 1 106977
0.325214 4 1 100257
0.325214 1 1 100062
0.326214 6 1 99886
0.326214 2 1 106485
0.326214 3 1 103984
0.326214 5 1 106975
0.326214 4 1 100248
0.326214 1 1 100061
0.327214 6 1 99875.6
0.327214 2 1 106494
0.327214 3 1 103998
0.327214 5 1 106974
0.327214 4 1 100239
0.327214 1 1 100059
0.328214 6 1 99865.1
0.328214 2 1 106504
0.328214 3 1 104011
0.328214 5 1 106972
0.328214 4 1 100229
0.328214 1 1 100058
0.329214 6 1 99854.7
0.329214 2 1 106514
0.329214 3 1 104025
0.329214 5 1 106971
0.329214 4 1 100220
0.329214 1 1 100057
0.330214 6 1 99844.2
0.330214 2 1 106524
0.330214 3 1 104039
0.330214 5 1 106970
0.330214 4 1 100211
0.330214 1 1 100056
0.331214 6 1 99833.8
0.331214 2 1 106533
0.331214 3 1 104053
0.331214 5 1 106968
0.331214 4 1 100201
0.331214 1 1 100054
0.332214 6 1 99823.4
0.332214 2 1 106543
0.332214 3 1 104066
0.332214 5 1 106967
0.332214 4 1 100192
0.332214 1 1 100053
0.333214 6 1 99812.9
0.333214 2 1 106553
0.333214 3 1 104080
0.333214 5 1 106965
0.333214 4 1 100182
0.333214 1 1 100052
0.334214 6 1 99802.5
0.334214 2 1 106563
0.334214 3 1 104094
0.334214 5 1 106964
0.334214 4 1 100173
0.334214 1 1 100051
0.335214 6 1 99792.1
0.335214 2 1 106572
0.335214 3 1 104108
0.335214 5 1 106962
0.335214 4 1 100164
0.335214 1 1 100049
0.336214 6 1 99781.6
0.336214 2 1 106582
0.336214 3 1 104121
0.336214 5 1 106961
0.336214 4 1 100154
0.336214 1 1 100048
0.337214 6 1 99771.2
0.337214 2 1 106592
0.337214 3 1 104135
0.337214 5 1 106960
0.337214 4 1 100145
0.337214 1 1 100047
0.338214 6 1 99760.8
0.338214 2 1 106602
0.338214 3 1 104149
0.338214 5 1 106958
0.338214 4 1 100135
0.338214 1 1 100046
0.339214 6 1 99750.3
0.339214 2 1 106611
0.339214 3 1 104163
0.339214 5 1 106957
0.339214 4 1 100126
0.339214 1 1 100045
0.340214 6 1 99739.9
0.340214 2 1 106621
0.340214 3 1 104176
0.340214 5 1 106955
0.340214 4 1 100117
0.340214 1 1 100043
0.341214 6 1 99729.5
0.341214 2 1 106631
0.341214 3 1 104190
0.341214 5 1 106954
0.341214 4 1 100107
0.341214 1 1 100042
0.342214 6 1 99719.1
0.342214 2 1 106641
0.342214 3 1 104204
0.342214 5 1 106952
0.342214 4 1 100098
0.342214 1 1 100041
0.343214 6 1 99710.1
0.343214 2 1 106651
0.343214 3 1 104218
0.343214 5 1 106951
0.343214 4 1 100089
0.343214 1 1 100040
0.344214 6 1 99709.4
0.344214 2 1 106660
0.344214 3 1 104231
0.344214 5 1 106949
0.344214 4 1 100079
0.344214 1 1 100038
0.345214 6 1 99708.8
0.345214 2 1 106670
0.345214 3 1 104245
0.345214 5 1 106948
0.345214 4 1 100070
0.345214 1 1 100037
0.346214 6 1 99708.2
0.346214 2 1 106680
0.346214 3 1 104259
0.346214 5 1 106947
0.346214 4 1 100061
0.346214 1 1 100036
0.347214 6 1 99707.5
0.347214 2 1 106690
0.347214 3 1 104273
0.347214 5 1 106945
0.347214 4 1 100051
0.347214 1 1 100035
0.348214 6 1 99706.9
0.348214 2 1 106699
0.348214 3 1 104287
0.348214 5 1 106944
0.348214 4 1 100042
0.348214 1 1 100033
0.349214 6 1 99706.2
0.349214 2 1 106709
0.349214 3 1 104300
0.349214 5 1 106942
0.349214 4 1 100032
0.349214 1 1 100032
0.350214 6 1 99705.6
0.350214 2 1 106719
0.350214 3 1 104314
0.350214 5 1 106941
0.350214 4 1 100023
0.350214 1 1 100031
0.351214 6 1 99704.9
0.351214 2 1 106729
0.351214 3 1 104328
0.351214 5 1 106939
0.351214 4 1 100014
0.351214 1 1 100030
0.352214 6 1 99704.3
0.352214 2 1 106739
0.352214 3 1 104342
0.352214 5 1 106938
0.352214 4 1 100004
0.352214 1 1 100028
0.353214 6 1 99703.6
0.353214 2 1 106748
0.353214 3 1 104355
0.353214 5 1 106936
0.353214 4 1 99995
0.353214 1 1 100027
0.354214 6 1 99703
0.354214 2 1 106758
0.354214 3 1 104369
0.354214 5 1 106935
0.354214 4 1 99985.6
0.354214 1 1 100026
0.355214 6 1 99702.3
0.355214 2 1 106768
0.355214 3 1 104383
0.355214 5 1 106934
0.355214 4 1 99976.2
0.355214 1 1 100024
0.356214 6 1 99701.7
0.356214 2 1 106778
0.356214 3 1 104397
0.356214 5 1 106932
0.356214 4 1 99966.9
0.356214 1 1 100023
0.357214 6 1 99701
0.357214 2 1 106787
0.357214 3 1 104411
0.357214 5 1 106931
0.357214 4 1 99957.5
0.357214 1 1 100022
0.358214 6 1 99700.4
0.358214 2 1 106797
0.358214 3 1 104424
0.358214 5 1 106929
0.358214 4 1 99948.2
0.358214 1 1 100021
0.359214 6 1 99699.7
0.359214 2 1 106807
0.359214 3 1 104438
0.359214 5 1 106928
0.359214 4 1 99938.8
0.359214 1 1 100019
0.360214 6 1 99699
0.360214 2 1 106817
0.360214 3 1 104452
0.360214 5 1 106926
0.360214 4 1 99929.4
0.360214 1 1 100018
0.361214 6 1 99698.4
0.361214 2 1 106827
0.361214 3 1 104466
0.361214 5 1 106925
0.361214 4 1 99920.1
0.361214 1 1 100017
0.362214 6 1 99697.7
0.362214 2 1 106836
0.362214 3 1 104480
0.362214 5 1 106923
0.362214 4 1 99910.7
0.362214 1 1 100016
0.363214 6 1 99697
0.363214 2 1 106846
0.363214 3 1 104494
0.363214 5 1 106922
0.363214 4 1 99901.4
0.363214 1 1 100014
0.364214 6 1 99696.4
0.364214 2 1 106856
0.364214 3 1 104507
0.364214 5 1 106921
0.364214 4 1 99892
0.364214 1 1 100013
0.365214 6 1 99695.7
0.365214 2 1 106866
0.365214 3 1 104521
0.365214 5 1 106919
0.365214 4 1 99882.7
0.365214 1 1 100012
0.366214 6 1 99695
0.366214 2 1 106876
0.366214 3 1 104535
0.366214 5 1 106918
0.366214 4 1 99874
0.366214 1 1 100011
0.367214 6 1 99694.4
0.367214 2 1 106885
0.367214 3 1 104549
0.367214 5 1 106916
0.367214 4 1 99866.1
0.367214 1 1 100009
0.368214 6 1 99693.7
0.368214 2 1 106895
0.368214 3 1 104563
0.368214 5 1 106915
0.368214 4 1 99858.2
0.368214 1 1 100008
0.369214 6 1 99693
0.369214 2 1 106905
0.369214 3 1 104576
0.369214 5 1 106913
0.369214 4 1 99850.4
0.369214 1 1 100007
0.370214 6 1 99692.4
0.370214 2 1 106915
0.370214 3 1 104590
0.370214 5 1 106912
0.370214 4 1 99842.5
0.370214 1 1 100005
0.371214 6 1 99691.7
0.371214 2 1 106925
0.371214 3 1 104604
0.371214 5 1 106910
0.371214 4 1 99834.6
0.371214 1 1 100004
0.372214 6 1 99691
0.372214 2 1 106934
0.372214 3 1 104618
0.372214 5 1 106909
0.372214 4 1 99826.7
0.372214 1 1 100003
0.373214 6 1 99690.3
0.373214 2 1 106944
0.373214 3 1 104632
0.373214 5 1 106907
0.373214 4 1 99818.8
0.373214 1 1 100002
0.374214 6 1 99689.6
0.374214 2 1 106954
0.374214 3 1 104646
0.374214 5 1 106906
0.374214 4 1 99810.9
0.374214 1 1 100000
0.375214 6 1 99689
0.375214 2 1 106964
0.375214 3 1 104659
0.375214 5 1 106905
0.375214 4 1 99803
0.375214 1 1 99999
0.376214 6 1 99688.3
0.376214 2 1 106974
0.376214 3 1 104673
0.376214 5 1 106903
0.376214 4 1 99795.1
0.376214 1 1 99997.7
0.377214 6 1 99687.6
0.377214 2 1 106983
0.377214 3 1 104687
0.377214 5 1 106902
0.377214 4 1 99787.2
0.377214 1 1 99996.4
0.378214 6 1 99686.9
0.378214 2 1 106993
0.378214 3 1 104701
0.378214 5 1 106900
0.378214 4 1 99779.3
0.378214 1 1 99995.2
0.379214 6 1 99686.2
0.379214 2 1 107003
0.379214 3 1 104715
0.379214 5 1 106899
0.379214 4 1 99771.4
0.379214 1 1 99993.9
0.380214 6 1 99685.5
0.380214 2 1 107013
0.380214 3 1 104729
0.380214 5 1 106897
0.380214 4 1 99763.5
0.380214 1 1 99992.6
0.381214 6 1 99684.8
0.381214 2 1 107023
0.381214 3 1 104743
0.381214 5 1 106896
0.381214 4 1 99755.6
0.381214 1 1 99991.3
0.382214 6 1 99684.2
0.382214 2 1 107033
0.382214 3 1 104756
0.382214 5 1 106894
0.382214 4 1 99747.7
0.382214 1 1 99990
0.383214 6 1 99683.5
0.383214 2 1 107042
0.383214 3 1 104770
0.383214 5 1 106893
0.383214 4 1 99739.9
0.383214 1 1 99988.7
0.384214 6 1 99682.8
0.384214 2 1 107052
0.384214 3 1 104784
0.384214 5 1 106891
0.384214 4 1 99732
0.384214 1 1 99987.4
0.385214 6 1 99682.1
0.385214 2 1 107062
0.385214 3 1 104798
0.385214 5 1 106890
0.385214 4 1 99724.1
0.385214 1 1 99986.1
0.386214 6 1 99681.4
0.386214 2 1 107072
0.386214 3 1 104812
0.386214 5 1 106889
0.386214 4 1 99716.2
0.386214 1 1 99984.8
0.387214 6 1 99680.7
0.387214 2 1 107082
0.387214 3 1 104826
0.387214 5 1 106887
0.387214 4 1 99708.3
0.387214 1 1 99983.5
0.388214 6 1 99680
0.388214 2 1 107091
0.388214 3 1 104840
0.388214 5 1 106886
0.388214 4 1 99700.4
0.388214 1 1 99982.2
0.389214 6 1 99679.3
0.389214 2 1 107101
0.389214 3 1 104853
0.389214 5 1 106884
0.389214 4 1 99692.5
0.389214 1 1 99980.9
0.390214 6 1 99678.6
0.390214 2 1 107111
0.390214 3 1 104867
0.390214 5 1 106883
0.390214 4 1 99684.7
0.390214 1 1 99979.6
0.391214 6 1 99677.9
0.391214 2 1 107121
0.391214 3 1 104881
0.391214 5 1 106881
0.391214 4 1 99676.8
0.391214 1 1 99978.3
0.392214 6 1 99677.2
0.392214 2 1 107131
0.392214 3 1 104895
0.392214 5 1 106880
0.392214 4 1 99668.9
0.392214 1 1 99977
0.393214 6 1 99676.5
0.393214 2 1 107141
0.393214 3 1 104909
0.393214 5 1 106878
0.393214 4 1 99661
0.393214 1 1 99975.7
0.394214 6 1 99675.8
0.394214 2 1 107150
0.394214 3 1 104923
0.394214 5 1 106877
0.394214 4 1 99653.1
0.394214 1 1 99974.4
0.395214 6 1 99675.1
0.395214 2 1 107160
0.395214 3 1 104937
0.395214 5 1 106875
0.395214 4 1 99645.3
0.395214 1 1 99973.1
0.396214 6 1 99674.4
0.396214 2 1 107170
0.396214 3 1 104951
0.396214 5 1 106874
0.396214 4 1 99637.4
0.396214 1 1 99971.7
0.397214 6 1 99673.6
0.397214 2 1 107180
0.397214 3 1 104965
0.397214 5 1 106872
0.397214 4 1 99629.5
0.397214 1 1 99970.4
0.398214 6 1 99672.9
0.398214 2 1 107190
0.398214 3 1 104978
0.398214 5 1 106871
0.398214 4 1 99621.6
0.398214 1 1 99969.1
0.399214 6 1 99672.2
0.399214 2 1 107200
0.399214 3 1 104992
0.399214 5 1 106870
0.399214 4 1 99613.7
0.399214 1 1 99967.8
0.400214 6 1 99671.5
0.400214 2 1 107209
0.400214 3 1 105006
0.400214 5 1 106868
0.400214 4 1 99605.9
0.400214 1 1 99966.5
0.401214 6 1 99670.8
0.401214 2 1 107219
0.401214 3 1 105020
0.401214 5 1 106867
0.401214 4 1 99598
0.401214 1 1 99965.2
0.402214 6 1 99670.1
0.402214 2 1 107229
0.402214 3 1 105034
0.402214 5 1 106865
0.402214 4 1 99590.1
0.402214 1 1 99963.9
0.403214 6 1 99669.4
0.403214 2 1 107239
0.403214 3 1 105048
0.403214 5 1 106864
0.403214 4 1 99582.3
0.403214 1 1 99962.5
0.404214 6 1 99668.6
0.404214 2 1 107249
0.404214 3 1 105062
0.404214 5 1 106862
0.404214 4 1 99574.4
0.404214 1 1 99961.2
0.405214 6 1 99667.9
0.405214 2 1 107259
0.405214 3 1 105076
0.405214 5 1 106861
0.405214 4 1 99566.5
0.405214 1 1 99959.9
0.406214 6 1 99667.2
0.406214 2 1 107268
0.406214 3 1 105090
0.406214 5 1 106859
0.406214 4 1 99558.6
0.406214 1 1 99958.6
0.407214 6 1 99666.5
0.407214 2 1 107278
0.407214 3 1 105104
0.407214 5 1 106858
0.407214 4 1 99550.8
0.407214 1 1 99957.3
0.408214 6 1 99665.7
0.408214 2 1 107288
0.408214 3 1 105117
0.408214 5 1 106856
0.408214 4 1 99542.9
0.408214 1 1 99955.9
0.409214 6 1 99665
0.409214 2 1 107298
0.409214 3 1 105131
0.409214 5 1 106855
0.409214 4 1 99535
0.409214 1 1 99954.6
0.410214 6 1 99664.3
0.410214 2 1 107301
0.410214 3 1 105145
0.410214 5 1 106853
0.410214 4 1 99527.2
0.410214 1 1 99953.3
0.411214 6 1 99663.6
0.411214 2 1 107299
0.411214 3 1 105159
0.411214 5 1 106852
0.411214 4 1 99519.3
0.411214 1 1 99951.9
0.412214 6 1 99662.8
0.412214 2 1 107296
0.412214 3 1 105173
0.412214 5 1 106850
0.412214 4 1 99511.4
0.412214 1 1 99950.6
0.413214 6 1 99662.1
0.413214 2 1 107293
0.413214 3 1 105187
0.413214 5 1 106849
0.413214 4 1 99503.6
0.413214 1 1 99949.3
0.414214 6 1 99661.4
0.414214 2 1 107291
0.414214 3 1 105201
0.414214 5 1 106847
0.414214 4 1 99495.7
0.414214 1 1 99948
0.415214 6 1 99660.6
0.415214 2 1 107288
0.415214 3 1 105215
0.415214 5 1 106846
0.415214 4 1 99487.8
0.415214 1 1 99946.6
0.416214 6 1 99659.9
0.416214 2 1 107285
0.416214 3 1 105229
0.416214 5 1 106844
0.416214 4 1 99480
0.416214 1 1 99945.3
0.417214 6 1 99659.2
0.417214 2 1 107283
0.417214 3 1 105243
0.417214 5 1 106843
0.417214 4 1 99472.1
0.417214 1 1 99943.9
0.418214 6 1 99658.4
0.418214 2 1 107280
0.418214 3 1 105257
0.418214 5 1 106842
0.418214 4 1 99464.3
0.418214 1 1 99942.6
0.419214 6 1 99657.7
0.419214 2 1 107278
0.419214 3 1 105271
0.419214 5 1 106840
0.419214 4 1 99456.4
0.419214 1 1 99941.3
0.420214 6 1 99656.9
0.420214 2 1 107275
0.420214 3 1 105285
0.420214 5 1 106839
0.420214 4 1 99448.5
0.420214 1 1 99939.9
0.421214 6 1 99656.2
0.421214 2 1 107272
0.421214 3 1 105298
0.421214 5 1 106837
0.421214 4 1 99440.7
0.421214 1 1 99938.6
0.422214 6 1 99655.5
0.422214 2 1 107270
0.422214 3 1 105312
0.422214 5 1 106836
0.422214 4 1 99432.8
0.422214 1 1 99937.2
0.423214 6 1 99654.7
0.423214 2 1 107267
0.423214 3 1 105326
0.423214 5 1 106834
0.423214 4 1 99425
0.423214 1 1 99935.9
0.424214 6 1 99654
0.424214 2 1 107264
0.424214 3 1 105340
0.424214 5 1 106833
0.424214 4 1 99417.1
0.424214 1 1 99934.6
0.425214 6 1 99653.2
0.425214 2 1 107262
0.425214 3 1 105354
0.425214 5 1 106831
0.425214 4 1 99409.3
0.425214 1 1 99933.2
0.426214 6 1 99652.5
0.426214 2 1 107259
0.426214 3 1 105368
0.426214 5 1 106830
0.426214 4 1 99401.4
0.426214 1 1 99931.9
0.427214 6 1 99651.7
0.427214 2 1 107256
0.427214 3 1 105382
0.427214 5 1 106828
0.427214 4 1 99393.5
0.427214 1 1 99930.5
0.428214 6 1 99651
0.428214 2 1 107254
0.428214 3 1 105396
0.428214 5 1 106827
0.428214 4 1 99385.7
0.428214 1 1 99929.2
0.429214 6 1 99650.2
0.429214 2 1 107251
0.429214 3 1 105410
0.429214 5 1 106825
0.429214 4 1 99377.8
0.429214 1 1 99927.8
0.430214 6 1 99649.5
0.430214 2 1 107248
0.430214 3 1 105424
0.430214 5 1 106824
0.430214 4 1 99370
0.430214 1 1 99926.5
0.431214 6 1 99648.7
0.431214 2 1 107246
0.431214 3 1 105438
0.431214 5 1 106822
0.431214 4 1 99362.1
0.431214 1 1 99925.1
0.432214 6 1 99648
0.432214 2 1 107243
0.432214 3 1 105452
0.432214 5 1 106821
0.432214 4 1 99354.3
0.432214 1 1 99923.8
0.433214 6 1 99647.2
0.433214 2 1 107240
0.433214 3 1 105466
0.433214 5 1 106819
0.433214 4 1 99346.4
0.433214 1 1 99922.4
0.434214 6 1 99646.4
0.434214 2 1 107238
0.434214 3 1 105480
0.434214 5 1 106818
0.434214 4 1 99338.6
0.434214 1 1 99921.1
0.435214 6 1 99645.7
0.435214 2 1 107235
0.435214 3 1 105494
0.435214 5 1 106816
0.435214 4 1 99330.7
0.435214 1 1 99919.7
0.436214 6 1 99644.9
0.436214 2 1 107232
0.436214 3 1 105508
0.436214 5 1 106815
0.436214 4 1 99322.9
0.436214 1 1 99918.3
0.437214 6 1 99644.2
0.437214 2 1 107230
0.437214 3 1 105522
0.437214 5 1 106813
0.437214 4 1 99315
0.437214 1 1 99917
0.438214 6 1 99643.4
0.438214 2 1 107227
0.438214 3 1 105536
0.438214 5 1 106812
0.438214 4 1 99307.2
0.438214 1 1 99915.6
0.439214 6 1 99642.6
0.439214 2 1 107224
0.439214 3 1 105550
0.439214 5 1 106810
0.439214 4 1 99299.3
0.439214 1 1 99914.3
0.440214 6 1 99641.9
0.440214 2 1 107222
0.440214 3 1 105564
0.440214 5 1 106809
0.440214 4 1 99291.5
0.440214 1 1 99912.9
0.441214 6 1 99641.1
0.441214 2 1 107219
0.441214 3 1 105578
0.441214 5 1 106807
0.441214 4 1 99283.7
0.441214 1 1 99911.5
0.442214 6 1 99640.3
0.442214 2 1 107216
0.442214 3 1 105592
0.442214 5 1 106806
0.442214 4 1 99275.8
0.442214 1 1 99910.2
0.443214 6 1 99639.5
0.443214 2 1 107214
0.443214 3 1 105606
0.443214 5 1 106804
0.443214 4 1 99268
0.443214 1 1 99908.8
0.444214 6 1 99638.8
0.444214 2 1 107211
0.444214 3 1 105620
0.444214 5 1 106803
0.444214 4 1 99260.1
0.444214 1 1 99907.4
0.445214 6 1 99638
0.445214 2 1 107208
0.445214 3 1 105634
0.445214 5 1 106801
0.445214 4 1 99252.3
0.445214 1 1 99906.1
0.446214 6 1 99637.2
0.446214 2 1 107206
0.446214 3 1 105648
0.446214 5 1 106800
0.446214 4 1 99244.5
0.446214 1 1 99904.7
0.447214 6 1 99636.4
0.447214 2 1 107203
0.447214 3 1 105662
0.447214 5 1 106798
0.447214 4 1 99236.6
0.447214 1 1 99903.3
0.448214 6 1 99635.7
0.448214 2 1 107200
0.448214 3 1 105676
0.448214 5 1 106797
0.448214 4 1 99228.8
0.448214 1 1 99901.9
0.449214 6 1 99634.9
0.449214 2 1 107198
0.449214 3 1 105690
0.449214 5 1 106795
0.449214 4 1 99220.9
0.449214 1 1 99900.6
0.450214 6 1 99634.1
0.450214 2 1 107195
0.450214 3 1 105704
0.450214 5 1 106794
0.450214 4 1 99213.1
0.450214 1 1 99899.2
0.451214 6 1 99633.3
0.451214 2 1 107192
0.451214 3 1 105718
0.451214 5 1 106792
0.451214 4 1 99205.3
0.451214 1 1 99897.8
0.452214 6 1 99632.5
0.452214 2 1 107190
0.452214 3 1 105732
0.452214 5 1 106791
0.452214 4 1 99197.4
0.452214 1 1 99896.4
0.453214 6 1 99631.8
0.453214 2 1 107187
0.453214 3 1 105746
0.453214 5 1 106790
0.453214 4 1 99189.6
0.453214 1 1 99895.1
0.454214 6 1 99631
0.454214 2 1 107184
0.454214 3 1 105760
0.454214 5 1 106788
0.454214 4 1 99181.8
0.454214 1 1 99893.7
0.455214 6 1 99630.2
0.455214 2 1 107182
0.455214 3 1 105774
0.455214 5 1 106787
0.455214 4 1 99173.9
0.455214 1 1 99892.3
0.456214 6 1 99629.4
0.456214 2 1 107179
0.456214 3 1 105788
0.456214 5 1 106785
0.456214 4 1 99166.1
0.456214 1 1 99890.9
0.457214 6 1 99628.6
0.457214 2 1 107176
0.457214 3 1 105802
0.457214 5 1 106784
0.457214 4 1 99158.3
0.457214 1 1 99889.5
0.458214 6 1 99627.8
0.458214 2 1 107174
0.458214 3 1 105816
0.458214 5 1 106782
0.458214 4 1 99150.4
0.458214 1 1 99888.1
0.459214 6 1 99627
0.459214 2 1 107171
0.459214 3 1 105830
0.459214 5 1 106781
0.459214 4 1 99142.6
0.459214 1 1 99886.8
0.460214 6 1 99626.2
0.460214 2 1 107168
0.460214 3 1 105844
0.460214 5 1 106779
0.460214 4 1 99134.8
0.460214 1 1 99885.4
0.461214 6 1 99625.4
0.461214 2 1 107166
0.461214 3 1 105858
0.461214 5 1 106778
0.461214 4 1 99126.9
0.461214 1 1 99884
0.462214 6 1 99624.6
0.462214 2 1 107163
0.462214 3 1 105872
0.462214 5 1 106776
0.462214 4 1 99119.1
0.462214 1 1 99882.6
0.463214 6 1 99623.8
0.463214 2 1 107160
0.463214 3 1 105886
0.463214 5 1 106775
0.463214 4 1 99111.3
0.463214 1 1 99881.2
0.464214 6 1 99623
0.464214 2 1 107158
0.464214 3 1 105900
0.464214 5 1 106773
0.464214 4 1 99103.5
0.464214 1 1 99879.8
0.465214 6 1 99622.2
0.465214 2 1 107155
0.465214 3 1 105914
0.465214 5 1 106772
0.465214 4 1 99095.6
0.465214 1 1 99878.4
0.466214 6 1 99621.4
0.466214 2 1 107152
0.466214 3 1 105928
0.466214 5 1 106770
0.466214 4 1 99087.8
0.466214 1 1 99877
0.467214 6 1 99620.6
0.467214 2 1 107150
0.467214 3 1 105942
0.467214 5 1 106769
0.467214 4 1 99080
0.467214 1 1 99875.6
0.468214 6 1 99619.8
0.468214 2 1 107147
0.468214 3 1 105956
0.468214 5 1 106767
0.468214 4 1 99072.2
0.468214 1 1 99874.2
0.469214 6 1 99619
0.469214 2 1 107144
0.469214 3 1 105970
0.469214 5 1 106766
0.469214 4 1 99064.3
0.469214 1 1 99872.8
0.470214 6 1 99618.2
0.470214 2 1 107142
0.470214 3 1 105984
0.470214 5 1 106764
0.470214 4 1 99056.5
0.470214 1 1 99871.4
0.471214 6 1 99617.4
0.471214 2 1 107139
0.471214 3 1 105998
0.471214 5 1 106763
0.471214 4 1 99048.7
0.471214 1 1 99870
0.472214 6 1 99616.6
0.472214 2 1 107136
0.472214 3 1 106012
0.472214 5 1 106761
0.472214 4 1 99040.9
0.472214 1 1 99868.6
0.473214 6 1 99615.8
0.473214 2 1 107134
0.473214 3 1 106026
0.473214 5 1 106760
0.473214 4 1 99033.1
0.473214 1 1 99867.2
0.474214 6 1 99615
0.474214 2 1 107131
0.474214 3 1 106040
0.474214 5 1 106758
0.474214 4 1 99025.2
0.474214 1 1 99865.8
0.475214 6 1 99614.2
0.475214 2 1 107128
0.475214 3 1 106054
0.475214 5 1 106756
0.475214 4 1 99017.4
0.475214 1 1 99864.4
0.476214 6 1 99613.4
0.476214 2 1 107125
0.476214 3 1 106068
0.476214 5 1 106755
0.476214 4 1 99009.6
0.476214 1 1 99863
0.477214 6 1 99612.5
0.477214 2 1 107123
0.477214 3 1 106082
0.477214 5 1 106753
0.477214 4 1 99001.8
0.477214 1 1 99861.6
0.478214 6 1 99611.7
0.478214 2 1 107120
0.478214 3 1 106097
0.478214 5 1 106752
0.478214 4 1 98994
0.478214 1 1 99860.2
0.479214 6 1 99610.9
0.479214 2 1 107117
0.479214 3 1 106111
0.479214 5 1 106750
0.479214 4 1 98986.2
0.479214 1 1 99858.8
0.480214 6 1 99610.1
0.480214 2 1 107115
0.480214 3 1 106125
0.480214 5 1 106749
0.480214 4 1 98978.4
0.480214 1 1 99857.4
0.481214 6 1 99609.3
0.481214 2 1 107112
0.481214 3 1 106139
0.481214 5 1 106747
0.481214 4 1 98970.5
0.481214 1 1 99855.9
0.482214 6 1 99608.4
0.482214 2 1 107109
0.482214 3 1 106153
0.482214 5 1 106746
0.482214 4 1 98962.7
0.482214 1 1 99854.5
0.483214 6 1 99607.6
0.483214 2 1 107107
0.483214 3 1 106167
0.483214 5 1 106744
0.483214 4 1 98954.9
0.483214 1 1 99853.1
0.484214 6 1 99606.8
0.484214 2 1 107104
0.484214 3 1 106181
0.484214 5 1 106743
0.484214 4 1 98947.1
0.484214 1 1 99851.7
0.485214 6 1 99606
0.485214 2 1 107101
0.485214 3 1 106195
0.485214 5 1 106741
0.485214 4 1 98939.3
0.485214 1 1 99850.3
0.486214 6 1 99605.1
0.486214 2 1 107099
0.486214 3 1 106209
0.486214 5 1 106740
0.486214 4 1 98931.5
0.486214 1 1 99848.9
0.487214 6 1 99604.3
0.487214 2 1 107096
0.487214 3 1 106223
0.487214 5 1 106738
0.487214 4 1 98923.7
0.487214 1 1 99847.4
0.488214 6 1 99603.5
0.488214 2 1 107093
0.488214 3 1 106237
0.488214 5 1 106737
0.488214 4 1 98915.9
0.488214 1 1 99846
0.489214 6 1 99602.6
0.489214 2 1 107091
0.489214 3 1 106251
0.489214 5 1 106735
0.489214 4 1 98908.1
0.489214 1 1 99844.6
0.490214 6 1 99601.8
0.490214 2 1 107088
0.490214 3 1 106265
0.490214 5 1 106734
0.490214 4 1 98900.3
0.490214 1 1 99843.2
0.491214 6 1 99601
0.491214 2 1 107085
0.491214 3 1 106280
0.491214 5 1 106732
0.491214 4 1 98892.4
0.491214 1 1 99841.8
0.492214 6 1 99600.1
0.492214 2 1 107083
0.492214 3 1 106294
0.492214 5 1 106731
0.492214 4 1 98884.6
0.492214 1 1 99840.3
0.493214 6 1 99599.3
0.493214 2 1 107080
0.493214 3 1 106308
0.493214 5 1 106729
0.493214 4 1 98876.8
0.493214 1 1 99838.9
0.494214 6 1 99598.5
0.494214 2 1 107077
0.494214 3 1 106322
0.494214 5 1 106728
0.494214 4 1 98869
0.494214 1 1 99837.5
0.495214 6 1 99597.6
0.495214 2 1 107074
0.495214 3 1 106336
0.495214 5 1 106726
0.495214 4 1 98861.2
0.495214 1 1 99836
0.496214 6 1 99596.8
0.496214 2 1 107072
0.496214 3 1 106350
0.496214 5 1 106725
0.496214 4 1 98853.4
0.496214 1 1 99834.6
0.497214 6 1 99595.9
0.497214 2 1 107069
0.497214 3 1 106364
0.497214 5 1 106723
0.497214 4 1 98845.6
0.497214 1 1 99833.2
0.498214 6 1 99595.1
0.498214 2 1 107066
0.498214 3 1 106378
0.498214 5 1 106722
0.498214 4 1 98837.8
0.498214 1 1 99831.7
0.499214 6 1 99594.2
0.499214 2 1 107064
0.499214 3 1 106392
0.499214 5 1 106720
0.499214 4 1 98830
0.499214 1 1 99830.3
0.500214 6 1 99593.4
0.500214 2 1 107061
0.500214 3 1 106406
0.500214 5 1 106719
0.500214 4 1 98822.2
0.500214 1 1 99828.9
0.501214 6 1 99592.6
0.501214 2 1 107058
0.501214 3 1 106421
0.501214 5 1 106717
0.501214 4 1 98814.4
0.501214 1 1 99827.4
0.502214 6 1 99591.7
0.502214 2 1 107056
0.502214 3 1 106435
0.502214 5 1 106716
0.502214 4 1 98806.6
0.502214 1 1 99826
0.503214 6 1 99590.9
0.503214 2 1 107053
0.503214 3 1 106449
0.503214 5 1 106714
0.503214 4 1 98798.8
0.503214 1 1 99824.6
0.504214 6 1 99590
0.504214 2 1 107050
0.504214 3 1 106463
0.504214 5 1 106713
0.504214 4 1 98791
0.504214 1 1 99823.1
0.505214 6 1 99589.1
0.505214 2 1 107048
0.505214 3 1 106477
0.505214 5 1 106711
0.505214 4 1 98783.2
0.505214 1 1 99821.7
0.506214 6 1 99588.3
0.506214 2 1 107045
0.506214 3 1 106491
0.506214 5 1 106710
0.506214 4 1 98775.5
0.506214 1 1 99820.2
0.507214 6 1 99587.4
0.507214 2 1 107042
0.507214 3 1 106505
0.507214 5 1 106708
0.507214 4 1 98767.7
0.507214 1 1 99818.8
0.508214 6 1 99586.6
0.508214 2 1 107039
0.508214 3 1 106519
0.508214 5 1 106707
0.508214 4 1 98759.9
0.508214 1 1 99817.3
0.509214 6 1 99585.7
0.509214 2 1 107037
0.509214 3 1 106534
0.509214 5 1 106705
0.509214 4 1 98752.1
0.509214 1 1 99815.9
0.510214 6 1 99584.9
0.510214 2 1 107034
0.510214 3 1 106548
0.510214 5 1 106703
0.510214 4 1 98744.3
0.510214 1 1 99814.5
0.511214 6 1 99584
0.511214 2 1 107031
0.511214 3 1 106562
0.511214 5 1 106702
0.511214 4 1 98736.5
0.511214 1 1 99813
0.512214 6 1 99583.1
0.512214 2 1 107029
0.512214 3 1 106576
0.512214 5 1 106700
0.512214 4 1 98728.7
0.512214 1 1 99811.6
0.513214 6 1 99582.3
0.513214 2 1 107026
0.513214 3 1 106590
0.513214 5 1 106699
0.513214 4 1 98720.9
0.513214 1 1 99810.1
0.514214 6 1 99581.4
0.514214 2 1 107023
0.514214 3 1 106604
0.514214 5 1 106697
0.514214 4 1 98713.1
0.514214 1 1 99808.7
0.515214 6 1 99580.5
0.515214 2 1 107021
0.515214 3 1 106618
0.515214 5 1 106696
0.515214 4 1 98705.3
0.515214 1 1 99807.2
0.516214 6 1 99579.7
0.516214 2 1 107018
0.516214 3 1 106633
0.516214 5 1 106694
0.516214 4 1 98697.6
0.516214 1 1 99805.7
0.517214 6 1 99578.8
0.517214 2 1 107015
0.517214 3 1 106647
0.517214 5 1 106693
0.517214 4 1 98689.8
0.517214 1 1 99804.3
0.518214 6 1 99577.9
0.518214 2 1 107012
0.518214 3 1 106661
0.518214 5 1 106691
0.518214 4 1 98682
0.518214 1 1 99802.8
0.519214 6 1 99577.1
0.519214 2 1 107010
0.519214 3 1 106675
0.519214 5 1 106690
0.519214 4 1 98674.2
0.519214 1 1 99801.4
0.520214 6 1 99576.2
0.520214 2 1 107007
0.520214 3 1 106689
0.520214 5 1 106688
0.520214 4 1 98666.4
0.520214 1 1 99799.9
0.521214 6 1 99575.3
0.521214 2 1 107004
0.521214 3 1 106703
0.521214 5 1 106687
0.521214 4 1 98658.6
0.521214 1 1 99798.5
0.522214 6 1 99574.4
0.522214 2 1 107002
0.522214 3 1 106717
0.522214 5 1 106685
0.522214 4 1 98650.8
0.522214 1 1 99797
0.523214 6 1 99573.6
0.523214 2 1 106999
0.523214 3 1 106732
0.523214 5 1 106684
0.523214 4 1 98643.1
0.523214 1 1 99795.5
0.524214 6 1 99572.7
0.524214 2 1 106996
0.524214 3 1 106746
0.524214 5 1 106682
0.524214 4 1 98635.3
0.524214 1 1 99794.1
0.525214 6 1 99571.8
0.525214 2 1 106994
0.525214 3 1 106760
0.525214 5 1 106681
0.525214 4 1 98627.5
0.525214 1 1 99792.6
0.526214 6 1 99570.9
0.526214 2 1 106991
0.526214 3 1 106774
0.526214 5 1 106679
0.526214 4 1 98619.7
0.526214 1 1 99791.1
0.527214 6 1 99570
0.527214 2 1 106988
0.527214 3 1 106788
0.527214 5 1 106677
0.527214 4 1 98611.9
0.527214 1 1 99789.7
0.528214 6 1 99569.2
0.528214 2 1 106985
0.528214 3 1 106802
0.528214 5 1 106676
0.528214 4 1 98604.2
0.528214 1 1 99788.2
0.529214 6 1 99568.3
0.529214 2 1 106983
0.529214 3 1 106817
0.529214 5 1 106674
0.529214 4 1 98596.4
0.529214 1 1 99786.7
0.530214 6 1 99567.4
0.530214 2 1 106980
0.530214 3 1 106831
0.530214 5 1 106673
0.530214 4 1 98588.6
0.530214 1 1 99785.3
0.531214 6 1 99566.5
0.531214 2 1 106977
0.531214 3 1 106845
0.531214 5 1 106671
0.531214 4 1 98580.8
0.531214 1 1 99783.8
0.532214 6 1 99565.6
0.532214 2 1 106975
0.532214 3 1 106859
0.532214 5 1 106670
0.532214 4 1 98573.1
0.532214 1 1 99782.3
0.533214 6 1 99564.7
0.533214 2 1 106972
0.533214 3 1 106873
0.533214 5 1 106668
0.533214 4 1 98565.3
0.533214 1 1 99780.8
0.534214 6 1 99563.8
0.534214 2 1 106969
0.534214 3 1 106887
0.534214 5 1 106667
0.534214 4 1 98557.5
0.534214 1 1 99779.4
0.535214 6 1 99562.9
0.535214 2 1 106966
0.535214 3 1 106892
0.535214 5 1 106665
0.535214 4 1 98549.7
0.535214 1 1 99777.9
0.536214 6 1 99562
0.536214 2 1 106964
0.536214 3 1 106897
0.536214 5 1 106664
0.536214 4 1 98542
0.536214 1 1 99776.4
0.537214 6 1 99561.2
0.537214 2 1 106961
0.537214 3 1 106903
0.537214 5 1 106662
0.537214 4 1 98534.2
0.537214 1 1 99774.9
0.538214 6 1 99560.3
0.538214 2 1 106958
0.538214 3 1 106908
0.538214 5 1 106661
0.538214 4 1 98526.4
0.538214 1 1 99773.4
0.539214 6 1 99559.4
0.539214 2 1 106956
0.539214 3 1 106913
0.539214 5 1 106659
0.539214 4 1 98518.7
0.539214 1 1 99772
0.540214 6 1 99558.5
0.540214 2 1 106953
0.540214 3 1 106919
0.540214 5 1 106658
0.540214 4 1 98510.9
0.540214 1 1 99770.5
0.541214 6 1 99557.6
0.541214 2 1 106950
0.541214 3 1 106924
0.541214 5 1 106656
0.541214 4 1 98503.1
0.541214 1 1 99769
0.542214 6 1 99556.7
0.542214 2 1 106948
0.542214 3 1 106929
0.542214 5 1 106654
0.542214 4 1 98495.4
0.542214 1 1 99767.5
0.543214 6 1 99555.8
0.543214 2 1 106945
0.543214 3 1 106934
0.543214 5 1 106653
0.543214 4 1 98487.6
0.543214 1 1 99766
0.544214 6 1 99554.8
0.544214 2 1 106942
0.544214 3 1 106940
0.544214 5 1 106651
0.544214 4 1 98479.8
0.544214 1 1 99764.5
0.545214 6 1 99553.9
0.545214 2 1 106939
0.545214 3 1 106945
0.545214 5 1 106650
0.545214 4 1 98472.1
0.545214 1 1 99763
0.546214 6 1 99553
0.546214 2 1 106937
0.546214 3 1 106950
0.546214 5 1 106648
0.546214 4 1 98464.3
0.546214 1 1 99761.6
0.547214 6 1 99552.1
0.547214 2 1 106934
0.547214 3 1 106955
0.547214 5 1 106647
0.547214 4 1 98456.5
0.547214 1 1 99760.1
0.548214 6 1 99551.2
0.548214 2 1 106931
0.548214 3 1 106961
0.548214 5 1 106645
0.548214 4 1 98448.8
0.548214 1 1 99758.6
0.549214 6 1 99550.3
0.549214 2 1 106929
0.549214 3 1 106966
0.549214 5 1 106644
0.549214 4 1 98441
0.549214 1 1 99757.1
0.550214 6 1 99549.4
0.550214 2 1 106926
0.550214 3 1 106971
0.550214 5 1 106642
0.550214 4 1 98433.3
0.550214 1 1 99755.6
0.551214 6 1 99548.5
0.551214 2 1 106923
0.551214 3 1 106976
0.551214 5 1 106641
0.551214 4 1 98425.5
0.551214 1 1 99754.1
0.552214 6 1 99547.6
0.552214 2 1 106920
0.552214 3 1 106982
0.552214 5 1 106639
0.552214 4 1 98417.7
0.552214 1 1 99752.6
0.553214 6 1 99546.6
0.553214 2 1 106918
0.553214 3 1 106987
0.553214 5 1 106637
0.553214 4 1 98410
0.553214 1 1 99751.1
0.554214 6 1 99545.7
0.554214 2 1 106915
0.554214 3 1 106992
0.554214 5 1 106636
0.554214 4 1 98402.2
0.554214 1 1 99749.6
0.555214 6 1 99544.8
0.555214 2 1 106912
0.555214 3 1 106998
0.555214 5 1 106634
0.555214 4 1 98394.5
0.555214 1 1 99748.1
0.556214 6 1 99543.9
0.556214 2 1 106909
0.556214 3 1 107003
0.556214 5 1 106633
0.556214 4 1 98386.7
0.556214 1 1 99746.6
0.557214 6 1 99543
0.557214 2 1 106907
0.557214 3 1 107008
0.557214 5 1 106631
0.557214 4 1 98378.9
0.557214 1 1 99745.1
0.558214 6 1 99542
0.558214 2 1 106904
0.558214 3 1 107013
0.558214 5 1 106630
0.558214 4 1 98371.2
0.558214 1 1 99743.6
0.559214 6 1 99541.1
0.559214 2 1 106901
0.559214 3 1 107019
0.559214 5 1 106628
0.559214 4 1 98363.4
0.559214 1 1 99742.1
0.560214 6 1 99540.2
0.560214 2 1 106899
0.560214 3 1 107024
0.560214 5 1 106627
0.560214 4 1 98355.7
0.560214 1 1 99740.6
0.561214 6 1 99539.3
0.561214 2 1 106896
0.561214 3 1 107029
0.561214 5 1 106625
0.561214 4 1 98347.9
0.561214 1 1 99739.1
0.562214 6 1 99538.3
0.562214 2 1 106893
0.562214 3 1 107034
0.562214 5 1 106624
0.562214 4 1 98340.2
0.562214 1 1 99737.5
0.563214 6 1 99537.4
0.563214 2 1 106890
0.563214 3 1 107040
0.563214 5 1 106622
0.563214 4 1 98332.4
0.563214 1 1 99736
0.564214 6 1 99536.5
0.564214 2 1 106888
0.564214 3 1 107045
0.564214 5 1 106620
0.564214 4 1 98324.7
0.564214 1 1 99734.5
0.565214 6 1 99535.5
0.565214 2 1 106885
0.565214 3 1 107050
0.565214 5 1 106619
0.565214 4 1 98316.9
0.565214 1 1 99733
0.566214 6 1 99534.6
0.566214 2 1 106882
0.566214 3 1 107055
0.566214 5 1 106617
0.566214 4 1 98309.2
0.566214 1 1 99731.5
0.567214 6 1 99533.7
0.567214 2 1 106880
0.567214 3 1 107061
0.567214 5 1 106616
0.567214 4 1 98301.4
0.567214 1 1 99730
0.568214 6 1 99532.7
0.568214 2 1 106877
0.568214 3 1 107066
0.568214 5 1 106614
0.568214 4 1 98293.7
0.568214 1 1 99728.5
0.569214 6 1 99531.8
0.569214 2 1 106874
0.569214 3 1 107071
0.569214 5 1 106613
0.569214 4 1 98285.9
0.569214 1 1 99726.9
0.570214 6 1 99530.9
0.570214 2 1 106871
0.570214 3 1 107077
0.570214 5 1 106611
0.570214 4 1 98278.2
0.570214 1 1 99725.4
0.571214 6 1 99529.9
0.571214 2 1 106869
0.571214 3 1 107082
0.571214 5 1 106610
0.571214 4 1 98270.4
0.571214 1 1 99723.9
0.572214 6 1 99529
0.572214 2 1 106866
0.572214 3 1 107087
0.572214 5 1 106608
0.572214 4 1 98262.7
0.572214 1 1 99722.4
0.573214 6 1 99528
0.573214 2 1 106863
0.573214 3 1 107092
0.573214 5 1 106606
0.573214 4 1 98255
0.573214 1 1 99727.6
0.574214 6 1 99527.1
0.574214 2 1 106860
0.574214 3 1 107098
0.574214 5 1 106605
0.574214 4 1 98247.2
0.574214 1 1 99737.8
0.575214 6 1 99526.2
0.575214 2 1 106858
0.575214 3 1 107103
0.575214 5 1 106603
0.575214 4 1 98239.5
0.575214 1 1 99747.9
0.576214 6 1 99525.2
0.576214 2 1 106855
0.576214 3 1 107108
0.576214 5 1 106602
0.576214 4 1 98231.7
0.576214 1 1 99758.1
0.577214 6 1 99524.3
0.577214 2 1 106852
0.577214 3 1 107113
0.577214 5 1 106600
0.577214 4 1 98224
0.577214 1 1 99768.2
0.578214 6 1 99523.3
0.578214 2 1 106850
0.578214 3 1 107119
0.578214 5 1 106599
0.578214 4 1 98216.2
0.578214 1 1 99778.4
0.579214 6 1 99522.4
0.579214 2 1 106847
0.579214 3 1 107124
0.579214 5 1 106597
0.579214 4 1 98208.5
0.579214 1 1 99788.6
0.580214 6 1 99521.4
0.580214 2 1 106844
0.580214 3 1 107129
0.580214 5 1 106596
0.580214 4 1 98200.8
0.580214 1 1 99798.7
0.581214 6 1 99520.5
0.581214 2 1 106841
0.581214 3 1 107134
0.581214 5 1 106594
0.581214 4 1 98193
0.581214 1 1 99808.9
0.582214 6 1 99519.5
0.582214 2 1 106839
0.582214 3 1 107140
0.582214 5 1 106592
0.582214 4 1 98185.3
0.582214 1 1 99819
0.583214 6 1 99518.5
0.583214 2 1 106836
0.583214 3 1 107145
0.583214 5 1 106591
0.583214 4 1 98177.6
0.583214 1 1 99829.2
0.584214 6 1 99517.6
0.584214 2 1 106833
0.584214 3 1 107150
0.584214 5 1 106589
0.584214 4 1 98169.8
0.584214 1 1 99839.3
0.585214 6 1 99516.6
0.585214 2 1 106830
0.585214 3 1 107156
0.585214 5 1 106588
0.585214 4 1 98162.1
0.585214 1 1 99849.5
0.586214 6 1 99515.7
0.586214 2 1 106828
0.586214 3 1 107161
0.586214 5 1 106586
0.586214 4 1 98154.4
0.586214 1 1 99859.7
