0.00100001 1 2 28.9997
0.00100001 2 2 32.6275
0.00100001 3 2 10.2137
0.00100001 4 2 14.611
0.00100001 5 2 8.83705
0.00100001 6 2 12.1483
0.00260001 1 2 28.8615
0.00260001 2 2 32.5138
0.00260001 3 2 10.0939
0.00260001 4 2 15.8673
0.00260001 5 2 8.80695
0.00260001 6 2 12.2147
0.00420001 1 2 28.9853
0.00420001 2 2 32.5781
0.00420001 3 2 9.62023
0.00420001 4 2 16.198
0.00420001 5 2 8.73937
0.00420001 6 2 12.2137
0.00580001 1 2 28.9428
0.00580001 2 2 32.5398
0.00580001 3 2 10.1067
0.00580001 4 2 15.0884
0.00580001 5 2 8.62005
0.00580001 6 2 12.2536
0.00740001 1 2 29.0211
0.00740001 2 2 32.5698
0.00740001 3 2 9.98551
0.00740001 4 2 13.6986
0.00740001 5 2 8.54462
0.00740001 6 2 12.2784
0.00900001 1 2 28.9636
0.00900001 2 2 32.6688
0.00900001 3 2 10.0449
0.00900001 4 2 14.6774
0.00900001 5 2 8.4786
0.00900001 6 2 12.3204
0.0106 1 2 29.0238
0.0106 2 2 32.6939
0.0106 3 2 9.38088
0.0106 4 2 16.1947
0.0106 5 2 8.59388
0.0106 6 2 12.2493
0.0122 1 2 28.9733
0.0122 2 2 32.5866
0.0122 3 2 10.0026
0.0122 4 2 16.6659
0.0122 5 2 8.45186
0.0122 6 2 12.1311
0.0138 1 2 28.9946
0.0138 2 2 32.5616
0.0138 3 2 10.1357
0.0138 4 2 15.7017
0.0138 5 2 8.42517
0.0138 6 2 12.322
0.0154 1 2 28.9885
0.0154 2 2 32.5815
0.0154 3 2 10.302
0.0154 4 2 14.2711
0.0154 5 2 8.37467
0.0154 6 2 12.3153
0.017 1 2 29.0092
0.017 2 2 32.5921
0.017 3 2 9.74286
0.017 4 2 14.8045
0.017 5 2 8.32497
0.017 6 2 12.2574
0.0186 1 2 28.8716
0.0186 2 2 32.5386
0.0186 3 2 9.42041
0.0186 4 2 16.3
0.0186 5 2 8.25758
0.0186 6 2 12.278
0.0202 1 2 28.7404
0.0202 2 2 32.598
0.0202 3 2 9.93994
0.0202 4 2 17.1036
0.0202 5 2 8.25761
0.0202 6 2 12.4332
0.0218 1 2 28.7949
0.0218 2 2 32.6009
0.0218 3 2 9.64123
0.0218 4 2 16.1694
0.0218 5 2 8.20341
0.0218 6 2 12.4306
0.0234 1 2 28.8885
0.0234 2 2 32.606
0.0234 3 2 9.6021
0.0234 4 2 14.6482
0.0234 5 2 8.12393
0.0234 6 2 12.2969
0.025 1 2 28.8561
0.025 2 2 32.5898
0.025 3 2 9.57181
0.025 4 2 14.8343
0.025 5 2 8.13088
0.025 6 2 12.202
0.0266 1 2 28.8126
0.0266 2 2 32.5673
0.0266 3 2 9.91899
0.0266 4 2 16.2166
0.0266 5 2 8.18999
0.0266 6 2 12.3043
0.0282 1 2 28.8672
0.0282 2 2 32.5722
0.0282 3 2 9.6082
0.0282 4 2 17.177
0.0282 5 2 8.13341
0.0282 6 2 12.2904
0.0298 1 2 28.8052
0.0298 2 2 32.6419
0.0298 3 2 9.29625
0.0298 4 2 16.5471
0.0298 5 2 8.31166
0.0298 6 2 12.4866
0.0314 1 2 28.7082
0.0314 2 2 32.6916
0.0314 3 2 9.87187
0.0314 4 2 15.0634
0.0314 5 2 8.33471
0.0314 6 2 12.4859
0.033 1 2 28.7509
0.033 2 2 32.6941
0.033 3 2 9.86197
0.033 4 2 14.5961
0.033 5 2 8.26823
0.033 6 2 12.5425
0.0346 1 2 28.8901
0.0346 2 2 32.7716
0.0346 3 2 9.84483
0.0346 4 2 15.9021
0.0346 5 2 8.37049
0.0346 6 2 12.5054
0.0362 1 2 28.8337
0.0362 2 2 32.8419
0.0362 3 2 8.93408
0.0362 4 2 16.9913
0.0362 5 2 8.3489
0.0362 6 2 12.5487
0.0378 1 2 28.8426
0.0378 2 2 32.8695
0.0378 3 2 9.36591
0.0378 4 2 16.6882
0.0378 5 2 8.383
0.0378 6 2 12.6234
0.0394 1 2 28.8808
0.0394 2 2 32.9118
0.0394 3 2 9.77271
0.0394 4 2 15.2611
0.0394 5 2 8.46727
0.0394 6 2 12.5805
0.041 1 2 28.9632
0.041 2 2 32.8179
0.041 3 2 9.63005
0.041 4 2 14.5915
0.041 5 2 8.37168
0.041 6 2 12.5332
0.0426 1 2 29.0453
0.0426 2 2 32.7276
0.0426 3 2 9.5689
0.0426 4 2 15.8528
0.0426 5 2 8.39395
0.0426 6 2 12.4753
0.0442 1 2 29.1678
0.0442 2 2 32.6278
0.0442 3 2 9.32348
0.0442 4 2 17.014
0.0442 5 2 8.62288
0.0442 6 2 12.4829
0.0458 1 2 29.2356
0.0458 2 2 32.6049
0.0458 3 2 9.79719
0.0458 4 2 16.7708
0.0458 5 2 8.6788
0.0458 6 2 12.4904
0.0474 1 2 29.3221
0.0474 2 2 32.5221
0.0474 3 2 9.234
0.0474 4 2 15.5409
0.0474 5 2 8.76036
0.0474 6 2 12.6314
0.049 1 2 29.2335
0.049 2 2 32.412
0.049 3 2 9.46171
0.049 4 2 14.1013
0.049 5 2 8.79714
0.049 6 2 12.6793
0.0506 1 2 29.2222
0.0506 2 2 32.4517
0.0506 3 2 9.62301
0.0506 4 2 15.2514
0.0506 5 2 8.85563
0.0506 6 2 12.472
0.0522 1 2 29.2417
0.0522 2 2 32.4444
0.0522 3 2 9.87667
0.0522 4 2 16.5124
0.0522 5 2 8.98158
0.0522 6 2 12.2522
0.0538 1 2 29.3217
0.0538 2 2 32.4591
0.0538 3 2 9.36976
0.0538 4 2 16.7095
0.0538 5 2 9.00645
0.0538 6 2 12.0246
0.0554 1 2 29.3124
0.0554 2 2 32.3874
0.0554 3 2 9.09167
0.0554 4 2 15.4795
0.0554 5 2 8.86644
0.0554 6 2 12.2527
0.057 1 2 29.2941
0.057 2 2 32.3445
0.057 3 2 9.76834
0.057 4 2 14.3345
0.057 5 2 8.83755
0.057 6 2 12.2072
0.0586 1 2 29.3032
0.0586 2 2 32.3905
0.0586 3 2 9.81168
0.0586 4 2 15.167
0.0586 5 2 8.88831
0.0586 6 2 12.3555
0.0602 1 2 29.2463
0.0602 2 2 32.3724
0.0602 3 2 9.88676
0.0602 4 2 16.5694
0.0602 5 2 8.95136
0.0602 6 2 12.2338
0.0618 1 2 29.2682
0.0618 2 2 32.366
0.0618 3 2 9.10804
0.0618 4 2 16.7463
0.0618 5 2 8.91251
0.0618 6 2 12.1769
0.0634 1 2 29.3851
0.0634 2 2 32.3442
0.0634 3 2 9.52129
0.0634 4 2 15.6116
0.0634 5 2 8.90892
0.0634 6 2 11.9747
0.065 1 2 29.4141
0.065 2 2 32.2673
0.065 3 2 9.66783
0.065 4 2 14.0965
0.065 5 2 8.92579
0.065 6 2 12.168
0.0666 1 2 29.4776
0.0666 2 2 32.2083
0.0666 3 2 9.76653
0.0666 4 2 14.7043
0.0666 5 2 9.03561
0.0666 6 2 12.1566
0.0682 1 2 29.4881
0.0682 2 2 32.1495
0.0682 3 2 9.56872
0.0682 4 2 16.144
0.0682 5 2 9.00571
0.0682 6 2 12.15
0.0698 1 2 29.3953
0.0698 2 2 32.1229
0.0698 3 2 9.43265
0.0698 4 2 16.5246
0.0698 5 2 8.97226
0.0698 6 2 12.0607
0.0714 1 2 29.4422
0.0714 2 2 31.9748
0.0714 3 2 9.81227
0.0714 4 2 15.4415
0.0714 5 2 9.04363
0.0714 6 2 12.0525
0.073 1 2 29.4403
0.073 2 2 31.9525
0.073 3 2 9.15634
0.073 4 2 14.1847
0.073 5 2 9.07452
0.073 6 2 12.0733
0.0746 1 2 29.4405
0.0746 2 2 32.0231
0.0746 3 2 9.56483
0.0746 4 2 14.4499
0.0746 5 2 9.12486
0.0746 6 2 12.0594
0.0762 1 2 29.442
0.0762 2 2 32.0737
0.0762 3 2 9.82229
0.0762 4 2 15.8926
0.0762 5 2 9.02553
0.0762 6 2 12.148
0.0778 1 2 29.4553
0.0778 2 2 32.2066
0.0778 3 2 9.93237
0.0778 4 2 16.4806
0.0778 5 2 8.98484
0.0778 6 2 12.0627
0.0794 1 2 29.3667
0.0794 2 2 32.1985
0.0794 3 2 9.38324
0.0794 4 2 15.7568
0.0794 5 2 9.03703
0.0794 6 2 12.3034
0.081 1 2 29.3939
0.081 2 2 32.2245
0.081 3 2 9.17695
0.081 4 2 14.3104
0.081 5 2 9.07872
0.081 6 2 12.2274
0.0826 1 2 29.4146
0.0826 2 2 32.3038
0.0826 3 2 10.0031
0.0826 4 2 14.1601
0.0826 5 2 9.03587
0.0826 6 2 12.568
0.0842 1 2 29.3371
0.0842 2 2 32.2484
0.0842 3 2 9.90598
0.0842 4 2 15.9534
0.0842 5 2 8.95934
0.0842 6 2 12.5833
0.0858 1 2 29.3836
0.0858 2 2 32.3298
0.0858 3 2 9.91713
0.0858 4 2 16.6606
0.0858 5 2 8.89389
0.0858 6 2 12.5256
0.0874 1 2 29.4094
0.0874 2 2 32.3008
0.0874 3 2 9.38859
0.0874 4 2 16.2727
0.0874 5 2 8.89929
0.0874 6 2 12.4516
0.089 1 2 29.3203
0.089 2 2 32.3057
0.089 3 2 9.59678
0.089 4 2 14.6514
0.089 5 2 8.9391
0.089 6 2 12.5933
0.0906 1 2 29.2621
0.0906 2 2 32.3532
0.0906 3 2 9.76352
0.0906 4 2 14.251
0.0906 5 2 9.09958
0.0906 6 2 12.6424
0.0922 1 2 29.1625
0.0922 2 2 32.3133
0.0922 3 2 9.61
0.0922 4 2 15.726
0.0922 5 2 9.0103
0.0922 6 2 12.5882
0.0938 1 2 29.2591
0.0938 2 2 32.2997
0.0938 3 2 9.75846
0.0938 4 2 16.743
0.0938 5 2 9.01675
0.0938 6 2 12.88
0.0954 1 2 29.308
0.0954 2 2 32.317
0.0954 3 2 9.7165
0.0954 4 2 16.4471
0.0954 5 2 9.05318
0.0954 6 2 12.7629
0.097 1 2 29.3115
0.097 2 2 32.3121
0.097 3 2 9.89792
0.097 4 2 14.8725
0.097 5 2 9.07055
0.097 6 2 12.841
0.0986 1 2 29.2159
0.0986 2 2 32.3258
0.0986 3 2 9.08482
0.0986 4 2 14.27
0.0986 5 2 9.22577
0.0986 6 2 12.8519
0.1002 1 2 29.2124
0.1002 2 2 32.276
0.1002 3 2 9.43474
0.1002 4 2 15.6022
0.1002 5 2 9.20416
0.1002 6 2 12.899
0.1018 1 2 29.2029
0.1018 2 2 32.262
0.1018 3 2 9.71481
0.1018 4 2 16.8145
0.1018 5 2 9.18409
0.1018 6 2 12.7764
0.1034 1 2 29.0806
0.1034 2 2 29.4007
0.1034 3 2 9.48238
0.1034 4 2 14.6866
0.1034 5 2 9.04162
0.1034 6 2 15.6384
0.105 1 2 29.0926
0.105 2 2 29.4548
0.105 3 2 9.00665
0.105 4 2 13.9777
0.105 5 2 8.99779
0.105 6 2 15.8422
0.1066 1 2 29.0479
0.1066 2 2 29.4024
0.1066 3 2 9.11167
0.1066 4 2 13.8254
0.1066 5 2 8.92783
0.1066 6 2 15.8608
0.1082 1 2 29.0423
0.1082 2 2 29.4746
0.1082 3 2 9.52531
0.1082 4 2 14.3181
0.1082 5 2 8.97315
0.1082 6 2 15.8508
0.1098 1 2 29.0812
0.1098 2 2 29.4909
0.1098 3 2 9.58696
0.1098 4 2 14.8771
0.1098 5 2 8.93648
0.1098 6 2 15.5955
0.1114 1 2 29.1855
0.1114 2 2 29.4404
0.1114 3 2 9.24411
0.1114 4 2 14.802
0.1114 5 2 8.82239
0.1114 6 2 15.5112
0.113 1 2 29.215
0.113 2 2 29.5019
0.113 3 2 9.30812
0.113 4 2 13.962
0.113 5 2 9.08231
0.113 6 2 15.6235
0.1146 1 2 29.1949
0.1146 2 2 29.4603
0.1146 3 2 9.81377
0.1146 4 2 13.394
0.1146 5 2 9.5916
0.1146 6 2 15.7194
0.1162 1 2 29.2422
0.1162 2 2 29.4622
0.1162 3 2 10.0867
0.1162 4 2 13.7866
0.1162 5 2 9.39388
0.1162 6 2 15.6697
0.1178 1 2 29.2981
0.1178 2 2 29.4052
0.1178 3 2 9.63688
0.1178 4 2 14.715
0.1178 5 2 8.96596
0.1178 6 2 15.4205
0.1194 1 2 29.3008
0.1194 2 2 29.3855
0.1194 3 2 9.43688
0.1194 4 2 14.8491
0.1194 5 2 8.89677
0.1194 6 2 15.2186
0.121 1 2 29.3803
0.121 2 2 29.3462
0.121 3 2 9.75088
0.121 4 2 14.2285
0.121 5 2 9.16687
0.121 6 2 15.1764
0.1226 1 2 29.3907
0.1226 2 2 29.4145
0.1226 3 2 9.93912
0.1226 4 2 13.7453
0.1226 5 2 9.17353
0.1226 6 2 15.2598
0.1242 1 2 29.4329
0.1242 2 2 29.3812
0.1242 3 2 9.4905
0.1242 4 2 14.0958
0.1242 5 2 9.34242
0.1242 6 2 15.1967
0.1258 1 2 29.3192
0.1258 2 2 29.432
0.1258 3 2 9.05203
0.1258 4 2 14.6809
0.1258 5 2 9.52916
0.1258 6 2 15.1414
0.1274 1 2 29.2709
0.1274 2 2 29.516
0.1274 3 2 9.28517
0.1274 4 2 14.7882
0.1274 5 2 9.46025
0.1274 6 2 14.9459
0.129 1 2 29.2722
0.129 2 2 29.3866
0.129 3 2 9.51914
0.129 4 2 14.1101
0.129 5 2 9.1394
0.129 6 2 14.8144
0.1306 1 2 29.3368
0.1306 2 2 29.4651
0.1306 3 2 9.53051
0.1306 4 2 13.2281
0.1306 5 2 9.22848
0.1306 6 2 14.8792
0.1322 1 2 29.2871
0.1322 2 2 29.5136
0.1322 3 2 9.61891
0.1322 4 2 13.2401
0.1322 5 2 9.64682
0.1322 6 2 14.9013
0.1338 1 2 29.2605
0.1338 2 2 29.4895
0.1338 3 2 9.96691
0.1338 4 2 13.9159
0.1338 5 2 9.66845
0.1338 6 2 14.7225
0.1354 1 2 29.4062
0.1354 2 2 29.4582
0.1354 3 2 10.1179
0.1354 4 2 14.2563
0.1354 5 2 9.5188
0.1354 6 2 14.637
0.137 1 2 29.329
0.137 2 2 29.4549
0.137 3 2 10.0768
0.137 4 2 13.838
0.137 5 2 9.59544
0.137 6 2 14.6627
0.1386 1 2 29.2604
0.1386 2 2 29.4149
0.1386 3 2 10.2169
0.1386 4 2 13.2875
0.1386 5 2 9.62496
0.1386 6 2 14.6632
0.1402 1 2 29.2545
0.1402 2 2 29.439
0.1402 3 2 10.1683
0.1402 4 2 13.4796
0.1402 5 2 9.52651
0.1402 6 2 14.681
0.1418 1 2 29.2217
0.1418 2 2 29.4704
0.1418 3 2 9.97891
0.1418 4 2 14.2334
0.1418 5 2 9.65831
0.1418 6 2 14.7031
0.1434 1 2 29.2191
0.1434 2 2 29.4825
0.1434 3 2 9.81014
0.1434 4 2 14.5548
0.1434 5 2 9.78951
0.1434 6 2 14.6964
0.145 1 2 29.2074
0.145 2 2 29.4435
0.145 3 2 9.9895
0.145 4 2 14.2383
0.145 5 2 9.82794
0.145 6 2 14.6764
0.1466 1 2 29.2156
0.1466 2 2 29.5389
0.1466 3 2 10.1197
0.1466 4 2 13.3857
0.1466 5 2 9.48072
0.1466 6 2 14.8523
0.1482 1 2 29.2743
0.1482 2 2 29.4596
0.1482 3 2 9.68834
0.1482 4 2 13.1463
0.1482 5 2 9.23407
0.1482 6 2 14.8394
0.1498 1 2 29.1965
0.1498 2 2 29.5763
0.1498 3 2 9.27039
0.1498 4 2 13.7671
0.1498 5 2 9.62893
0.1498 6 2 14.8456
0.1514 1 2 29.2953
0.1514 2 2 29.5489
0.1514 3 2 9.60582
0.1514 4 2 14.2342
0.1514 5 2 9.76943
0.1514 6 2 14.8385
0.153 1 2 29.3568
0.153 2 2 29.517
0.153 3 2 10.2332
0.153 4 2 14.1507
0.153 5 2 9.65694
0.153 6 2 15.0952
0.1546 1 2 29.4376
0.1546 2 2 29.5468
0.1546 3 2 10.2648
0.1546 4 2 13.49
0.1546 5 2 9.69685
0.1546 6 2 15.2307
0.1562 1 2 29.3679
0.1562 2 2 29.5807
0.1562 3 2 9.78385
0.1562 4 2 13.3253
0.1562 5 2 9.76872
0.1562 6 2 15.2912
0.1578 1 2 29.3964
0.1578 2 2 29.626
0.1578 3 2 9.8292
0.1578 4 2 13.9428
0.1578 5 2 9.57374
0.1578 6 2 15.3826
0.1594 1 2 29.3866
0.1594 2 2 29.6218
0.1594 3 2 10.2697
0.1594 4 2 14.6428
0.1594 5 2 9.41939
0.1594 6 2 15.2523
0.161 1 2 29.3527
0.161 2 2 29.6639
0.161 3 2 10.2233
0.161 4 2 14.5999
0.161 5 2 9.80295
0.161 6 2 15.1212
0.1626 1 2 29.3054
0.1626 2 2 29.7329
0.1626 3 2 9.80477
0.1626 4 2 13.7788
0.1626 5 2 9.83499
0.1626 6 2 15.0426
0.1642 1 2 29.2825
0.1642 2 2 29.7957
0.1642 3 2 9.70645
0.1642 4 2 13.2635
0.1642 5 2 9.65953
0.1642 6 2 14.9719
0.1658 1 2 29.2841
0.1658 2 2 29.8214
0.1658 3 2 9.94901
0.1658 4 2 13.5994
0.1658 5 2 9.51639
0.1658 6 2 14.9193
0.1674 1 2 29.3226
0.1674 2 2 29.7785
0.1674 3 2 10.2156
0.1674 4 2 14.2335
0.1674 5 2 9.73772
0.1674 6 2 14.9658
0.169 1 2 29.1791
0.169 2 2 29.7711
0.169 3 2 10.0136
0.169 4 2 14.3223
0.169 5 2 9.85717
0.169 6 2 15.0193
0.1706 1 2 29.2318
0.1706 2 2 29.713
0.1706 3 2 9.95425
0.1706 4 2 13.6686
0.1706 5 2 9.75389
0.1706 6 2 15.0474
0.1722 1 2 29.2263
0.1722 2 2 29.648
0.1722 3 2 10.117
0.1722 4 2 13.1326
0.1722 5 2 9.78725
0.1722 6 2 15.0937
0.1738 1 2 29.2149
0.1738 2 2 29.6538
0.1738 3 2 10.19
0.1738 4 2 13.4938
0.1738 5 2 10.0607
0.1738 6 2 15.1045
0.1754 1 2 29.1658
0.1754 2 2 29.6715
0.1754 3 2 10.2146
0.1754 4 2 14.259
0.1754 5 2 9.91292
0.1754 6 2 15.3304
0.177 1 2 29.0995
0.177 2 2 29.7944
0.177 3 2 10.5423
0.177 4 2 14.4346
0.177 5 2 9.64788
0.177 6 2 15.4627
0.1786 1 2 29.0747
0.1786 2 2 29.6995
0.1786 3 2 10.7667
0.1786 4 2 14.0361
0.1786 5 2 9.82956
0.1786 6 2 15.5378
0.1802 1 2 29.1354
0.1802 2 2 29.6807
0.1802 3 2 10.7606
0.1802 4 2 13.2435
0.1802 5 2 10.2274
0.1802 6 2 15.5479
0.1818 1 2 29.2183
0.1818 2 2 29.7454
0.1818 3 2 10.7352
0.1818 4 2 13.3474
0.1818 5 2 10.0374
0.1818 6 2 15.5492
0.1834 1 2 29.3104
0.1834 2 2 29.767
0.1834 3 2 10.9322
0.1834 4 2 14.0369
0.1834 5 2 9.81811
0.1834 6 2 15.4967
0.185 1 2 29.3538
0.185 2 2 29.6708
0.185 3 2 10.9292
0.185 4 2 14.1884
0.185 5 2 9.86925
0.185 6 2 15.47
0.1866 1 2 29.4176
0.1866 2 2 29.7314
0.1866 3 2 10.5378
0.1866 4 2 13.8622
0.1866 5 2 9.92398
0.1866 6 2 15.4151
0.1882 1 2 29.3699
0.1882 2 2 29.7753
0.1882 3 2 10.286
0.1882 4 2 13.3259
0.1882 5 2 9.69033
0.1882 6 2 15.6742
0.1898 1 2 29.2927
0.1898 2 2 29.8547
0.1898 3 2 10.6001
0.1898 4 2 13.5107
0.1898 5 2 9.65779
0.1898 6 2 15.9207
0.1914 1 2 29.2395
0.1914 2 2 29.9248
0.1914 3 2 10.716
0.1914 4 2 14.3289
0.1914 5 2 10.0522
0.1914 6 2 15.8996
0.193 1 2 29.2343
0.193 2 2 29.9539
0.193 3 2 10.3689
0.193 4 2 14.6915
0.193 5 2 9.92485
0.193 6 2 15.7202
0.1946 1 2 29.3351
0.1946 2 2 30.0382
0.1946 3 2 10.1559
0.1946 4 2 14.3839
0.1946 5 2 9.65916
0.1946 6 2 15.7465
0.1962 1 2 29.441
0.1962 2 2 29.9447
0.1962 3 2 10.6322
0.1962 4 2 13.7459
0.1962 5 2 9.78683
0.1962 6 2 15.8126
0.1978 1 2 29.4232
0.1978 2 2 29.9243
0.1978 3 2 11.0876
0.1978 4 2 13.502
0.1978 5 2 10.1183
0.1978 6 2 15.8511
0.1994 1 2 29.4033
0.1994 2 2 29.9176
0.1994 3 2 11.1294
0.1994 4 2 13.8608
0.1994 5 2 10.147
0.1994 6 2 15.9381
0.201 1 2 29.5403
0.201 2 2 29.9396
0.201 3 2 10.8098
0.201 4 2 14.0946
0.201 5 2 9.98584
0.201 6 2 15.9474
0.2026 1 2 29.4849
0.2026 2 2 29.8957
0.2026 3 2 10.9723
0.2026 4 2 13.8886
0.2026 5 2 10.0303
0.2026 6 2 15.9994
0.2042 1 2 29.0711
0.2042 2 2 32.8823
0.2042 3 2 10.1225
0.2042 4 2 15.1718
0.2042 5 2 9.67471
0.2042 6 2 16.7712
0.2058 1 2 29.0018
0.2058 2 2 32.8733
0.2058 3 2 10.6962
0.2058 4 2 13.9003
0.2058 5 2 9.8403
0.2058 6 2 16.8172
0.2074 1 2 28.9366
0.2074 2 2 32.9455
0.2074 3 2 11.7089
0.2074 4 2 14.1005
0.2074 5 2 9.75219
0.2074 6 2 16.8113
0.209 1 2 28.9285
0.209 2 2 32.8958
0.209 3 2 11.1885
0.209 4 2 15.4364
0.209 5 2 9.65646
0.209 6 2 16.7554
0.2106 1 2 28.9357
0.2106 2 2 32.9302
0.2106 3 2 10.3192
0.2106 4 2 16.0719
0.2106 5 2 9.58317
0.2106 6 2 16.8064
0.2122 1 2 28.9201
0.2122 2 2 33.0814
0.2122 3 2 11.2752
0.2122 4 2 15.4129
0.2122 5 2 9.54551
0.2122 6 2 16.9216
0.2138 1 2 28.9094
0.2138 2 2 32.9672
0.2138 3 2 11.8874
0.2138 4 2 14.1892
0.2138 5 2 9.54031
0.2138 6 2 16.8575
0.2154 1 2 28.8794
0.2154 2 2 32.8689
0.2154 3 2 11.1282
0.2154 4 2 14.1582
0.2154 5 2 9.48653
0.2154 6 2 16.8382
0.217 1 2 28.8902
0.217 2 2 32.8267
0.217 3 2 10.3516
0.217 4 2 15.2813
0.217 5 2 9.645
0.217 6 2 16.8098
0.2186 1 2 28.9034
0.2186 2 2 32.8664
0.2186 3 2 11.3952
0.2186 4 2 15.9072
0.2186 5 2 9.86087
0.2186 6 2 16.6631
0.2202 1 2 28.8544
0.2202 2 2 32.8867
0.2202 3 2 12.259
0.2202 4 2 15.4382
0.2202 5 2 9.91996
0.2202 6 2 16.6931
0.2218 1 2 28.8755
0.2218 2 2 32.7554
0.2218 3 2 11.2181
0.2218 4 2 14.2173
0.2218 5 2 10.0571
0.2218 6 2 16.909
0.2234 1 2 28.9634
0.2234 2 2 32.6623
0.2234 3 2 10.463
0.2234 4 2 14.0617
0.2234 5 2 10.048
0.2234 6 2 16.9859
0.225 1 2 28.9831
0.225 2 2 32.7312
0.225 3 2 11.7153
0.225 4 2 15.1336
0.225 5 2 10.0311
0.225 6 2 17.0176
0.2266 1 2 28.9542
0.2266 2 2 32.6098
0.2266 3 2 12.5551
0.2266 4 2 15.8109
0.2266 5 2 10.018
0.2266 6 2 17.1055
0.2282 1 2 29.057
0.2282 2 2 32.6194
0.2282 3 2 11.2921
0.2282 4 2 15.4029
0.2282 5 2 9.82094
0.2282 6 2 17.2199
0.2298 1 2 28.9446
0.2298 2 2 32.6895
0.2298 3 2 10.4246
0.2298 4 2 14.3313
0.2298 5 2 9.86525
0.2298 6 2 17.1563
0.2314 1 2 28.9974
0.2314 2 2 32.7062
0.2314 3 2 11.6272
0.2314 4 2 13.9877
0.2314 5 2 9.87545
0.2314 6 2 17.2369
0.233 1 2 28.991
0.233 2 2 32.7388
0.233 3 2 12.1988
0.233 4 2 15.0487
0.233 5 2 9.80753
0.233 6 2 17.2087
0.2346 1 2 29.0114
0.2346 2 2 32.786
0.2346 3 2 11.3345
0.2346 4 2 15.7705
0.2346 5 2 9.7004
0.2346 6 2 17.103
0.2362 1 2 29.1425
0.2362 2 2 32.8182
0.2362 3 2 10.6323
0.2362 4 2 15.2164
0.2362 5 2 9.90398
0.2362 6 2 17.0895
0.2378 1 2 29.2562
0.2378 2 2 32.7865
0.2378 3 2 11.7529
0.2378 4 2 13.9367
0.2378 5 2 10.0711
0.2378 6 2 17.1861
0.2394 1 2 29.2968
0.2394 2 2 32.7416
0.2394 3 2 12.1948
0.2394 4 2 13.4889
0.2394 5 2 10.088
0.2394 6 2 17.0338
0.241 1 2 29.2794
0.241 2 2 32.8019
0.241 3 2 11.1054
0.241 4 2 14.3625
0.241 5 2 10.2885
0.241 6 2 16.9894
0.2426 1 2 29.2635
0.2426 2 2 32.8241
0.2426 3 2 10.6582
0.2426 4 2 15.3493
0.2426 5 2 10.5076
0.2426 6 2 16.8321
0.2442 1 2 29.2466
0.2442 2 2 32.9812
0.2442 3 2 11.9074
0.2442 4 2 15.3709
0.2442 5 2 10.624
0.2442 6 2 16.8233
0.2458 1 2 29.1677
0.2458 2 2 32.9594
0.2458 3 2 12.3344
0.2458 4 2 14.2095
0.2458 5 2 10.6762
0.2458 6 2 16.8448
0.2474 1 2 29.0403
0.2474 2 2 32.9715
0.2474 3 2 11.1942
0.2474 4 2 13.6517
0.2474 5 2 10.5331
0.2474 6 2 16.8599
0.249 1 2 29.0421
0.249 2 2 33.0262
0.249 3 2 11.0086
0.249 4 2 14.4735
0.249 5 2 10.3169
0.249 6 2 16.8551
0.2506 1 2 28.9985
0.2506 2 2 32.9819
0.2506 3 2 12.198
0.2506 4 2 15.7874
0.2506 5 2 10.2026
0.2506 6 2 16.7206
0.2522 1 2 28.9478
0.2522 2 2 33.0709
0.2522 3 2 12.4239
0.2522 4 2 15.7973
0.2522 5 2 10.234
0.2522 6 2 16.7875
0.2538 1 2 29.1334
0.2538 2 2 33.145
0.2538 3 2 11.5111
0.2538 4 2 14.7801
0.2538 5 2 10.2028
0.2538 6 2 16.7093
0.2554 1 2 29.1272
0.2554 2 2 33.1604
0.2554 3 2 11.6762
0.2554 4 2 13.6659
0.2554 5 2 10.2255
0.2554 6 2 16.8006
0.257 1 2 29.1771
0.257 2 2 33.188
0.257 3 2 12.5518
0.257 4 2 14.3455
0.257 5 2 10.4418
0.257 6 2 16.8021
0.2586 1 2 29.1845
0.2586 2 2 33.2898
0.2586 3 2 12.2524
0.2586 4 2 15.4821
0.2586 5 2 10.4491
0.2586 6 2 16.9223
0.2602 1 2 29.0674
0.2602 2 2 33.3052
0.2602 3 2 11.1798
0.2602 4 2 15.5884
0.2602 5 2 10.6974
0.2602 6 2 16.8883
0.2618 1 2 29.067
0.2618 2 2 33.2908
0.2618 3 2 11.3953
0.2618 4 2 14.6794
0.2618 5 2 10.8812
0.2618 6 2 16.9008
0.2634 1 2 29.152
0.2634 2 2 33.2564
0.2634 3 2 12.6959
0.2634 4 2 13.4751
0.2634 5 2 10.8585
0.2634 6 2 17.0183
0.265 1 2 29.2313
0.265 2 2 33.2823
0.265 3 2 12.448
0.265 4 2 13.9182
0.265 5 2 10.951
0.265 6 2 17.1073
0.2666 1 2 29.1838
0.2666 2 2 33.3474
0.2666 3 2 10.8919
0.2666 4 2 15.2156
0.2666 5 2 10.9754
0.2666 6 2 16.9645
0.2682 1 2 29.1889
0.2682 2 2 33.3227
0.2682 3 2 11.2527
0.2682 4 2 15.7239
0.2682 5 2 10.8135
0.2682 6 2 16.9796
0.2698 1 2 29.2718
0.2698 2 2 33.2822
0.2698 3 2 12.5353
0.2698 4 2 14.7766
0.2698 5 2 10.7204
0.2698 6 2 16.9299
0.2714 1 2 29.2451
0.2714 2 2 33.2726
0.2714 3 2 12.5547
0.2714 4 2 13.5739
0.2714 5 2 10.6284
0.2714 6 2 16.9601
0.273 1 2 29.2359
0.273 2 2 33.3102
0.273 3 2 11.0602
0.273 4 2 13.6479
0.273 5 2 10.6163
0.273 6 2 16.9093
0.2746 1 2 29.3337
0.2746 2 2 33.3551
0.2746 3 2 11.3052
0.2746 4 2 14.9306
0.2746 5 2 10.7029
0.2746 6 2 16.9148
0.2762 1 2 29.2356
0.2762 2 2 33.3508
0.2762 3 2 12.414
0.2762 4 2 15.7122
0.2762 5 2 10.7773
0.2762 6 2 16.7989
0.2778 1 2 29.2109
0.2778 2 2 33.3317
0.2778 3 2 12.2044
0.2778 4 2 15.1991
0.2778 5 2 10.9074
0.2778 6 2 16.9754
0.2794 1 2 29.1944
0.2794 2 2 33.3537
0.2794 3 2 11.0997
0.2794 4 2 13.9172
0.2794 5 2 11.1785
0.2794 6 2 16.9323
0.281 1 2 29.2826
0.281 2 2 33.3794
0.281 3 2 12.7456
0.281 4 2 13.7957
0.281 5 2 11.2892
0.281 6 2 16.9378
0.2826 1 2 29.2016
0.2826 2 2 33.3629
0.2826 3 2 12.8728
0.2826 4 2 15.0761
0.2826 5 2 11.2576
0.2826 6 2 16.8904
0.2842 1 2 29.189
0.2842 2 2 33.4424
0.2842 3 2 12.7687
0.2842 4 2 15.6581
0.2842 5 2 11.386
0.2842 6 2 16.7895
0.2858 1 2 29.2309
0.2858 2 2 33.3922
0.2858 3 2 12.4601
0.2858 4 2 15.3072
0.2858 5 2 11.463
0.2858 6 2 16.8783
0.2874 1 2 29.192
0.2874 2 2 33.3884
0.2874 3 2 12.1807
0.2874 4 2 14.0924
0.2874 5 2 11.4581
0.2874 6 2 17.01
0.289 1 2 29.2637
0.289 2 2 33.332
0.289 3 2 11.8892
0.289 4 2 13.598
0.289 5 2 11.308
0.289 6 2 16.9371
0.2906 1 2 29.2922
0.2906 2 2 33.4335
0.2906 3 2 11.5885
0.2906 4 2 14.687
0.2906 5 2 11.1624
0.2906 6 2 16.8772
0.2922 1 2 29.2996
0.2922 2 2 33.4494
0.2922 3 2 11.4329
0.2922 4 2 15.5036
0.2922 5 2 11.0048
0.2922 6 2 16.8893
0.2938 1 2 29.2516
0.2938 2 2 33.4743
0.2938 3 2 11.4008
0.2938 4 2 15.3146
0.2938 5 2 10.8913
0.2938 6 2 16.8841
0.2954 1 2 29.341
0.2954 2 2 33.537
0.2954 3 2 11.2855
0.2954 4 2 14.1335
0.2954 5 2 11.0035
0.2954 6 2 16.8468
0.297 1 2 29.4187
0.297 2 2 33.5228
0.297 3 2 11.0387
0.297 4 2 13.543
0.297 5 2 11.1269
0.297 6 2 16.8512
0.2986 1 2 29.4246
0.2986 2 2 33.4867
0.2986 3 2 11.1281
0.2986 4 2 14.5587
0.2986 5 2 11.0862
0.2986 6 2 16.8548
0.3002 1 2 29.4293
0.3002 2 2 33.4587
0.3002 3 2 11.254
0.3002 4 2 15.7371
0.3002 5 2 11.2912
0.3002 6 2 16.9514
0.3018 1 2 29.4434
0.3018 2 2 33.4687
0.3018 3 2 11.0893
0.3018 4 2 15.6096
0.3018 5 2 11.3664
0.3018 6 2 17.1212
0.3034 1 2 29.371
0.3034 2 2 33.4515
0.3034 3 2 10.9712
0.3034 4 2 14.3671
0.3034 5 2 11.39
0.3034 6 2 17.1011
0.305 1 2 29.7911
0.305 2 2 33.531
0.305 3 2 10.945
0.305 4 2 14.2052
0.305 5 2 8.72712
0.305 6 2 3.74891
0.3066 1 2 29.844
0.3066 2 2 33.5265
0.3066 3 2 11.1648
0.3066 4 2 14.7439
0.3066 5 2 8.55395
0.3066 6 2 3.60645
0.3082 1 2 29.8504
0.3082 2 2 33.4768
0.3082 3 2 11.183
0.3082 4 2 15.8798
0.3082 5 2 8.6543
0.3082 6 2 3.39442
0.3098 1 2 29.8067
0.3098 2 2 33.5534
0.3098 3 2 11.3131
0.3098 4 2 16.1586
0.3098 5 2 8.71945
0.3098 6 2 3.28709
0.3114 1 2 29.8171
0.3114 2 2 33.496
0.3114 3 2 11.4109
0.3114 4 2 15.175
0.3114 5 2 8.80544
0.3114 6 2 2.82627
0.313 1 2 29.6589
0.313 2 2 33.4749
0.313 3 2 11.5011
0.313 4 2 13.987
0.313 5 2 8.92969
0.313 6 2 2.66711
0.3146 1 2 29.7478
0.3146 2 2 33.476
0.3146 3 2 11.541
0.3146 4 2 14.4655
0.3146 5 2 9.07153
0.3146 6 2 2.755
0.3162 1 2 29.7187
0.3162 2 2 33.4046
0.3162 3 2 11.5837
0.3162 4 2 15.4176
0.3162 5 2 9.00595
0.3162 6 2 2.74627
0.3178 1 2 29.6677
0.3178 2 2 33.3859
0.3178 3 2 11.523
0.3178 4 2 15.7955
0.3178 5 2 9.03447
0.3178 6 2 2.71226
0.3194 1 2 29.6879
0.3194 2 2 33.3256
0.3194 3 2 11.3436
0.3194 4 2 15.0913
0.3194 5 2 9.06339
0.3194 6 2 3.11144
0.321 1 2 29.7346
0.321 2 2 33.3428
0.321 3 2 11.2926
0.321 4 2 15.3903
0.321 5 2 9.28291
0.321 6 2 3.36083
0.3226 1 2 29.7201
0.3226 2 2 33.3518
0.3226 3 2 11.1639
0.3226 4 2 15.3515
0.3226 5 2 9.49377
0.3226 6 2 3.38813
0.3242 1 2 29.7871
0.3242 2 2 33.3773
0.3242 3 2 10.9799
0.3242 4 2 15.2099
0.3242 5 2 9.43386
0.3242 6 2 3.68119
0.3258 1 2 29.7159
0.3258 2 2 33.386
0.3258 3 2 10.8197
0.3258 4 2 15.0225
0.3258 5 2 9.40287
0.3258 6 2 3.96214
0.3274 1 2 29.6943
0.3274 2 2 33.4955
0.3274 3 2 10.8691
0.3274 4 2 14.8745
0.3274 5 2 9.36467
0.3274 6 2 3.89927
0.329 1 2 29.6614
0.329 2 2 33.5866
0.329 3 2 10.7444
0.329 4 2 14.6703
0.329 5 2 9.40017
0.329 6 2 3.71101
0.3306 1 2 29.6954
0.3306 2 2 33.5433
0.3306 3 2 10.7535
0.3306 4 2 14.5359
0.3306 5 2 9.40213
0.3306 6 2 3.55089
0.3322 1 2 29.7486
0.3322 2 2 33.6394
0.3322 3 2 10.4948
0.3322 4 2 14.4162
0.3322 5 2 9.59428
0.3322 6 2 3.12686
0.3338 1 2 29.839
0.3338 2 2 33.585
0.3338 3 2 10.2038
0.3338 4 2 14.1501
0.3338 5 2 9.40221
0.3338 6 2 2.89763
0.3354 1 2 29.9364
0.3354 2 2 33.632
0.3354 3 2 10.2094
0.3354 4 2 14.0389
0.3354 5 2 9.22542
0.3354 6 2 2.78738
0.337 1 2 30.0137
0.337 2 2 33.6513
0.337 3 2 10.0778
0.337 4 2 13.9688
0.337 5 2 9.20847
0.337 6 2 2.47099
0.3386 1 2 29.8337
0.3386 2 2 33.7077
0.3386 3 2 9.8521
0.3386 4 2 13.7132
0.3386 5 2 9.13621
0.3386 6 2 2.14915
0.3402 1 2 29.8386
0.3402 2 2 33.7097
0.3402 3 2 9.48853
0.3402 4 2 13.7254
0.3402 5 2 9.01087
0.3402 6 2 2.09687
0.3418 1 2 29.7295
0.3418 2 2 33.6362
0.3418 3 2 9.23172
0.3418 4 2 13.6749
0.3418 5 2 9.00171
0.3418 6 2 2.28454
0.3434 1 2 29.5996
0.3434 2 2 33.641
0.3434 3 2 9.03918
0.3434 4 2 13.7653
0.3434 5 2 8.93569
0.3434 6 2 2.25918
0.345 1 2 29.6072
0.345 2 2 33.6827
0.345 3 2 8.81772
0.345 4 2 13.6768
0.345 5 2 8.95267
0.345 6 2 2.32209
0.3466 1 2 29.5705
0.3466 2 2 33.6406
0.3466 3 2 8.78194
0.3466 4 2 13.7774
0.3466 5 2 8.85025
0.3466 6 2 2.55267
0.3482 1 2 29.5289
0.3482 2 2 33.6899
0.3482 3 2 8.8532
0.3482 4 2 13.8935
0.3482 5 2 8.79283
0.3482 6 2 2.80761
0.3498 1 2 29.5298
0.3498 2 2 33.6206
0.3498 3 2 8.86562
0.3498 4 2 14.0607
0.3498 5 2 8.80099
0.3498 6 2 2.81319
0.3514 1 2 29.533
0.3514 2 2 33.6199
0.3514 3 2 8.89501
0.3514 4 2 14.1799
0.3514 5 2 8.96072
0.3514 6 2 2.99534
0.353 1 2 29.4967
0.353 2 2 33.6319
0.353 3 2 8.90997
0.353 4 2 14.3103
0.353 5 2 9.04085
0.353 6 2 3.22911
0.3546 1 2 29.4545
0.3546 2 2 33.6073
0.3546 3 2 9.09206
0.3546 4 2 14.4115
0.3546 5 2 9.1097
0.3546 6 2 3.22984
0.3562 1 2 29.4304
0.3562 2 2 33.6105
0.3562 3 2 9.19795
0.3562 4 2 14.555
0.3562 5 2 9.00135
0.3562 6 2 3.01479
0.3578 1 2 29.4522
0.3578 2 2 33.5621
0.3578 3 2 9.30156
0.3578 4 2 14.7789
0.3578 5 2 9.13185
0.3578 6 2 2.93591
0.3594 1 2 29.4105
0.3594 2 2 33.5368
0.3594 3 2 9.40987
0.3594 4 2 14.9357
0.3594 5 2 9.32535
0.3594 6 2 2.90879
0.361 1 2 29.3415
0.361 2 2 33.4606
0.361 3 2 9.47082
0.361 4 2 15.105
0.361 5 2 9.39906
0.361 6 2 2.64222
0.3626 1 2 29.2851
0.3626 2 2 33.4474
0.3626 3 2 9.52924
0.3626 4 2 15.2818
0.3626 5 2 9.3106
0.3626 6 2 2.4026
0.3642 1 2 29.2964
0.3642 2 2 33.4291
0.3642 3 2 9.62793
0.3642 4 2 15.3826
0.3642 5 2 9.24638
0.3642 6 2 2.65745
0.3658 1 2 29.2802
0.3658 2 2 33.4148
0.3658 3 2 9.88087
0.3658 4 2 15.5288
0.3658 5 2 9.18807
0.3658 6 2 2.62955
0.3674 1 2 29.4581
0.3674 2 2 33.492
0.3674 3 2 9.83883
0.3674 4 2 15.68
0.3674 5 2 8.91813
0.3674 6 2 2.36885
0.369 1 2 29.6531
0.369 2 2 33.4382
0.369 3 2 9.94329
0.369 4 2 15.754
0.369 5 2 8.8799
0.369 6 2 2.57676
0.3706 1 2 29.5595
0.3706 2 2 33.4642
0.3706 3 2 10.1516
0.3706 4 2 15.8333
0.3706 5 2 8.81295
0.3706 6 2 2.69479
0.3722 1 2 29.584
0.3722 2 2 33.5213
0.3722 3 2 10.0735
0.3722 4 2 15.8897
0.3722 5 2 8.70104
0.3722 6 2 2.91418
0.3738 1 2 29.5837
0.3738 2 2 33.5217
0.3738 3 2 9.89904
0.3738 4 2 16.011
0.3738 5 2 8.73568
0.3738 6 2 3.25269
0.3754 1 2 29.6157
0.3754 2 2 33.4826
0.3754 3 2 9.88232
0.3754 4 2 15.9508
0.3754 5 2 8.90386
0.3754 6 2 3.7066
0.377 1 2 29.4483
0.377 2 2 33.4831
0.377 3 2 9.88852
0.377 4 2 16.0195
0.377 5 2 9.01585
0.377 6 2 3.67223
0.3786 1 2 29.5228
0.3786 2 2 33.3841
0.3786 3 2 9.89156
0.3786 4 2 16.0358
0.3786 5 2 9.10646
0.3786 6 2 3.74983
0.3802 1 2 29.5328
0.3802 2 2 33.4048
0.3802 3 2 9.75892
0.3802 4 2 16.0368
0.3802 5 2 9.16063
0.3802 6 2 3.7771
0.3818 1 2 29.5587
0.3818 2 2 33.4965
0.3818 3 2 9.67498
0.3818 4 2 16.0487
0.3818 5 2 9.11529
0.3818 6 2 3.82483
0.3834 1 2 29.4705
0.3834 2 2 33.5499
0.3834 3 2 9.63645
0.3834 4 2 16.06
0.3834 5 2 9.05834
0.3834 6 2 3.77583
0.385 1 2 29.3132
0.385 2 2 33.5669
0.385 3 2 9.50134
0.385 4 2 15.9481
0.385 5 2 9.05374
0.385 6 2 3.59624
0.3866 1 2 29.2194
0.3866 2 2 33.6215
0.3866 3 2 9.35342
0.3866 4 2 15.9323
0.3866 5 2 9.16267
0.3866 6 2 3.56186
0.3882 1 2 29.2726
0.3882 2 2 33.5909
0.3882 3 2 9.27104
0.3882 4 2 15.7655
0.3882 5 2 9.12659
0.3882 6 2 3.41644
0.3898 1 2 29.3386
0.3898 2 2 33.5708
0.3898 3 2 9.14512
0.3898 4 2 15.7065
0.3898 5 2 9.05843
0.3898 6 2 3.04991
0.3914 1 2 29.324
0.3914 2 2 33.6455
0.3914 3 2 8.98166
0.3914 4 2 15.5008
0.3914 5 2 8.90625
0.3914 6 2 2.90662
0.393 1 2 29.3226
0.393 2 2 33.6094
0.393 3 2 8.76556
0.393 4 2 15.3972
0.393 5 2 8.79073
0.393 6 2 3.03288
0.3946 1 2 29.2684
0.3946 2 2 33.7011
0.3946 3 2 8.72556
0.3946 4 2 15.2217
0.3946 5 2 8.53623
0.3946 6 2 2.83532
0.3962 1 2 29.288
0.3962 2 2 33.701
0.3962 3 2 8.80371
0.3962 4 2 15.2052
0.3962 5 2 8.39071
0.3962 6 2 2.61837
0.3978 1 2 29.2129
0.3978 2 2 33.7098
0.3978 3 2 8.66982
0.3978 4 2 14.8945
0.3978 5 2 8.29649
0.3978 6 2 2.96561
0.3994 1 2 29.1726
0.3994 2 2 33.6944
0.3994 3 2 8.56019
0.3994 4 2 14.8712
0.3994 5 2 8.29146
0.3994 6 2 3.13942
0.401 1 2 29.2335
0.401 2 2 33.7005
0.401 3 2 8.51858
0.401 4 2 14.6058
0.401 5 2 8.32431
0.401 6 2 3.08513
0.4026 1 2 29.1908
0.4026 2 2 33.7217
0.4026 3 2 8.53793
0.4026 4 2 14.4824
0.4026 5 2 8.24707
0.4026 6 2 3.3611
0.4042 1 2 28.9262
0.4042 2 2 31.8999
0.4042 3 2 9.6278
0.4042 4 2 16.748
0.4042 5 2 9.70131
0.4042 6 2 17.7392
0.4058 1 2 28.8001
0.4058 2 2 31.9201
0.4058 3 2 9.79984
0.4058 4 2 16.7552
0.4058 5 2 9.42814
0.4058 6 2 17.6986
0.4074 1 2 28.8998
0.4074 2 2 31.8851
0.4074 3 2 9.90762
0.4074 4 2 16.6846
0.4074 5 2 8.83208
0.4074 6 2 17.922
0.409 1 2 28.9713
0.409 2 2 31.8491
0.409 3 2 9.81939
0.409 4 2 16.7535
0.409 5 2 8.89344
0.409 6 2 17.7758
0.4106 1 2 28.8812
0.4106 2 2 31.838
0.4106 3 2 9.7468
0.4106 4 2 16.7277
0.4106 5 2 9.61182
0.4106 6 2 17.8301
0.4122 1 2 28.817
0.4122 2 2 31.8551
0.4122 3 2 9.56532
0.4122 4 2 16.7811
0.4122 5 2 9.66066
0.4122 6 2 17.8705
0.4138 1 2 28.9743
0.4138 2 2 31.8451
0.4138 3 2 9.54289
0.4138 4 2 16.7331
0.4138 5 2 9.14424
0.4138 6 2 17.8568
0.4154 1 2 29.125
0.4154 2 2 31.9143
0.4154 3 2 9.45187
0.4154 4 2 16.7682
0.4154 5 2 9.0933
0.4154 6 2 17.8371
0.417 1 2 29.123
0.417 2 2 31.8702
0.417 3 2 9.3641
0.417 4 2 16.8001
0.417 5 2 9.7701
0.417 6 2 17.8453
0.4186 1 2 29.1295
0.4186 2 2 31.813
0.4186 3 2 9.28265
0.4186 4 2 16.8859
0.4186 5 2 9.9382
0.4186 6 2 17.8838
0.4202 1 2 29.1131
0.4202 2 2 31.8812
0.4202 3 2 9.04894
0.4202 4 2 16.8905
0.4202 5 2 9.654
0.4202 6 2 17.7438
0.4218 1 2 29.131
0.4218 2 2 31.776
0.4218 3 2 8.67546
0.4218 4 2 16.8687
0.4218 5 2 9.41761
0.4218 6 2 17.7399
0.4234 1 2 29.1672
0.4234 2 2 31.7754
0.4234 3 2 8.25837
0.4234 4 2 16.7599
0.4234 5 2 9.44761
0.4234 6 2 17.6677
0.425 1 2 29.1347
0.425 2 2 31.7017
0.425 3 2 8.01715
0.425 4 2 16.7044
0.425 5 2 9.94115
0.425 6 2 17.4692
0.4266 1 2 29.1338
0.4266 2 2 31.73
0.4266 3 2 7.83693
0.4266 4 2 16.6577
0.4266 5 2 10.1176
0.4266 6 2 17.4157
0.4282 1 2 29.24
0.4282 2 2 31.6679
0.4282 3 2 8.01087
0.4282 4 2 16.6327
0.4282 5 2 9.58027
0.4282 6 2 17.6674
0.4298 1 2 29.2778
0.4298 2 2 31.6773
0.4298 3 2 8.15327
0.4298 4 2 16.5797
0.4298 5 2 9.18453
0.4298 6 2 17.7627
0.4314 1 2 29.3407
0.4314 2 2 31.7544
0.4314 3 2 8.14862
0.4314 4 2 16.5062
0.4314 5 2 9.63491
0.4314 6 2 17.7194
0.433 1 2 29.3295
0.433 2 2 31.7473
0.433 3 2 8.08969
0.433 4 2 16.5764
0.433 5 2 10.0803
0.433 6 2 17.683
0.4346 1 2 29.4656
0.4346 2 2 31.7051
0.4346 3 2 7.99398
0.4346 4 2 16.5196
0.4346 5 2 9.5131
0.4346 6 2 17.7331
0.4362 1 2 29.4316
0.4362 2 2 31.7339
0.4362 3 2 7.97509
0.4362 4 2 16.4706
0.4362 5 2 8.9289
0.4362 6 2 17.6968
0.4378 1 2 29.3705
0.4378 2 2 31.7771
0.4378 3 2 8.09559
0.4378 4 2 16.4323
0.4378 5 2 9.12828
0.4378 6 2 17.6914
0.4394 1 2 29.27
0.4394 2 2 31.7221
0.4394 3 2 8.24319
0.4394 4 2 16.4444
0.4394 5 2 9.6656
0.4394 6 2 17.825
0.441 1 2 29.2445
0.441 2 2 31.7361
0.441 3 2 8.44597
0.441 4 2 16.4533
0.441 5 2 9.70751
0.441 6 2 17.7973
0.4426 1 2 29.1617
0.4426 2 2 31.8081
0.4426 3 2 8.62138
0.4426 4 2 16.5272
0.4426 5 2 9.4579
0.4426 6 2 17.7599
0.4442 1 2 29.1474
0.4442 2 2 31.8504
0.4442 3 2 8.89293
0.4442 4 2 16.4786
0.4442 5 2 9.28444
0.4442 6 2 17.8186
0.4458 1 2 29.1439
0.4458 2 2 31.8789
0.4458 3 2 9.1529
0.4458 4 2 16.3736
0.4458 5 2 9.6948
0.4458 6 2 17.7921
0.4474 1 2 29.1676
0.4474 2 2 31.755
0.4474 3 2 9.211
0.4474 4 2 16.2559
0.4474 5 2 10.1363
0.4474 6 2 17.7271
0.449 1 2 29.1763
0.449 2 2 31.7856
0.449 3 2 9.30975
0.449 4 2 16.2128
0.449 5 2 9.81498
0.449 6 2 17.781
0.4506 1 2 29.1866
0.4506 2 2 31.6939
0.4506 3 2 9.36579
0.4506 4 2 16.2492
0.4506 5 2 9.25346
0.4506 6 2 17.7791
0.4522 1 2 29.144
0.4522 2 2 31.6528
0.4522 3 2 9.50831
0.4522 4 2 16.332
0.4522 5 2 9.37669
0.4522 6 2 17.6718
0.4538 1 2 29.1085
0.4538 2 2 31.6946
0.4538 3 2 9.4805
0.4538 4 2 16.269
0.4538 5 2 9.85539
0.4538 6 2 17.7081
0.4554 1 2 29.0634
0.4554 2 2 31.757
0.4554 3 2 9.49778
0.4554 4 2 16.3704
0.4554 5 2 9.74037
0.4554 6 2 17.7117
0.457 1 2 29.1258
0.457 2 2 31.7536
0.457 3 2 9.50864
0.457 4 2 16.3453
0.457 5 2 8.99636
0.457 6 2 17.7874
0.4586 1 2 29.1262
0.4586 2 2 31.6134
0.4586 3 2 9.38336
0.4586 4 2 16.2653
0.4586 5 2 8.7916
0.4586 6 2 17.7687
0.4602 1 2 29.0118
0.4602 2 2 31.6066
0.4602 3 2 9.45083
0.4602 4 2 16.2652
0.4602 5 2 9.16831
0.4602 6 2 17.9515
0.4618 1 2 29.1474
0.4618 2 2 31.5738
0.4618 3 2 9.40218
0.4618 4 2 16.3532
0.4618 5 2 9.54063
0.4618 6 2 17.9889
0.4634 1 2 29.0861
0.4634 2 2 31.5206
0.4634 3 2 9.25546
0.4634 4 2 16.4044
0.4634 5 2 9.29176
0.4634 6 2 17.8824
0.465 1 2 29.0525
0.465 2 2 31.5315
0.465 3 2 9.12841
0.465 4 2 16.243
0.465 5 2 8.7881
0.465 6 2 17.9458
0.4666 1 2 29.0286
0.4666 2 2 31.4746
0.4666 3 2 8.81731
0.4666 4 2 16.2765
0.4666 5 2 8.84347
0.4666 6 2 17.9757
0.4682 1 2 28.9522
0.4682 2 2 31.5678
0.4682 3 2 8.77961
0.4682 4 2 16.2338
0.4682 5 2 9.35523
0.4682 6 2 18.0443
0.4698 1 2 28.9038
0.4698 2 2 31.5903
0.4698 3 2 8.72202
0.4698 4 2 16.212
0.4698 5 2 9.54088
0.4698 6 2 18.0014
0.4714 1 2 28.8332
0.4714 2 2 31.6797
0.4714 3 2 8.6314
0.4714 4 2 16.2549
0.4714 5 2 8.92311
0.4714 6 2 17.8683
0.473 1 2 28.8823
0.473 2 2 31.7527
0.473 3 2 8.40005
0.473 4 2 16.2258
0.473 5 2 8.70654
0.473 6 2 17.9128
0.4746 1 2 28.9489
0.4746 2 2 31.7148
0.4746 3 2 8.25271
0.4746 4 2 16.1686
0.4746 5 2 9.22207
0.4746 6 2 17.8814
0.4762 1 2 28.8392
0.4762 2 2 31.816
0.4762 3 2 8.16988
0.4762 4 2 16.1259
0.4762 5 2 9.58646
0.4762 6 2 17.834
0.4778 1 2 28.8579
0.4778 2 2 31.8234
0.4778 3 2 7.98284
0.4778 4 2 16.2259
0.4778 5 2 9.29161
0.4778 6 2 17.8112
0.4794 1 2 28.8969
0.4794 2 2 31.7822
0.4794 3 2 7.89028
0.4794 4 2 16.1872
0.4794 5 2 8.83353
0.4794 6 2 17.7431
0.481 1 2 28.85
0.481 2 2 31.9138
0.481 3 2 8.01942
0.481 4 2 16.011
0.481 5 2 8.85343
0.481 6 2 17.809
0.4826 1 2 28.9375
0.4826 2 2 31.9103
0.4826 3 2 8.01277
0.4826 4 2 15.9684
0.4826 5 2 9.20063
0.4826 6 2 17.8201
0.4842 1 2 28.8765
0.4842 2 2 31.9044
0.4842 3 2 7.7692
0.4842 4 2 16.0241
0.4842 5 2 9.2961
0.4842 6 2 17.7458
0.4858 1 2 28.8023
0.4858 2 2 31.8734
0.4858 3 2 7.75132
0.4858 4 2 16.1642
0.4858 5 2 8.86984
0.4858 6 2 17.6978
0.4874 1 2 28.7943
0.4874 2 2 32.0151
0.4874 3 2 7.74865
0.4874 4 2 16.183
0.4874 5 2 8.55407
0.4874 6 2 17.8875
0.489 1 2 28.8505
0.489 2 2 31.9958
0.489 3 2 7.87258
0.489 4 2 16.2129
0.489 5 2 9.04044
0.489 6 2 17.8792
0.4906 1 2 28.9115
0.4906 2 2 32.0597
0.4906 3 2 7.94309
0.4906 4 2 16.2478
0.4906 5 2 9.42891
0.4906 6 2 17.9552
0.4922 1 2 28.8225
0.4922 2 2 31.961
0.4922 3 2 8.19629
0.4922 4 2 16.4339
0.4922 5 2 9.00762
0.4922 6 2 18.006
0.4938 1 2 28.7453
0.4938 2 2 32.0441
0.4938 3 2 8.41786
0.4938 4 2 16.4244
0.4938 5 2 8.31305
0.4938 6 2 18.0673
0.4954 1 2 28.7807
0.4954 2 2 32.0651
0.4954 3 2 8.68957
0.4954 4 2 16.4626
0.4954 5 2 8.65167
0.4954 6 2 18.0287
0.497 1 2 28.7509
0.497 2 2 32.1539
0.497 3 2 8.82588
0.497 4 2 16.4673
0.497 5 2 9.20101
0.497 6 2 18.0323
0.4986 1 2 28.685
0.4986 2 2 32.2017
0.4986 3 2 9.01376
0.4986 4 2 16.4792
0.4986 5 2 9.24397
0.4986 6 2 17.9629
0.5002 1 2 28.7052
0.5002 2 2 32.2095
0.5002 3 2 9.02524
0.5002 4 2 16.5565
0.5002 5 2 8.6656
0.5002 6 2 18.0402
0.5018 1 2 28.6898
0.5018 2 2 32.2242
0.5018 3 2 9.23216
0.5018 4 2 16.6645
0.5018 5 2 8.61409
0.5018 6 2 18.0839
0.5034 1 2 28.7203
0.5034 2 2 32.202
0.5034 3 2 9.31651
0.5034 4 2 16.6455
0.5034 5 2 8.81843
0.5034 6 2 17.9475
0.505 1 2 28.4046
0.505 2 2 30.9645
0.505 3 2 8.38423
0.505 4 2 15.9021
0.505 5 2 9.3218
0.505 6 2 11.2038
0.5066 1 2 28.3454
0.5066 2 2 31.0418
0.5066 3 2 8.31893
0.5066 4 2 15.6986
0.5066 5 2 9.25037
0.5066 6 2 11.2724
0.5082 1 2 28.5025
0.5082 2 2 30.9934
0.5082 3 2 8.2759
0.5082 4 2 15.6696
0.5082 5 2 9.21657
0.5082 6 2 11.1619
0.5098 1 2 28.5842
0.5098 2 2 31.0691
0.5098 3 2 8.30331
0.5098 4 2 15.6162
0.5098 5 2 9.10927
0.5098 6 2 10.9751
0.5114 1 2 28.5432
0.5114 2 2 31.1032
0.5114 3 2 8.11593
0.5114 4 2 15.6255
0.5114 5 2 9.03153
0.5114 6 2 10.9853
0.513 1 2 28.5082
0.513 2 2 31.1099
0.513 3 2 7.99694
0.513 4 2 15.6916
0.513 5 2 9.04417
0.513 6 2 11.0169
0.5146 1 2 28.3568
0.5146 2 2 31.1574
0.5146 3 2 8.01119
0.5146 4 2 15.6648
0.5146 5 2 9.06284
0.5146 6 2 11.03
0.5162 1 2 28.3283
0.5162 2 2 31.0622
0.5162 3 2 7.84192
0.5162 4 2 15.7026
0.5162 5 2 9.06859
0.5162 6 2 11.0839
0.5178 1 2 28.4284
0.5178 2 2 31.0957
0.5178 3 2 7.863
0.5178 4 2 15.6274
0.5178 5 2 9.08342
0.5178 6 2 11.4719
0.5194 1 2 28.362
0.5194 2 2 31.1528
0.5194 3 2 7.78692
0.5194 4 2 15.5402
0.5194 5 2 9.11763
0.5194 6 2 11.3281
0.521 1 2 28.4115
0.521 2 2 31.1122
0.521 3 2 7.87572
0.521 4 2 15.4613
0.521 5 2 9.29636
0.521 6 2 11.2579
0.5226 1 2 28.4695
0.5226 2 2 31.1176
0.5226 3 2 8.02262
0.5226 4 2 15.3638
0.5226 5 2 9.31115
0.5226 6 2 11.4996
0.5242 1 2 28.4878
0.5242 2 2 31.1123
0.5242 3 2 8.3001
0.5242 4 2 15.3905
0.5242 5 2 9.3254
0.5242 6 2 11.6531
0.5258 1 2 28.6447
0.5258 2 2 31.0978
0.5258 3 2 8.7265
0.5258 4 2 15.3648
0.5258 5 2 9.43462
0.5258 6 2 11.2974
0.5274 1 2 28.5761
0.5274 2 2 31.0771
0.5274 3 2 8.87264
0.5274 4 2 15.4205
0.5274 5 2 9.5526
0.5274 6 2 11.1443
0.529 1 2 28.5597
0.529 2 2 31.0008
0.529 3 2 8.76019
0.529 4 2 15.4565
0.529 5 2 9.62953
0.529 6 2 11.3486
0.5306 1 2 28.7218
0.5306 2 2 30.981
0.5306 3 2 8.60179
0.5306 4 2 15.4237
0.5306 5 2 9.59553
0.5306 6 2 11.3013
0.5322 1 2 28.7802
0.5322 2 2 30.9867
0.5322 3 2 8.61402
0.5322 4 2 15.4195
0.5322 5 2 9.40141
0.5322 6 2 11.2252
0.5338 1 2 28.8783
0.5338 2 2 31.0302
0.5338 3 2 8.55007
0.5338 4 2 15.5039
0.5338 5 2 9.25409
0.5338 6 2 11.4062
0.5354 1 2 28.7981
0.5354 2 2 31.0135
0.5354 3 2 7.80564
0.5354 4 2 15.5432
0.5354 5 2 9.12374
0.5354 6 2 11.3519
0.537 1 2 28.7673
0.537 2 2 30.9726
0.537 3 2 7.88549
0.537 4 2 15.5594
0.537 5 2 9.12638
0.537 6 2 11.2045
0.5386 1 2 28.8668
0.5386 2 2 30.9682
0.5386 3 2 8.35593
0.5386 4 2 15.5463
0.5386 5 2 9.04813
0.5386 6 2 11.1758
0.5402 1 2 28.9432
0.5402 2 2 30.8231
0.5402 3 2 8.81242
0.5402 4 2 15.5931
0.5402 5 2 8.91075
0.5402 6 2 11.2124
0.5418 1 2 28.8186
0.5418 2 2 30.8552
0.5418 3 2 8.95297
0.5418 4 2 15.6694
0.5418 5 2 8.94369
0.5418 6 2 11.1885
0.5434 1 2 29.0019
0.5434 2 2 30.8557
0.5434 3 2 8.69785
0.5434 4 2 15.6119
0.5434 5 2 8.95386
0.5434 6 2 11.0834
0.545 1 2 28.9908
0.545 2 2 30.8392
0.545 3 2 8.31671
0.545 4 2 15.6381
0.545 5 2 8.90936
0.545 6 2 11.3394
0.5466 1 2 28.9319
0.5466 2 2 30.8474
0.5466 3 2 8.17503
0.5466 4 2 15.5537
0.5466 5 2 8.88249
0.5466 6 2 11.5647
0.5482 1 2 28.9481
0.5482 2 2 30.8111
0.5482 3 2 8.40352
0.5482 4 2 15.6385
0.5482 5 2 9.00872
0.5482 6 2 11.3468
0.5498 1 2 28.8552
0.5498 2 2 30.7755
0.5498 3 2 8.6596
0.5498 4 2 15.6309
0.5498 5 2 9.13652
0.5498 6 2 11.4443
0.5514 1 2 28.8763
0.5514 2 2 30.7963
0.5514 3 2 8.87698
0.5514 4 2 15.7867
0.5514 5 2 9.22303
0.5514 6 2 11.7105
0.553 1 2 28.9492
0.553 2 2 30.7102
0.553 3 2 8.7484
0.553 4 2 15.8171
0.553 5 2 9.0985
0.553 6 2 11.7353
0.5546 1 2 28.9914
0.5546 2 2 30.7131
0.5546 3 2 8.38198
0.5546 4 2 15.8043
0.5546 5 2 9.12062
0.5546 6 2 11.5782
0.5562 1 2 28.9896
0.5562 2 2 30.6098
0.5562 3 2 8.11751
0.5562 4 2 15.6563
0.5562 5 2 9.15956
0.5562 6 2 11.5481
0.5578 1 2 28.979
0.5578 2 2 30.6267
0.5578 3 2 8.14487
0.5578 4 2 15.5814
0.5578 5 2 9.21054
0.5578 6 2 11.4639
0.5594 1 2 29.0703
0.5594 2 2 30.6794
0.5594 3 2 8.40892
0.5594 4 2 15.6653
0.5594 5 2 9.15325
0.5594 6 2 11.4542
0.561 1 2 29.1509
0.561 2 2 30.6585
0.561 3 2 8.87064
0.561 4 2 15.6175
0.561 5 2 8.89463
0.561 6 2 11.3175
0.5626 1 2 29.1733
0.5626 2 2 30.7488
0.5626 3 2 9.24711
0.5626 4 2 15.6381
0.5626 5 2 8.70314
0.5626 6 2 11.2079
0.5642 1 2 29.1808
0.5642 2 2 30.7125
0.5642 3 2 9.18175
0.5642 4 2 15.6542
0.5642 5 2 8.79839
0.5642 6 2 11.2448
0.5658 1 2 29.1813
0.5658 2 2 30.6403
0.5658 3 2 8.82605
0.5658 4 2 15.6329
0.5658 5 2 8.89335
0.5658 6 2 11.1144
0.5674 1 2 29.2188
0.5674 2 2 30.6317
0.5674 3 2 8.50032
0.5674 4 2 15.5284
0.5674 5 2 8.86822
0.5674 6 2 11.1322
0.569 1 2 29.2276
0.569 2 2 30.6569
0.569 3 2 8.67134
0.569 4 2 15.551
0.569 5 2 8.80139
0.569 6 2 11.2138
0.5706 1 2 29.1297
0.5706 2 2 30.6433
0.5706 3 2 8.92128
0.5706 4 2 15.5101
0.5706 5 2 9.0069
0.5706 6 2 11.1861
0.5722 1 2 29.218
0.5722 2 2 30.5765
0.5722 3 2 9.0723
0.5722 4 2 15.5415
0.5722 5 2 8.98921
0.5722 6 2 11.2628
0.5738 1 2 29.3453
0.5738 2 2 30.5934
0.5738 3 2 9.03711
0.5738 4 2 15.6732
0.5738 5 2 9.20081
0.5738 6 2 11.0822
0.5754 1 2 29.2644
0.5754 2 2 30.6886
0.5754 3 2 8.66257
0.5754 4 2 15.6308
0.5754 5 2 9.23351
0.5754 6 2 11.1653
0.577 1 2 29.333
0.577 2 2 30.6653
0.577 3 2 8.30839
0.577 4 2 15.6709
0.577 5 2 9.27645
0.577 6 2 11.1925
0.5786 1 2 29.3681
0.5786 2 2 30.6862
0.5786 3 2 8.12601
0.5786 4 2 15.7237
0.5786 5 2 9.42475
0.5786 6 2 11.2501
0.5802 1 2 29.4281
0.5802 2 2 30.7299
0.5802 3 2 8.23584
0.5802 4 2 15.7291
0.5802 5 2 9.50163
0.5802 6 2 11.4404
0.5818 1 2 29.3356
0.5818 2 2 30.7149
0.5818 3 2 8.60045
0.5818 4 2 15.5702
0.5818 5 2 9.53361
0.5818 6 2 11.6902
0.5834 1 2 29.3804
0.5834 2 2 30.7596
0.5834 3 2 8.87834
0.5834 4 2 15.5983
0.5834 5 2 9.49309
0.5834 6 2 11.7708
0.585 1 2 29.4008
0.585 2 2 30.7518
0.585 3 2 8.95486
0.585 4 2 15.494
0.585 5 2 9.41549
0.585 6 2 11.3998
