0.006 1 1 0
0.006 2 1 0
0.006 3 1 0
0.006 4 1 0
0.006 5 1 0
0.006 6 1 0
0.012 1 1 4
0.013 2 1 4
0.014 3 1 4
0.015 4 1 4
0.016 5 1 4
0.016 1 1 0
0.016 2 1 0
0.016 3 1 0
0.016 4 1 0
0.016 5 1 0
0.016 6 1 0
0.017 6 1 4
0.022 1 1 0
0.023 2 1 0
0.024 3 1 0
0.025 4 1 0
0.026 5 1 0
0.026 1 1 0
0.026 2 1 0
0.026 3 1 0
0.026 4 1 0
0.026 5 1 0
0.026 6 1 0
0.027 6 1 0
0.0296 1 1 0
0.0296 2 1 0
0.0296 3 1 0
0.0307083 1 1 0
0.0307125 2 1 0
0.0307166 3 1 0
0.032 1 1 7
0.033 2 1 7
0.034 3 1 7
0.0346 4 1 0
0.0346 5 1 0
0.0346 6 1 0
0.035 4 1 7
0.0357083 4 1 0
0.0357125 5 1 0
0.0357166 6 1 0
0.036 5 1 7
0.036 1 1 0
0.036 2 1 0
0.036 3 1 0
0.036 4 1 0
0.036 5 1 0
0.036 6 1 0
0.037 6 1 7
0.0387144 6 3 0
0.0387145 2 3 0
0.0387146 3 3 0
0.0387147 5 3 0
0.0387148 4 3 0
0.0387149 1 3 0
0.0396 1 1 0
0.0396 2 1 0
0.0396 3 1 0
0.0407083 1 1 0
0.0407125 2 1 0
0.0407166 3 1 0
0.042 1 1 0
0.042 1 3 0
0.043 2 1 0
0.043 2 3 0
0.0439286 1 3 0
0.0439286 2 3 0
0.0439286 3 3 0
0.044 3 1 0
0.044 3 3 0
0.0446 4 1 0
0.0446 5 1 0
0.0446 6 1 0
0.045 4 1 0
0.045 4 3 0
0.0457083 4 1 0
0.0457125 5 1 0
0.0457166 6 1 0
0.046 5 1 0
0.046 5 3 0
0.046 1 1 15
0.046 2 1 15
0.046 3 1 15
0.046 4 1 0
0.046 5 1 0
0.046 6 1 0
0.047 6 1 0
0.047 6 3 0
0.0487144 6 3 0
0.0487145 2 3 0
0.0487146 3 3 0
0.0487147 5 3 0
0.0487148 4 3 0
0.0487149 1 3 0
0.0489286 4 3 0
0.0489286 5 3 0
0.0489286 6 3 0
0.0496 1 1 0
0.0496 2 1 0
0.0496 3 1 0
0.0507083 1 1 0
0.0507125 2 1 0
0.0507166 3 1 0
0.052 1 1 0
0.052 1 3 0
0.053 2 1 0
0.053 2 3 0
0.0539286 1 3 0
0.0539286 2 3 0
0.0539286 3 3 0
0.054 3 1 0
0.054 3 3 0
0.0546 4 1 0
0.0546 5 1 0
0.0546 6 1 0
0.055 4 1 0
0.055 4 3 0
0.0557083 4 1 0
0.0557125 5 1 0
0.0557166 6 1 0
0.056 5 1 0
0.056 5 3 0
0.056 1 1 15
0.056 2 1 15
0.056 3 1 15
0.056 4 1 15
0.056 5 1 15
0.056 6 1 15
0.057 6 1 0
0.057 6 3 0
0.0587144 6 3 0
0.0587145 2 3 0
0.0587146 3 3 0
0.0587147 5 3 0
0.0587148 4 3 0
0.0587149 1 3 0
0.0589286 4 3 0
0.0589286 5 3 0
0.0589286 6 3 0
0.0596 1 1 0
0.0596 2 1 0
0.0596 3 1 0
0.0607083 1 1 0
0.0607125 2 1 0
0.0607166 3 1 0
0.062 1 1 0
0.062 1 3 0
0.063 2 1 0
0.063 2 3 0
0.0639286 1 3 0
0.0639286 2 3 0
0.0639286 3 3 0
0.064 3 1 0
0.064 3 3 0
0.0646 4 1 0
0.0646 5 1 0
0.0646 6 1 0
0.065 4 1 0
0.065 4 3 0
0.0657083 4 1 0
0.0657125 5 1 0
0.0657166 6 1 0
0.066 5 1 0
0.066 5 3 0
0.066 1 1 15
0.066 2 1 15
0.066 3 1 0
0.066 4 1 15
0.066 5 1 15
0.066 6 1 15
0.067 6 1 0
0.067 6 3 0
0.068 2 3 0
0.0687144 6 3 0
0.0687145 2 3 0
0.0687146 3 3 0
0.0687147 5 3 0
0.0687148 4 3 0
0.0687149 1 3 0
0.0689286 4 3 0
0.0689286 5 3 0
0.0689286 6 3 0
0.0696 1 1 0
0.0696 2 1 0
0.0696 3 1 0
0.0707083 1 1 0
0.0707125 2 1 0
0.0707166 3 1 0
0.072 1 1 3
0.072 1 3 0
0.072 3 3 0
0.073 2 1 3
0.073 2 3 0
0.073 1 3 0
0.0739286 1 3 0
0.0739286 2 3 0
0.0739286 3 3 0
0.074 3 1 3
0.074 3 3 0
0.0746 4 1 0
0.0746 5 1 0
0.0746 6 1 0
0.075 4 1 3
0.075 4 3 0
0.075 6 3 0
0.0757083 4 1 0
0.0757125 5 1 0
0.0757166 6 1 0
0.076 5 1 3
0.076 5 3 0
0.076 5 3 0
0.076 1 1 0
0.076 2 1 0
0.076 3 1 0
0.076 4 1 0
0.076 5 1 0
0.076 6 1 0
0.077 6 1 3
0.077 6 3 0
0.077 4 3 0
0.078 2 3 0
0.0787144 6 3 0
0.0787145 2 3 0
0.0787146 3 3 0
0.0787147 5 3 0
0.0787148 4 3 0
0.0787149 1 3 0
0.0789286 4 3 0
0.0789286 5 3 0
0.0789286 6 3 0
0.0796 1 1 0
0.0796 2 1 0
0.0796 3 1 0
0.0807083 1 1 0
0.0807125 2 1 0
0.0807166 3 1 0
0.082 1 1 0
0.082 1 3 0
0.082 3 3 0
0.083 2 1 3
0.083 2 3 0
0.083 1 3 0
0.0839286 1 3 0
0.0839286 2 3 0
0.0839286 3 3 0
0.084 3 1 3
0.084 3 3 0
0.0846 4 1 0
0.0846 5 1 0
0.0846 6 1 0
0.085 4 1 0
0.085 4 3 0
0.085 6 3 0
0.0857083 4 1 0
0.0857125 5 1 0
0.0857166 6 1 0
0.086 5 1 0
0.086 5 3 0
0.086 5 3 0
0.086 1 1 0
0.086 2 1 0
0.086 3 1 0
0.086 4 1 0
0.086 5 1 0
0.086 6 1 0
0.087 6 1 0
0.087 6 3 0
0.087 4 3 0
0.088 2 3 0
0.0887144 6 3 0
0.0887145 2 3 0
0.0887146 3 3 0
0.0887147 5 3 0
0.0887148 4 3 0
0.0887149 1 3 0
0.0889286 4 3 0
0.0889286 5 3 0
0.0889286 6 3 0
0.0896 1 1 0
0.0896 2 1 0
0.0896 3 1 0
0.0907083 1 1 0
0.0907125 2 1 0
0.0907166 3 1 0
0.092 1 1 0
0.092 1 3 0
0.092 3 3 0
0.093 2 1 0
0.093 2 3 0
0.093 1 3 0
0.0939286 1 3 0
0.0939286 2 3 0
0.0939286 3 3 0
0.094 3 1 0
0.094 3 3 0
0.0946 4 1 0
0.0946 5 1 0
0.0946 6 1 0
0.095 4 1 0
0.095 4 3 0
0.095 6 3 0
0.0957083 4 1 0
0.0957125 5 1 0
0.0957166 6 1 0
0.096 5 1 0
0.096 5 3 0
0.096 5 3 0
0.096 1 1 0
0.096 2 1 0
0.096 3 1 0
0.096 4 1 0
0.096 5 1 0
0.096 6 1 0
0.097 6 1 0
0.097 6 3 0
0.097 4 3 0
0.098 2 3 0
0.0987144 6 3 0
0.0987145 2 3 0
0.0987146 3 3 0
0.0987147 5 3 0
0.0987148 4 3 0
0.0987149 1 3 0
0.0989286 4 3 0
0.0989286 5 3 0
0.0989286 6 3 0
0.0996 1 1 0
0.0996 2 1 0
0.0996 3 1 0
0.100708 1 1 0
0.100712 2 1 0
0.100717 3 1 0
0.102 1 1 0
0.102 1 3 0
0.102 3 3 0
0.103 2 1 0
0.103 2 3 0
0.103 1 3 0
0.103929 1 3 0
0.103929 2 3 0
0.103929 3 3 0
0.104 3 1 0
0.104 3 3 0
0.1046 4 1 0
0.1046 5 1 0
0.1046 6 1 0
0.105 4 1 0
0.105 4 3 0
0.105 6 3 0
0.105708 4 1 0
0.105712 5 1 0
0.105717 6 1 0
0.106 5 1 0
0.106 5 3 0
0.106 5 3 0
0.106 1 1 0
0.106 2 1 0
0.106 3 1 0
0.106 4 1 0
0.106 5 1 0
0.106 6 1 0
0.107 6 1 0
0.107 6 3 0
0.107 4 3 0
0.108 2 3 0
0.108714 6 3 0
0.108715 2 3 0
0.108715 3 3 0
0.108715 5 3 0
0.108715 4 3 0
0.108715 1 3 0
0.108929 4 3 0
0.108929 5 3 0
0.108929 6 3 0
0.1096 1 1 0
0.1096 2 1 0
0.1096 3 1 0
0.110708 1 1 0
0.110712 2 1 0
0.110717 3 1 0
0.112 1 1 0
0.112 1 3 0
0.112 3 3 0
0.113 2 1 0
0.113 2 3 0
0.113 1 3 0
0.113929 1 3 0
0.113929 2 3 0
0.113929 3 3 0
0.114 3 1 0
0.114 3 3 0
0.1146 4 1 0
0.1146 5 1 0
0.1146 6 1 0
0.115 4 1 0
0.115 4 3 0
0.115 6 3 0
0.115708 4 1 0
0.115712 5 1 0
0.115717 6 1 0
0.116 5 1 0
0.116 5 3 0
0.116 5 3 0
0.116 1 1 0
0.116 2 1 0
0.116 3 1 0
0.116 4 1 0
0.116 5 1 0
0.116 6 1 0
0.117 6 1 0
0.117 6 3 0
0.117 4 3 0
0.118 2 3 0
0.118714 6 3 0
0.118715 2 3 0
0.118715 3 3 0
0.118715 5 3 0
0.118715 4 3 0
0.118715 1 3 0
0.118929 4 3 0
0.118929 5 3 0
0.118929 6 3 0
0.1196 1 1 0
0.1196 2 1 0
0.1196 3 1 0
0.120708 1 1 0
0.120712 2 1 0
0.120717 3 1 0
0.122 1 1 0
0.122 1 3 0
0.122 3 3 0
0.123 2 1 0
0.123 2 3 0
0.123 1 3 0
0.123929 1 3 0
0.123929 2 3 0
0.123929 3 3 0
0.124 3 1 0
0.124 3 3 0
0.1246 4 1 0
0.1246 5 1 0
0.1246 6 1 0
0.125 4 1 0
0.125 4 3 0
0.125 6 3 0
0.125708 4 1 0
0.125712 5 1 0
0.125717 6 1 0
0.126 5 1 0
0.126 5 3 0
0.126 5 3 0
0.126 1 1 0
0.126 2 1 0
0.126 3 1 0
0.126 4 1 0
0.126 5 1 0
0.126 6 1 0
0.127 6 1 0
0.127 6 3 0
0.127 4 3 702
0.128 2 3 54
0.128714 6 3 0
0.128715 2 3 0
0.128715 3 3 0
0.128715 5 3 0
0.128715 4 3 0
0.128715 1 3 0
0.128929 4 3 0
0.128929 5 3 0
0.128929 6 3 0
0.1296 1 1 0
0.1296 2 1 0
0.1296 3 1 0
0.130708 1 1 0
0.130712 2 1 0
0.130717 3 1 0
0.132 1 1 0
0.132 1 3 0
0.132 3 3 0
0.133 2 1 0
0.133 2 3 0
0.133 1 3 0
0.133929 1 3 0
0.133929 2 3 0
0.133929 3 3 0
0.134 3 1 0
0.134 3 3 0
0.1346 4 1 0
0.1346 5 1 0
0.1346 6 1 0
0.135 4 1 0
0.135 4 3 0
0.135 6 3 0
0.135708 4 1 0
0.135712 5 1 0
0.135717 6 1 0
0.136 5 1 0
0.136 5 3 0
0.136 5 3 0
0.136 1 1 0
0.136 2 1 0
0.136 3 1 0
0.136 4 1 0
0.136 5 1 0
0.136 6 1 0
0.137 6 1 0
0.137 6 3 0
0.137 4 3 594
0.138 2 3 216
0.138714 6 3 0
0.138715 2 3 0
0.138715 3 3 0
0.138715 5 3 0
0.138715 4 3 0
0.138715 1 3 0
0.138929 4 3 0
0.138929 5 3 0
0.138929 6 3 0
0.1396 1 1 0
0.1396 2 1 0
0.1396 3 1 0
0.140708 1 1 0
0.140712 2 1 0
0.140717 3 1 0
0.142 1 1 0
0.142 1 3 0
0.142 3 3 0
0.143 2 1 0
0.143 2 3 0
0.143 1 3 0
0.143929 1 3 0
0.143929 2 3 0
0.143929 3 3 0
0.144 3 1 0
0.144 3 3 0
0.1446 4 1 0
0.1446 5 1 0
0.1446 6 1 0
0.145 4 1 0
0.145 4 3 0
0.145 6 3 0
0.145708 4 1 0
0.145712 5 1 0
0.145717 6 1 0
0.146 5 1 0
0.146 5 3 0
0.146 5 3 0
0.146 1 1 0
0.146 2 1 0
0.146 3 1 0
0.146 4 1 0
0.146 5 1 0
0.146 6 1 0
0.147 6 1 0
0.147 6 3 0
0.147 4 3 0
0.148 2 3 0
0.148714 6 3 0
0.148715 2 3 0
0.148715 3 3 0
0.148715 5 3 0
0.148715 4 3 0
0.148715 1 3 0
0.148929 4 3 2
0.148929 5 3 0
0.148929 6 3 0
0.1496 1 1 0
0.1496 2 1 0
0.1496 3 1 0
0.150708 1 1 0
0.150712 2 1 0
0.150717 3 1 0
0.152 1 1 0
0.152 1 3 0
0.152 3 3 0
0.153 2 1 0
0.153 2 3 0
0.153 1 3 0
0.153929 1 3 0
0.153929 2 3 0
0.153929 3 3 0
0.154 3 1 0
0.154 3 3 0
0.1546 4 1 0
0.1546 5 1 0
0.1546 6 1 0
0.155 4 1 0
0.155 4 3 0
0.155 6 3 0
0.155708 4 1 0
0.155712 5 1 0
0.155717 6 1 0
0.156 5 1 0
0.156 5 3 0
0.156 5 3 0
0.156 1 1 0
0.156 2 1 0
0.156 3 1 0
0.156 4 1 0
0.156 5 1 0
0.156 6 1 0
0.157 6 1 0
0.157 6 3 0
0.157 4 3 0
0.158 2 3 0
0.158714 6 3 0
0.158715 2 3 0
0.158715 3 3 0
0.158715 5 3 0
0.158715 4 3 0
0.158715 1 3 0
0.158929 4 3 0
0.158929 5 3 0
0.158929 6 3 0
0.1596 1 1 0
0.1596 2 1 0
0.1596 3 1 0
0.160708 1 1 0
0.160712 2 1 0
0.160717 3 1 0
0.162 1 1 0
0.162 1 3 0
0.162 3 3 0
0.163 2 1 0
0.163 2 3 0
0.163 1 3 0
0.163929 1 3 0
0.163929 2 3 17
0.163929 3 3 0
0.164 3 1 0
0.164 3 3 0
0.1646 4 1 0
0.1646 5 1 0
0.1646 6 1 0
0.165 4 1 0
0.165 4 3 0
0.165 6 3 0
0.165708 4 1 0
0.165712 5 1 0
0.165717 6 1 0
0.166 5 1 0
0.166 5 3 0
0.166 5 3 0
0.166 1 1 0
0.166 2 1 0
0.166 3 1 0
0.166 4 1 0
0.166 5 1 0
0.166 6 1 0
0.167 6 1 0
0.167 6 3 0
0.167 4 3 0
0.168 2 3 0
0.168714 6 3 0
0.168715 2 3 0
0.168715 3 3 0
0.168715 5 3 0
0.168715 4 3 0
0.168715 1 3 0
0.168929 4 3 0
0.168929 5 3 0
0.168929 6 3 0
0.1696 1 1 0
0.1696 2 1 0
0.1696 3 1 0
0.170708 1 1 0
0.170712 2 1 0
0.170717 3 1 0
0.172 1 1 0
0.172 1 3 0
0.172 3 3 0
0.173 2 1 0
0.173 2 3 0
0.173 1 3 0
0.173929 1 3 0
0.173929 2 3 0
0.173929 3 3 0
0.174 3 1 0
0.174 3 3 0
0.1746 4 1 0
0.1746 5 1 0
0.1746 6 1 0
0.175 4 1 0
0.175 4 3 0
0.175 6 3 0
0.175708 4 1 0
0.175712 5 1 0
0.175717 6 1 0
0.176 5 1 0
0.176 5 3 0
0.176 5 3 0
0.176 1 1 0
0.176 2 1 0
0.176 3 1 0
0.176 4 1 0
0.176 5 1 0
0.176 6 1 0
0.177 6 1 0
0.177 6 3 0
0.177 4 3 1026
0.178 2 3 0
0.178714 6 3 0
0.178715 2 3 0
0.178715 3 3 0
0.178715 5 3 0
0.178715 4 3 0
0.178715 1 3 0
0.178929 4 3 0
0.178929 5 3 0
0.178929 6 3 0
0.1796 1 1 0
0.1796 2 1 0
0.1796 3 1 0
0.180708 1 1 0
0.180712 2 1 0
0.180717 3 1 0
0.182 1 1 0
0.182 1 3 0
0.182 3 3 0
0.183 2 1 0
0.183 2 3 0
0.183 1 3 0
0.183929 1 3 0
0.183929 2 3 4
0.183929 3 3 0
0.184 3 1 0
0.184 3 3 0
0.1846 4 1 0
0.1846 5 1 0
0.1846 6 1 0
0.185 4 1 0
0.185 4 3 0
0.185 6 3 0
0.185708 4 1 0
0.185712 5 1 0
0.185717 6 1 0
0.186 5 1 0
0.186 5 3 0
0.186 5 3 0
0.186 1 1 0
0.186 2 1 0
0.186 3 1 0
0.186 4 1 0
0.186 5 1 0
0.186 6 1 0
0.187 6 1 0
0.187 6 3 0
0.187 4 3 0
0.188 2 3 0
0.188714 6 3 0
0.188715 2 3 0
0.188715 3 3 0
0.188715 5 3 0
0.188715 4 3 0
0.188715 1 3 0
0.188929 4 3 0
0.188929 5 3 0
0.188929 6 3 2
0.1896 1 1 0
0.1896 2 1 0
0.1896 3 1 0
0.190708 1 1 0
0.190712 2 1 0
0.190717 3 1 0
0.192 1 1 0
0.192 1 3 0
0.192 3 3 0
0.193 2 1 0
0.193 2 3 0
0.193 1 3 0
0.193929 1 3 0
0.193929 2 3 0
0.193929 3 3 0
0.194 3 1 0
0.194 3 3 0
0.1946 4 1 0
0.1946 5 1 0
0.1946 6 1 0
0.195 4 1 0
0.195 4 3 0
0.195 6 3 54
0.195708 4 1 0
0.195712 5 1 0
0.195717 6 1 0
0.196 5 1 0
0.196 5 3 0
0.196 5 3 0
0.196 1 1 0
0.196 2 1 0
0.196 3 1 0
0.196 4 1 0
0.196 5 1 0
0.196 6 1 0
0.197 6 1 0
0.197 6 3 0
0.197 4 3 0
0.198 2 3 0
0.198714 6 3 0
0.198715 2 3 0
0.198715 3 3 0
0.198715 5 3 0
0.198715 4 3 0
0.198715 1 3 0
0.198929 4 3 0
0.198929 5 3 0
0.198929 6 3 0
0.1996 1 1 0
0.1996 2 1 0
0.1996 3 1 0
0.200708 1 1 0
0.200712 2 1 0
0.200717 3 1 0
0.202 1 1 0
0.202 1 3 0
0.202 3 3 0
0.203 2 1 0
0.203 2 3 0
0.203 1 3 0
0.203929 1 3 0
0.203929 2 3 0
0.203929 3 3 0
0.204 3 1 0
0.204 3 3 0
0.2046 4 1 0
0.2046 5 1 0
0.2046 6 1 0
0.205 4 1 0
0.205 4 3 0
0.205 6 3 0
0.205708 4 1 0
0.205712 5 1 0
0.205717 6 1 0
0.206 5 1 0
0.206 5 3 0
0.206 5 3 0
0.206 1 1 0
0.206 2 1 0
0.206 3 1 0
0.206 4 1 0
0.206 5 1 0
0.206 6 1 0
0.207 6 1 0
0.207 6 3 0
0.207 4 3 0
0.208 2 3 0
0.208714 6 3 0
0.208715 2 3 0
0.208715 3 3 0
0.208715 5 3 0
0.208715 4 3 0
0.208715 1 3 0
0.208929 4 3 0
0.208929 5 3 0
0.208929 6 3 0
0.2096 1 1 0
0.2096 2 1 0
0.2096 3 1 0
0.210708 1 1 0
0.210712 2 1 0
0.210717 3 1 0
0.212 1 1 0
0.212 1 3 0
0.212 3 3 0
0.213 2 1 0
0.213 2 3 0
0.213 1 3 0
0.213929 1 3 0
0.213929 2 3 0
0.213929 3 3 0
0.214 3 1 0
0.214 3 3 0
0.2146 4 1 0
0.2146 5 1 0
0.2146 6 1 0
0.215 4 1 0
0.215 4 3 0
0.215 6 3 54
0.215708 4 1 0
0.215712 5 1 0
0.215717 6 1 0
0.216 5 1 0
0.216 5 3 0
0.216 5 3 0
0.216 1 1 0
0.216 2 1 0
0.216 3 1 0
0.216 4 1 0
0.216 5 1 0
0.216 6 1 0
0.217 6 1 0
0.217 6 3 0
0.217 4 3 378
0.218 2 3 0
0.218714 6 3 0
0.218715 2 3 0
0.218715 3 3 0
0.218715 5 3 0
0.218715 4 3 0
0.218715 1 3 0
0.218929 4 3 2908
0.218929 5 3 0
0.218929 6 3 16
0.2196 1 1 0
0.2196 2 1 0
0.2196 3 1 0
0.220708 1 1 0
0.220712 2 1 0
0.220717 3 1 0
0.222 1 1 0
0.222 1 3 0
0.222 3 3 0
0.223 2 1 0
0.223 2 3 0
0.223 1 3 0
0.223929 1 3 0
0.223929 2 3 0
0.223929 3 3 0
0.224 3 1 0
0.224 3 3 0
0.2246 4 1 0
0.2246 5 1 0
0.2246 6 1 0
0.225 4 1 0
0.225 4 3 0
0.225 6 3 0
0.225708 4 1 0
0.225712 5 1 0
0.225717 6 1 0
0.226 5 1 0
0.226 5 3 0
0.226 5 3 0
0.226 1 1 0
0.226 2 1 0
0.226 3 1 0
0.226 4 1 0
0.226 5 1 0
0.226 6 1 0
0.227 6 1 0
0.227 6 3 0
0.227 4 3 1458
0.228 2 3 594
0.228714 6 3 0
0.228715 2 3 0
0.228715 3 3 0
0.228715 5 3 0
0.228715 4 3 0
0.228715 1 3 0
0.228929 4 3 2908
0.228929 5 3 0
0.228929 6 3 0
0.2296 1 1 0
0.2296 2 1 0
0.2296 3 1 0
0.230708 1 1 0
0.230712 2 1 0
0.230717 3 1 0
0.232 1 1 0
0.232 1 3 0
0.232 3 3 0
0.233 2 1 0
0.233 2 3 0
0.233 1 3 0
0.233929 1 3 0
0.233929 2 3 0
0.233929 3 3 0
0.234 3 1 0
0.234 3 3 0
0.2346 4 1 0
0.2346 5 1 0
0.2346 6 1 0
0.235 4 1 0
0.235 4 3 0
0.235 6 3 0
0.235708 4 1 0
0.235712 5 1 0
0.235717 6 1 0
0.236 5 1 0
0.236 5 3 0
0.236 5 3 0
0.236 1 1 0
0.236 2 1 0
0.236 3 1 0
0.236 4 1 0
0.236 5 1 0
0.236 6 1 0
0.237 6 1 0
0.237 6 3 0
0.237 4 3 0
0.238 2 3 0
0.238714 6 3 0
0.238715 2 3 0
0.238715 3 3 0
0.238715 5 3 0
0.238715 4 3 0
0.238715 1 3 0
0.238929 4 3 0
0.238929 5 3 0
0.238929 6 3 0
0.2396 1 1 0
0.2396 2 1 0
0.2396 3 1 0
0.240708 1 1 0
0.240712 2 1 0
0.240717 3 1 0
0.242 1 1 0
0.242 1 3 0
0.242 3 3 0
0.243 2 1 0
0.243 2 3 0
0.243 1 3 0
0.243929 1 3 0
0.243929 2 3 0
0.243929 3 3 0
0.244 3 1 0
0.244 3 3 0
0.2446 4 1 0
0.2446 5 1 0
0.2446 6 1 0
0.245 4 1 0
0.245 4 3 0
0.245 6 3 0
0.245708 4 1 0
0.245712 5 1 0
0.245717 6 1 0
0.246 5 1 0
0.246 5 3 0
0.246 5 3 0
0.246 1 1 0
0.246 2 1 0
0.246 3 1 0
0.246 4 1 0
0.246 5 1 0
0.246 6 1 0
0.247 6 1 0
0.247 6 3 0
0.247 4 3 0
0.248 2 3 0
0.248714 6 3 0
0.248715 2 3 0
0.248715 3 3 0
0.248715 5 3 0
0.248715 4 3 0
0.248715 1 3 0
0.248929 4 3 1
0.248929 5 3 0
0.248929 6 3 0
0.2496 1 1 0
0.2496 2 1 0
0.2496 3 1 0
0.250708 1 1 0
0.250712 2 1 0
0.250717 3 1 0
0.252 1 1 0
0.252 1 3 0
0.252 3 3 0
0.253 2 1 0
0.253 2 3 0
0.253 1 3 0
0.253929 1 3 0
0.253929 2 3 0
0.253929 3 3 0
0.254 3 1 0
0.254 3 3 0
0.2546 4 1 0
0.2546 5 1 0
0.2546 6 1 0
0.255 4 1 0
0.255 4 3 0
0.255 6 3 0
0.255708 4 1 0
0.255712 5 1 0
0.255717 6 1 0
0.256 5 1 0
0.256 5 3 0
0.256 5 3 0
0.256 1 1 0
0.256 2 1 0
0.256 3 1 0
0.256 4 1 0
0.256 5 1 0
0.256 6 1 0
0.257 6 1 0
0.257 6 3 0
0.257 4 3 0
0.258 2 3 0
0.258714 6 3 0
0.258715 2 3 0
0.258715 3 3 0
0.258715 5 3 0
0.258715 4 3 0
0.258715 1 3 0
0.258929 4 3 0
0.258929 5 3 0
0.258929 6 3 0
0.2596 1 1 0
0.2596 2 1 0
0.2596 3 1 0
0.260708 1 1 0
0.260712 2 1 0
0.260717 3 1 0
0.262 1 1 0
0.262 1 3 0
0.262 3 3 0
0.263 2 1 0
0.263 2 3 0
0.263 1 3 0
0.263929 1 3 0
0.263929 2 3 14713
0.263929 3 3 0
0.264 3 1 0
0.264 3 3 0
0.2646 4 1 0
0.2646 5 1 0
0.2646 6 1 0
0.265 4 1 0
0.265 4 3 0
0.265 6 3 0
0.265708 4 1 0
0.265712 5 1 0
0.265717 6 1 0
0.266 5 1 0
0.266 5 3 0
0.266 5 3 0
0.266 1 1 0
0.266 2 1 0
0.266 3 1 0
0.266 4 1 0
0.266 5 1 0
0.266 6 1 0
0.267 6 1 0
0.267 6 3 0
0.267 4 3 0
0.268 2 3 0
0.268714 6 3 0
0.268715 2 3 0
0.268715 3 3 0
0.268715 5 3 0
0.268715 4 3 0
0.268715 1 3 0
0.268929 4 3 0
0.268929 5 3 0
0.268929 6 3 0
0.2696 1 1 0
0.2696 2 1 0
0.2696 3 1 0
0.270708 1 1 0
0.270712 2 1 0
0.270717 3 1 0
0.272 1 1 0
0.272 1 3 0
0.272 3 3 0
0.273 2 1 0
0.273 2 3 0
0.273 1 3 0
0.273929 1 3 0
0.273929 2 3 7746
0.273929 3 3 0
0.274 3 1 0
0.274 3 3 0
0.2746 4 1 0
0.2746 5 1 0
0.2746 6 1 0
0.275 4 1 0
0.275 4 3 0
0.275 6 3 0
0.275708 4 1 0
0.275712 5 1 0
0.275717 6 1 0
0.276 5 1 0
0.276 5 3 0
0.276 5 3 0
0.276 1 1 0
0.276 2 1 0
0.276 3 1 0
0.276 4 1 0
0.276 5 1 0
0.276 6 1 0
0.277 6 1 0
0.277 6 3 0
0.277 4 3 0
0.278 2 3 216
0.278714 6 3 0
0.278715 2 3 0
0.278715 3 3 0
0.278715 5 3 0
0.278715 4 3 0
0.278715 1 3 0
0.278929 4 3 26
0.278929 5 3 0
0.278929 6 3 0
0.2796 1 1 0
0.2796 2 1 0
0.2796 3 1 0
0.280708 1 1 0
0.280712 2 1 0
0.280717 3 1 0
0.282 1 1 0
0.282 1 3 0
0.282 3 3 0
0.283 2 1 0
0.283 2 3 0
0.283 1 3 0
0.283929 1 3 0
0.283929 2 3 8
0.283929 3 3 0
0.284 3 1 0
0.284 3 3 0
0.2846 4 1 0
0.2846 5 1 0
0.2846 6 1 0
0.285 4 1 0
0.285 4 3 0
0.285 6 3 0
0.285708 4 1 0
0.285712 5 1 0
0.285717 6 1 0
0.286 5 1 0
0.286 5 3 0
0.286 5 3 0
0.286 1 1 0
0.286 2 1 0
0.286 3 1 0
0.286 4 1 0
0.286 5 1 0
0.286 6 1 0
0.287 6 1 0
0.287 6 3 0
0.287 4 3 0
0.288 2 3 270
0.288714 6 3 0
0.288715 2 3 0
0.288715 3 3 0
0.288715 5 3 0
0.288715 4 3 0
0.288715 1 3 0
0.288929 4 3 1
0.288929 5 3 0
0.288929 6 3 6
0.2896 1 1 0
0.2896 2 1 0
0.2896 3 1 0
0.290708 1 1 0
0.290712 2 1 0
0.290717 3 1 0
0.292 1 1 0
0.292 1 3 0
0.292 3 3 0
0.293 2 1 0
0.293 2 3 0
0.293 1 3 0
0.293929 1 3 0
0.293929 2 3 0
0.293929 3 3 0
0.294 3 1 0
0.294 3 3 0
0.2946 4 1 0
0.2946 5 1 0
0.2946 6 1 0
0.295 4 1 0
0.295 4 3 0
0.295 6 3 0
0.295708 4 1 0
0.295712 5 1 0
0.295717 6 1 0
0.296 5 1 0
0.296 5 3 0
0.296 5 3 0
0.296 1 1 0
0.296 2 1 0
0.296 3 1 0
0.296 4 1 0
0.296 5 1 0
0.296 6 1 0
0.297 6 1 0
0.297 6 3 0
0.297 4 3 0
0.298 2 3 0
0.298714 6 3 0
0.298715 2 3 0
0.298715 3 3 0
0.298715 5 3 0
0.298715 4 3 0
0.298715 1 3 0
0.298929 4 3 0
0.298929 5 3 0
0.298929 6 3 0
0.2996 1 1 0
0.2996 2 1 0
0.2996 3 1 0
0.300708 1 1 0
0.300712 2 1 0
0.300717 3 1 0
0.302 1 1 0
0.302 1 3 0
0.302 3 3 0
0.303 2 1 0
0.303 2 3 0
0.303 1 3 0
0.303929 1 3 0
0.303929 2 3 1
0.303929 3 3 0
0.304 3 1 0
0.304 3 3 0
0.3046 4 1 0
0.3046 5 1 0
0.3046 6 1 0
0.305 4 1 0
0.305 4 3 0
0.305 6 3 0
0.305708 4 1 0
0.305712 5 1 0
0.305717 6 1 0
0.306 5 1 0
0.306 5 3 0
0.306 5 3 0
0.306 1 1 0
0.306 2 1 0
0.306 3 1 0
0.306 4 1 0
0.306 5 1 0
0.306 6 1 0
0.307 6 1 0
0.307 6 3 0
0.307 4 3 0
0.308 2 3 0
0.308714 6 3 0
0.308715 2 3 0
0.308715 3 3 0
0.308715 5 3 0
0.308715 4 3 0
0.308715 1 3 0
0.308929 4 3 4
0.308929 5 3 0
0.308929 6 3 0
0.3096 1 1 0
0.3096 2 1 0
0.3096 3 1 0
0.310708 1 1 0
0.310712 2 1 0
0.310717 3 1 0
0.312 1 1 0
0.312 1 3 0
0.312 3 3 0
0.313 2 1 0
0.313 2 3 0
0.313 1 3 0
0.313929 1 3 0
0.313929 2 3 2926
0.313929 3 3 0
0.314 3 1 0
0.314 3 3 0
0.3146 4 1 0
0.3146 5 1 0
0.3146 6 1 0
0.315 4 1 0
0.315 4 3 0
0.315 6 3 0
0.315708 4 1 0
0.315712 5 1 0
0.315717 6 1 0
0.316 5 1 0
0.316 5 3 0
0.316 5 3 0
0.316 1 1 0
0.316 2 1 0
0.316 3 1 0
0.316 4 1 0
0.316 5 1 0
0.316 6 1 0
0.317 6 1 0
0.317 6 3 0
0.317 4 3 0
0.318 2 3 0
0.318714 6 3 0
0.318715 2 3 0
0.318715 3 3 0
0.318715 5 3 0
0.318715 4 3 0
0.318715 1 3 0
0.318929 4 3 4366
0.318929 5 3 0
0.318929 6 3 6
0.3196 1 1 0
0.3196 2 1 0
0.3196 3 1 0
0.320708 1 1 0
0.320712 2 1 0
0.320717 3 1 0
0.322 1 1 0
0.322 1 3 0
0.322 3 3 0
0.323 2 1 0
0.323 2 3 0
0.323 1 3 0
0.323929 1 3 0
0.323929 2 3 0
0.323929 3 3 0
0.324 3 1 0
0.324 3 3 0
0.3246 4 1 0
0.3246 5 1 0
0.3246 6 1 0
0.325 4 1 0
0.325 4 3 0
0.325 6 3 162
0.325708 4 1 0
0.325712 5 1 0
0.325717 6 1 0
0.326 5 1 0
0.326 5 3 0
0.326 5 3 0
0.326 1 1 0
0.326 2 1 0
0.326 3 1 0
0.326 4 1 0
0.326 5 1 0
0.326 6 1 0
0.327 6 1 0
0.327 6 3 0
0.327 4 3 0
0.328 2 3 0
0.328714 6 3 0
0.328715 2 3 0
0.328715 3 3 0
0.328715 5 3 0
0.328715 4 3 0
0.328715 1 3 0
0.328929 4 3 0
0.328929 5 3 0
0.328929 6 3 769
0.3296 1 1 0
0.3296 2 1 0
0.3296 3 1 0
0.330708 1 1 0
0.330712 2 1 0
0.330717 3 1 0
0.332 1 1 0
0.332 1 3 0
0.332 3 3 0
0.333 2 1 0
0.333 2 3 0
0.333 1 3 0
0.333929 1 3 0
0.333929 2 3 0
0.333929 3 3 0
0.334 3 1 0
0.334 3 3 0
0.3346 4 1 0
0.3346 5 1 0
0.3346 6 1 0
0.335 4 1 0
0.335 4 3 0
0.335 6 3 0
0.335708 4 1 0
0.335712 5 1 0
0.335717 6 1 0
0.336 5 1 0
0.336 5 3 0
0.336 5 3 0
0.336 1 1 0
0.336 2 1 0
0.336 3 1 0
0.336 4 1 0
0.336 5 1 0
0.336 6 1 0
0.337 6 1 0
0.337 6 3 0
0.337 4 3 0
0.338 2 3 0
0.338714 6 3 0
0.338715 2 3 0
0.338715 3 3 0
0.338715 5 3 0
0.338715 4 3 0
0.338715 1 3 0
0.338929 4 3 5827
0.338929 5 3 0
0.338929 6 3 0
0.3396 1 1 0
0.3396 2 1 0
0.3396 3 1 0
0.340708 1 1 0
0.340712 2 1 0
0.340717 3 1 0
0.342 1 1 0
0.342 1 3 0
0.342 3 3 0
0.343 2 1 0
0.343 2 3 0
0.343 1 3 0
0.343929 1 3 0
0.343929 2 3 0
0.343929 3 3 0
0.344 3 1 0
0.344 3 3 0
0.3446 4 1 0
0.3446 5 1 0
0.3446 6 1 0
0.345 4 1 0
0.345 4 3 0
0.345 6 3 0
0.345708 4 1 0
0.345712 5 1 0
0.345717 6 1 0
0.346 5 1 0
0.346 5 3 0
0.346 5 3 0
0.346 1 1 0
0.346 2 1 0
0.346 3 1 0
0.346 4 1 0
0.346 5 1 0
0.346 6 1 0
0.347 6 1 0
0.347 6 3 0
0.347 4 3 1404
0.348 2 3 0
0.348714 6 3 0
0.348715 2 3 0
0.348715 3 3 0
0.348715 5 3 0
0.348715 4 3 0
0.348715 1 3 0
0.348929 4 3 16
0.348929 5 3 0
0.348929 6 3 4
0.3496 1 1 0
0.3496 2 1 0
0.3496 3 1 0
0.350708 1 1 0
0.350712 2 1 0
0.350717 3 1 0
0.352 1 1 0
0.352 1 3 0
0.352 3 3 0
0.353 2 1 0
0.353 2 3 0
0.353 1 3 0
0.353929 1 3 0
0.353929 2 3 37
0.353929 3 3 0
0.354 3 1 0
0.354 3 3 0
0.3546 4 1 0
0.3546 5 1 0
0.3546 6 1 0
0.355 4 1 0
0.355 4 3 0
0.355 6 3 108
0.355708 4 1 0
0.355712 5 1 0
0.355717 6 1 0
0.356 5 1 0
0.356 5 3 0
0.356 5 3 0
0.356 1 1 0
0.356 2 1 0
0.356 3 1 0
0.356 4 1 0
0.356 5 1 0
0.356 6 1 0
0.357 6 1 0
0.357 6 3 0
0.357 4 3 1404
0.358 2 3 108
0.358714 6 3 0
0.358715 2 3 0
0.358715 3 3 0
0.358715 5 3 0
0.358715 4 3 0
0.358715 1 3 0
0.358929 4 3 13
0.358929 5 3 0
0.358929 6 3 24
0.3596 1 1 0
0.3596 2 1 0
0.3596 3 1 0
0.360708 1 1 0
0.360712 2 1 0
0.360717 3 1 0
0.362 1 1 0
0.362 1 3 0
0.362 3 3 0
0.363 2 1 0
0.363 2 3 0
0.363 1 3 0
0.363929 1 3 0
0.363929 2 3 36
0.363929 3 3 0
0.364 3 1 0
0.364 3 3 0
0.3646 4 1 0
0.3646 5 1 0
0.3646 6 1 0
0.365 4 1 0
0.365 4 3 0
0.365 6 3 216
0.365708 4 1 0
0.365712 5 1 0
0.365717 6 1 0
0.366 5 1 0
0.366 5 3 0
0.366 5 3 0
0.366 1 1 0
0.366 2 1 0
0.366 3 1 0
0.366 4 1 0
0.366 5 1 0
0.366 6 1 0
0.367 6 1 0
0.367 6 3 0
0.367 4 3 0
0.368 2 3 0
0.368714 6 3 0
0.368715 2 3 0
0.368715 3 3 0
0.368715 5 3 0
0.368715 4 3 0
0.368715 1 3 0
0.368929 4 3 0
0.368929 5 3 0
0.368929 6 3 13
0.3696 1 1 0
0.3696 2 1 0
0.3696 3 1 0
0.370708 1 1 0
0.370712 2 1 0
0.370717 3 1 0
0.372 1 1 0
0.372 1 3 0
0.372 3 3 0
0.373 2 1 0
0.373 2 3 0
0.373 1 3 0
0.373929 1 3 0
0.373929 2 3 0
0.373929 3 3 0
0.374 3 1 0
0.374 3 3 0
0.3746 4 1 0
0.3746 5 1 0
0.3746 6 1 0
0.375 4 1 0
0.375 4 3 0
0.375 6 3 324
0.375708 4 1 0
0.375712 5 1 0
0.375717 6 1 0
0.376 5 1 0
0.376 5 3 0
0.376 5 3 0
0.376 1 1 0
0.376 2 1 0
0.376 3 1 0
0.376 4 1 0
0.376 5 1 0
0.376 6 1 0
0.377 6 1 0
0.377 6 3 0
0.377 4 3 0
0.378 2 3 162
0.378714 6 3 0
0.378715 2 3 0
0.378715 3 3 0
0.378715 5 3 0
0.378715 4 3 0
0.378715 1 3 0
0.378929 4 3 1
0.378929 5 3 0
0.378929 6 3 8031
0.3796 1 1 0
0.3796 2 1 0
0.3796 3 1 0
0.380708 1 1 0
0.380712 2 1 0
0.380717 3 1 0
0.382 1 1 0
0.382 1 3 0
0.382 3 3 0
0.383 2 1 0
0.383 2 3 0
0.383 1 3 0
0.383929 1 3 0
0.383929 2 3 0
0.383929 3 3 0
0.384 3 1 0
0.384 3 3 0
0.3846 4 1 0
0.3846 5 1 0
0.3846 6 1 0
0.385 4 1 0
0.385 4 3 0
0.385 6 3 0
0.385708 4 1 0
0.385712 5 1 0
0.385717 6 1 0
0.386 5 1 0
0.386 5 3 0
0.386 5 3 0
0.386 1 1 0
0.386 2 1 0
0.386 3 1 0
0.386 4 1 0
0.386 5 1 0
0.386 6 1 0
0.387 6 1 0
0.387 6 3 0
0.387 4 3 378
0.388 2 3 162
0.388714 6 3 0
0.388715 2 3 0
0.388715 3 3 0
0.388715 5 3 0
0.388715 4 3 0
0.388715 1 3 0
0.388929 4 3 22
0.388929 5 3 0
0.388929 6 3 1
0.3896 1 1 0
0.3896 2 1 0
0.3896 3 1 0
0.390708 1 1 0
0.390712 2 1 0
0.390717 3 1 0
0.392 1 1 0
0.392 1 3 0
0.392 3 3 0
0.393 2 1 0
0.393 2 3 0
0.393 1 3 0
0.393929 1 3 0
0.393929 2 3 0
0.393929 3 3 0
0.394 3 1 0
0.394 3 3 0
0.3946 4 1 0
0.3946 5 1 0
0.3946 6 1 0
0.395 4 1 0
0.395 4 3 0
0.395 6 3 54
0.395708 4 1 0
0.395712 5 1 0
0.395717 6 1 0
0.396 5 1 0
0.396 5 3 0
0.396 5 3 0
0.396 1 1 0
0.396 2 1 0
0.396 3 1 0
0.396 4 1 0
0.396 5 1 0
0.396 6 1 0
0.397 6 1 0
0.397 6 3 0
0.397 4 3 972
0.398 2 3 1296
0.398714 6 3 0
0.398715 2 3 0
0.398715 3 3 0
0.398715 5 3 0
0.398715 4 3 0
0.398715 1 3 0
0.398929 4 3 0
0.398929 5 3 0
0.398929 6 3 10192
0.3996 1 1 0
0.3996 2 1 0
0.3996 3 1 0
0.400708 1 1 0
0.400712 2 1 0
0.400717 3 1 0
0.402 1 1 0
0.402 1 3 0
0.402 3 3 0
0.403 2 1 0
0.403 2 3 0
0.403 1 3 0
0.403929 1 3 0
0.403929 2 3 0
0.403929 3 3 0
0.404 3 1 0
0.404 3 3 0
0.4046 4 1 0
0.4046 5 1 0
0.4046 6 1 0
0.405 4 1 0
0.405 4 3 0
0.405 6 3 0
0.405708 4 1 0
0.405712 5 1 0
0.405717 6 1 0
0.406 5 1 0
0.406 5 3 0
0.406 5 3 0
0.406 1 1 0
0.406 2 1 0
0.406 3 1 0
0.406 4 1 0
0.406 5 1 0
0.406 6 1 0
0.407 6 1 0
0.407 6 3 0
0.407 4 3 0
0.408 2 3 648
0.408714 6 3 0
0.408715 2 3 0
0.408715 3 3 0
0.408715 5 3 0
0.408715 4 3 0
0.408715 1 3 0
0.408929 4 3 0
0.408929 5 3 0
0.408929 6 3 4
0.4096 1 1 0
0.4096 2 1 0
0.4096 3 1 0
0.410708 1 1 0
0.410712 2 1 0
0.410717 3 1 0
0.412 1 1 0
0.412 1 3 0
0.412 3 3 0
0.413 2 1 0
0.413 2 3 0
0.413 1 3 0
0.413929 1 3 0
0.413929 2 3 0
0.413929 3 3 0
0.414 3 1 0
0.414 3 3 0
0.4146 4 1 0
0.4146 5 1 0
0.4146 6 1 0
0.415 4 1 0
0.415 4 3 0
0.415 6 3 450
0.415708 4 1 0
0.415712 5 1 0
0.415717 6 1 0
0.416 5 1 0
0.416 5 3 0
0.416 5 3 0
0.416 1 1 0
0.416 2 1 0
0.416 3 1 0
0.416 4 1 0
0.416 5 1 0
0.416 6 1 0
0.417 6 1 0
0.417 6 3 0
0.417 4 3 0
0.418 2 3 216
0.418714 6 3 0
0.418715 2 3 0
0.418715 3 3 0
0.418715 5 3 0
0.418715 4 3 0
0.418715 1 3 0
0.418929 4 3 0
0.418929 5 3 0
0.418929 6 3 3400
0.4196 1 1 0
0.4196 2 1 0
0.4196 3 1 0
0.420708 1 1 0
0.420712 2 1 0
0.420717 3 1 0
0.422 1 1 0
0.422 1 3 0
0.422 3 3 0
0.423 2 1 0
0.423 2 3 0
0.423 1 3 0
0.423929 1 3 0
0.423929 2 3 0
0.423929 3 3 0
0.424 3 1 0
0.424 3 3 0
0.4246 4 1 0
0.4246 5 1 0
0.4246 6 1 0
0.425 4 1 0
0.425 4 3 0
0.425 6 3 54
0.425708 4 1 0
0.425712 5 1 0
0.425717 6 1 0
0.426 5 1 0
0.426 5 3 0
0.426 5 3 0
0.426 1 1 0
0.426 2 1 0
0.426 3 1 0
0.426 4 1 0
0.426 5 1 0
0.426 6 1 0
0.427 6 1 0
0.427 6 3 0
0.427 4 3 1944
0.428 2 3 1458
0.428714 6 3 0
0.428715 2 3 0
0.428715 3 3 0
0.428715 5 3 0
0.428715 4 3 0
0.428715 1 3 0
0.428929 4 3 26
0.428929 5 3 0
0.428929 6 3 1569
0.4296 1 1 0
0.4296 2 1 0
0.4296 3 1 0
0.430708 1 1 0
0.430712 2 1 0
0.430717 3 1 0
0.432 1 1 0
0.432 1 3 0
0.432 3 3 0
0.433 2 1 0
0.433 2 3 0
0.433 1 3 0
0.433929 1 3 0
0.433929 2 3 2932
0.433929 3 3 0
0.434 3 1 0
0.434 3 3 0
0.4346 4 1 0
0.4346 5 1 0
0.4346 6 1 0
0.435 4 1 0
0.435 4 3 0
0.435 6 3 0
0.435708 4 1 0
0.435712 5 1 0
0.435717 6 1 0
0.436 5 1 0
0.436 5 3 0
0.436 5 3 0
0.436 1 1 0
0.436 2 1 0
0.436 3 1 0
0.436 4 1 0
0.436 5 1 0
0.436 6 1 0
0.437 6 1 0
0.437 6 3 0
0.437 4 3 0
0.438 2 3 162
0.438714 6 3 0
0.438715 2 3 0
0.438715 3 3 0
0.438715 5 3 0
0.438715 4 3 0
0.438715 1 3 0
0.438929 4 3 23
0.438929 5 3 3793
0.438929 6 3 12
0.4396 1 1 0
0.4396 2 1 0
0.4396 3 1 0
0.440708 1 1 0
0.440712 2 1 0
0.440717 3 1 0
0.442 1 1 0
0.442 1 3 0
0.442 3 3 0
0.443 2 1 0
0.443 2 3 0
0.443 1 3 0
0.443929 1 3 0
0.443929 2 3 0
0.443929 3 3 0
0.444 3 1 0
0.444 3 3 0
0.4446 4 1 0
0.4446 5 1 0
0.4446 6 1 0
0.445 4 1 0
0.445 4 3 0
0.445 6 3 162
0.445708 4 1 0
0.445712 5 1 0
0.445717 6 1 0
0.446 5 1 0
0.446 5 3 0
0.446 5 3 0
0.446 1 1 0
0.446 2 1 0
0.446 3 1 0
0.446 4 1 0
0.446 5 1 0
0.446 6 1 0
0.447 6 1 0
0.447 6 3 0
0.447 4 3 702
0.448 2 3 0
0.448714 6 3 0
0.448715 2 3 0
0.448715 3 3 0
0.448715 5 3 0
0.448715 4 3 0
0.448715 1 3 0
0.448929 4 3 21810
0.448929 5 3 0
0.448929 6 3 5
0.4496 1 1 0
0.4496 2 1 0
0.4496 3 1 0
0.450708 1 1 0
0.450712 2 1 0
0.450717 3 1 0
0.452 1 1 0
0.452 1 3 0
0.452 3 3 0
0.453 2 1 0
0.453 2 3 0
0.453 1 3 0
0.453929 1 3 0
0.453929 2 3 0
0.453929 3 3 0
0.454 3 1 0
0.454 3 3 0
0.4546 4 1 0
0.4546 5 1 0
0.4546 6 1 0
0.455 4 1 0
0.455 4 3 0
0.455 6 3 0
0.455708 4 1 0
0.455712 5 1 0
0.455717 6 1 0
0.456 5 1 0
0.456 5 3 0
0.456 5 3 0
0.456 1 1 0
0.456 2 1 0
0.456 3 1 0
0.456 4 1 0
0.456 5 1 0
0.456 6 1 0
0.457 6 1 0
0.457 6 3 0
0.457 4 3 0
0.458 2 3 0
0.458714 6 3 0
0.458715 2 3 0
0.458715 3 3 0
0.458715 5 3 0
0.458715 4 3 0
0.458715 1 3 0
0.458929 4 3 4362
0.458929 5 3 0
0.458929 6 3 0
0.4596 1 1 0
0.4596 2 1 0
0.4596 3 1 0
0.460708 1 1 0
0.460712 2 1 0
0.460717 3 1 0
0.462 1 1 0
0.462 1 3 0
0.462 3 3 0
0.463 2 1 0
0.463 2 3 0
0.463 1 3 0
0.463929 1 3 0
0.463929 2 3 5816
0.463929 3 3 0
0.464 3 1 0
0.464 3 3 0
0.4646 4 1 0
0.4646 5 1 0
0.4646 6 1 0
0.465 4 1 0
0.465 4 3 0
0.465 6 3 0
0.465708 4 1 0
0.465712 5 1 0
0.465717 6 1 0
0.466 5 1 0
0.466 5 3 0
0.466 5 3 0
0.466 1 1 0
0.466 2 1 0
0.466 3 1 0
0.466 4 1 0
0.466 5 1 0
0.466 6 1 0
0.467 6 1 0
0.467 6 3 0
0.467 4 3 1458
0.468 2 3 486
0.468714 6 3 0
0.468715 2 3 0
0.468715 3 3 0
0.468715 5 3 0
0.468715 4 3 0
0.468715 1 3 0
0.468929 4 3 0
0.468929 5 3 0
0.468929 6 3 13645
0.4696 1 1 0
0.4696 2 1 0
0.4696 3 1 0
0.470708 1 1 0
0.470712 2 1 0
0.470717 3 1 0
0.472 1 1 0
0.472 1 3 0
0.472 3 3 0
0.473 2 1 0
0.473 2 3 0
0.473 1 3 0
0.473929 1 3 0
0.473929 2 3 31988
0.473929 3 3 0
0.474 3 1 0
0.474 3 3 0
0.4746 4 1 0
0.4746 5 1 0
0.4746 6 1 0
0.475 4 1 0
0.475 4 3 0
0.475 6 3 0
0.475708 4 1 0
0.475712 5 1 0
0.475717 6 1 0
0.476 5 1 0
0.476 5 3 0
0.476 5 3 0
0.476 1 1 0
0.476 2 1 0
0.476 3 1 0
0.476 4 1 0
0.476 5 1 0
0.476 6 1 0
0.477 6 1 0
0.477 6 3 0
0.477 4 3 821
0.478 2 3 54
0.478714 6 3 0
0.478715 2 3 0
0.478715 3 3 0
0.478715 5 3 0
0.478715 4 3 0
0.478715 1 3 0
0.478929 4 3 0
0.478929 5 3 58516
0.478929 6 3 8483
0.4796 1 1 0
0.4796 2 1 0
0.4796 3 1 0
0.480708 1 1 0
0.480712 2 1 0
0.480717 3 1 0
0.482 1 1 0
0.482 1 3 0
0.482 3 3 0
0.483 2 1 0
0.483 2 3 0
0.483 1 3 0
0.483929 1 3 0
0.483929 2 3 0
0.483929 3 3 0
0.484 3 1 0
0.484 3 3 0
0.4846 4 1 0
0.4846 5 1 0
0.4846 6 1 0
0.485 4 1 0
0.485 4 3 0
0.485 6 3 108
0.485708 4 1 0
0.485712 5 1 0
0.485717 6 1 0
0.486 5 1 0
0.486 5 3 0
0.486 5 3 0
0.486 1 1 0
0.486 2 1 0
0.486 3 1 0
0.486 4 1 0
0.486 5 1 0
0.486 6 1 0
0.487 6 1 0
0.487 6 3 0
0.487 4 3 0
0.488 2 3 54
0.488714 6 3 0
0.488715 2 3 0
0.488715 3 3 0
0.488715 5 3 0
0.488715 4 3 0
0.488715 1 3 0
0.488929 4 3 36350
0.488929 5 3 0
0.488929 6 3 13804
0.4896 1 1 0
0.4896 2 1 0
0.4896 3 1 0
0.490708 1 1 0
0.490712 2 1 0
0.490717 3 1 0
0.492 1 1 0
0.492 1 3 0
0.492 3 3 0
0.493 2 1 0
0.493 2 3 0
0.493 1 3 0
0.493929 1 3 0
0.493929 2 3 5865
0.493929 3 3 0
0.494 3 1 0
0.494 3 3 0
0.4946 4 1 0
0.4946 5 1 0
0.4946 6 1 0
0.495 4 1 0
0.495 4 3 0
0.495 6 3 0
0.495708 4 1 0
0.495712 5 1 0
0.495717 6 1 0
0.496 5 1 0
0.496 5 3 0
0.496 5 3 0
0.496 1 1 0
0.496 2 1 0
0.496 3 1 0
0.496 4 1 0
0.496 5 1 0
0.496 6 1 0
0.497 6 1 0
0.497 6 3 0
0.497 4 3 0
0.498 2 3 0
0.498714 6 3 0
0.498715 2 3 0
0.498715 3 3 0
0.498715 5 3 0
0.498715 4 3 0
0.498715 1 3 0
0.498929 4 3 30534
0.498929 5 3 0
0.498929 6 3 29391
0.4996 1 1 0
0.4996 2 1 0
0.4996 3 1 0
0.500708 1 1 0
0.500712 2 1 0
0.500717 3 1 0
0.502 1 1 0
0.502 1 3 0
0.502 3 3 162
0.503 2 1 0
0.503 2 3 0
0.503 1 3 162
0.503929 1 3 1
0.503929 2 3 6763
0.503929 3 3 0
0.504 3 1 0
0.504 3 3 0
0.5046 4 1 0
0.5046 5 1 0
0.5046 6 1 0
0.505 4 1 0
0.505 4 3 0
0.505 6 3 270
0.505708 4 1 0
0.505712 5 1 0
0.505717 6 1 0
0.506 5 1 0
0.506 5 3 0
0.506 5 3 0
0.506 1 1 0
0.506 2 1 0
0.506 3 1 0
0.506 4 1 0
0.506 5 1 0
0.506 6 1 0
0.507 6 1 0
0.507 6 3 0
0.507 4 3 0
0.508 2 3 270
0.508714 6 3 0
0.508715 2 3 0
0.508715 3 3 0
0.508715 5 3 0
0.508715 4 3 0
0.508715 1 3 0
0.508929 4 3 1
0.508929 5 3 0
0.508929 6 3 8363
0.5096 1 1 0
0.5096 2 1 0
0.5096 3 1 0
0.510708 1 1 0
0.510712 2 1 0
0.510717 3 1 0
0.512 1 1 0
0.512 1 3 0
0.512 3 3 0
0.513 2 1 0
0.513 2 3 0
0.513 1 3 0
0.513929 1 3 0
0.513929 2 3 6721
0.513929 3 3 0
0.514 3 1 0
0.514 3 3 0
0.5146 4 1 0
0.5146 5 1 0
0.5146 6 1 0
0.515 4 1 0
0.515 4 3 0
0.515 6 3 0
0.515708 4 1 0
0.515712 5 1 0
0.515717 6 1 0
0.516 5 1 0
0.516 5 3 0
0.516 5 3 0
0.516 1 1 0
0.516 2 1 0
0.516 3 1 0
0.516 4 1 0
0.516 5 1 0
0.516 6 1 0
0.517 6 1 0
0.517 6 3 0
0.517 4 3 0
0.518 2 3 486
0.518714 6 3 0
0.518715 2 3 0
0.518715 3 3 0
0.518715 5 3 0
0.518715 4 3 0
0.518715 1 3 0
0.518929 4 3 11
0.518929 5 3 0
0.518929 6 3 0
0.5196 1 1 0
0.5196 2 1 0
0.5196 3 1 0
0.520708 1 1 0
0.520712 2 1 0
0.520717 3 1 0
0.522 1 1 0
0.522 1 3 0
0.522 3 3 0
0.523 2 1 0
0.523 2 3 0
0.523 1 3 0
0.523929 1 3 0
0.523929 2 3 13961
0.523929 3 3 0
0.524 3 1 0
0.524 3 3 0
0.5246 4 1 0
0.5246 5 1 0
0.5246 6 1 0
0.525 4 1 0
0.525 4 3 0
0.525 6 3 432
0.525708 4 1 0
0.525712 5 1 0
0.525717 6 1 0
0.526 5 1 0
0.526 5 3 0
0.526 5 3 0
0.526 1 1 0
0.526 2 1 0
0.526 3 1 0
0.526 4 1 0
0.526 5 1 0
0.526 6 1 0
0.527 6 1 0
0.527 6 3 0
0.527 4 3 0
0.528 2 3 1080
0.528714 6 3 0
0.528715 2 3 0
0.528715 3 3 0
0.528715 5 3 0
0.528715 4 3 0
0.528715 1 3 0
0.528929 4 3 32
0.528929 5 3 0
0.528929 6 3 0
0.5296 1 1 0
0.5296 2 1 0
0.5296 3 1 0
0.530708 1 1 0
0.530712 2 1 0
0.530717 3 1 0
0.532 1 1 0
0.532 1 3 0
0.532 3 3 0
0.533 2 1 0
0.533 2 3 0
0.533 1 3 0
0.533929 1 3 0
0.533929 2 3 6919
0.533929 3 3 0
0.534 3 1 0
0.534 3 3 0
0.5346 4 1 0
0.5346 5 1 0
0.5346 6 1 0
0.535 4 1 0
0.535 4 3 0
0.535 6 3 162
0.535708 4 1 0
0.535712 5 1 0
0.535717 6 1 0
0.536 5 1 0
0.536 5 3 0
0.536 5 3 0
0.536 1 1 0
0.536 2 1 0
0.536 3 1 0
0.536 4 1 0
0.536 5 1 0
0.536 6 1 0
0.537 6 1 0
0.537 6 3 0
0.537 4 3 0
0.538 2 3 0
0.538714 6 3 0
0.538715 2 3 0
0.538715 3 3 0
0.538715 5 3 0
0.538715 4 3 0
0.538715 1 3 0
0.538929 4 3 0
0.538929 5 3 0
0.538929 6 3 30274
0.5396 1 1 0
0.5396 2 1 0
0.5396 3 1 0
0.540708 1 1 0
0.540712 2 1 0
0.540717 3 1 0
0.542 1 1 0
0.542 1 3 0
0.542 3 3 216
0.543 2 1 0
0.543 2 3 0
0.543 1 3 554
0.543929 1 3 5359
0.543929 2 3 66509
0.543929 3 3 10132
0.544 3 1 0
0.544 3 3 0
0.5446 4 1 0
0.5446 5 1 0
0.5446 6 1 0
0.545 4 1 0
0.545 4 3 0
0.545 6 3 356
0.545708 4 1 0
0.545712 5 1 0
0.545717 6 1 0
0.546 5 1 0
0.546 5 3 0
0.546 5 3 0
0.546 1 1 0
0.546 2 1 0
0.546 3 1 0
0.546 4 1 0
0.546 5 1 0
0.546 6 1 0
0.547 6 1 0
0.547 6 3 0
0.547 4 3 324
0.548 2 3 0
0.548714 6 3 0
0.548715 2 3 0
0.548715 3 3 0
0.548715 5 3 0
0.548715 4 3 0
0.548715 1 3 0
0.548929 4 3 10178
0.548929 5 3 0
0.548929 6 3 0
0.5496 1 1 0
0.5496 2 1 0
0.5496 3 1 0
0.550708 1 1 0
0.550712 2 1 0
0.550717 3 1 0
0.552 1 1 0
0.552 1 3 0
0.552 3 3 0
0.553 2 1 0
0.553 2 3 0
0.553 1 3 0
0.553929 1 3 0
0.553929 2 3 0
0.553929 3 3 0
0.554 3 1 0
0.554 3 3 0
0.5546 4 1 0
0.5546 5 1 0
0.5546 6 1 0
0.555 4 1 0
0.555 4 3 0
0.555 6 3 594
0.555708 4 1 0
0.555712 5 1 0
0.555717 6 1 0
0.556 5 1 0
0.556 5 3 0
0.556 5 3 0
0.556 1 1 0
0.556 2 1 0
0.556 3 1 0
0.556 4 1 0
0.556 5 1 0
0.556 6 1 0
0.557 6 1 0
0.557 6 3 0
0.557 4 3 594
0.558 2 3 0
0.558714 6 3 0
0.558715 2 3 0
0.558715 3 3 0
0.558715 5 3 0
0.558715 4 3 0
0.558715 1 3 0
0.558929 4 3 0
0.558929 5 3 0
0.558929 6 3 13
0.5596 1 1 0
0.5596 2 1 0
0.5596 3 1 0
0.560708 1 1 0
0.560712 2 1 0
0.560717 3 1 0
0.562 1 1 0
0.562 1 3 0
0.562 3 3 0
0.563 2 1 0
0.563 2 3 0
0.563 1 3 0
0.563929 1 3 0
0.563929 2 3 4362
0.563929 3 3 0
0.564 3 1 0
0.564 3 3 0
0.5646 4 1 0
0.5646 5 1 0
0.5646 6 1 0
0.565 4 1 0
0.565 4 3 0
0.565 6 3 216
0.565708 4 1 0
0.565712 5 1 0
0.565717 6 1 0
0.566 5 1 0
0.566 5 3 0
0.566 5 3 0
0.566 1 1 0
0.566 2 1 0
0.566 3 1 0
0.566 4 1 0
0.566 5 1 0
0.566 6 1 0
0.567 6 1 0
0.567 6 3 0
0.567 4 3 0
0.568 2 3 0
0.568714 6 3 0
0.568715 2 3 0
0.568715 3 3 0
0.568715 5 3 0
0.568715 4 3 0
0.568715 1 3 0
0.568929 4 3 8
0.568929 5 3 0
0.568929 6 3 0
0.5696 1 1 0
0.5696 2 1 0
0.5696 3 1 0
0.570708 1 1 0
0.570712 2 1 0
0.570717 3 1 0
0.572 1 1 0
0.572 1 3 0
0.572 3 3 0
0.573 2 1 0
0.573 2 3 0
0.573 1 3 0
0.573929 1 3 0
0.573929 2 3 0
0.573929 3 3 0
0.574 3 1 0
0.574 3 3 0
0.5746 4 1 0
0.5746 5 1 0
0.5746 6 1 0
0.575 4 1 0
0.575 4 3 0
0.575 6 3 270
0.575708 4 1 0
0.575712 5 1 0
0.575717 6 1 0
0.576 5 1 0
0.576 5 3 0
0.576 5 3 0
0.576 1 1 0
0.576 2 1 0
0.576 3 1 0
0.576 4 1 0
0.576 5 1 0
0.576 6 1 0
0.577 6 1 0
0.577 6 3 0
0.577 4 3 0
0.578 2 3 0
0.578714 6 3 0
0.578715 2 3 0
0.578715 3 3 0
0.578715 5 3 0
0.578715 4 3 0
0.578715 1 3 0
0.578929 4 3 7270
0.578929 5 3 0
0.578929 6 3 6041
0.5796 1 1 0
0.5796 2 1 0
0.5796 3 1 0
0.580708 1 1 0
0.580712 2 1 0
0.580717 3 1 0
0.582 1 1 0
0.582 1 3 0
0.582 3 3 324
0.583 2 1 0
0.583 2 3 0
0.583 1 3 1017
0.583929 1 3 0
0.583929 2 3 40501
0.583929 3 3 41123
0.584 3 1 0
0.584 3 3 0
0.5846 4 1 0
0.5846 5 1 0
0.5846 6 1 0
0.585 4 1 0
0.585 4 3 0
0.585 6 3 162
0.585708 4 1 0
0.585712 5 1 0
0.585717 6 1 0
0.586 5 1 0
0.586 5 3 0
0.586 5 3 0
0.586 1 1 0
0.586 2 1 0
0.586 3 1 0
0.586 4 1 0
0.586 5 1 0
0.586 6 1 0
