0.147312	1400
0.152221	1400
0.152221	1400
0.157137	1400
0.157137	1400
0.157137	1400
0.157137	1400
0.162071	1400
0.162071	1400
0.162071	1400
0.162071	1400
0.162071	1400
0.162071	1400
0.162071	1400
0.162908	1400
0.166992	1400
0.166992	1400
0.166992	1400
0.166992	1400
0.166992	1400
0.166992	1400
0.166992	1400
0.166992	1400
0.166992	1400
0.166992	1400
0.166992	1400
0.167071	1400
0.167071	1400
0.167821	1400
0.167821	1400
0.167821	1400
0.171887	1400
0.171887	1400
0.171887	1400
0.171887	1400
0.171887	1400
0.171887	1400
0.171887	1400
0.171887	1400
0.171887	1400
0.171887	1400
0.171962	1400
0.172729	1400
0.172729	1400
0.172729	1400
0.172729	1400
0.176792	1400
0.176792	1400
0.176792	1400
0.176792	1400
0.176792	1400
0.176792	1400
0.176792	1400
0.176792	1400
0.176792	1400
0.176792	1400
0.176792	1400
0.177637	1400
0.177637	1400
0.177637	1400
0.177637	1400
0.177637	1400
0.181696	1400
0.181696	1400
0.181696	1400
0.181696	1400
0.181696	1400
0.181696	1400
0.181696	1400
0.181696	1400
0.181696	1400
0.181696	1400
0.181696	1400
0.182554	1400
0.182554	1400
0.182554	1400
0.182554	1400
0.182554	1400
0.182554	1400
0.182554	1400
0.186596	1400
0.186596	1400
0.186596	1400
0.186596	1400
0.186596	1400
0.186696	1400
0.186696	1400
0.186696	1400
0.186696	1400
0.186758	1400
0.187471	1400
0.187471	1400
0.187471	1400
0.187471	1400
0.187471	1400
0.187471	1400
0.187471	1400
0.187471	1400
0.189408	1400
0.191496	1400
0.191496	1400
0.191496	1400
0.191496	1400
0.191496	1400
0.191542	1400
0.191542	1400
0.191542	1400
0.191542	1400
0.192375	1400
0.192375	1400
0.192375	1400
0.192375	1400
0.192375	1400
0.192375	1400
0.192375	1400
0.192375	1400
0.192375	1400
0.193208	1400
0.194312	1400
0.196375	1400
0.196375	1400
0.196375	1400
0.196375	1400
0.196375	1400
0.196375	1400
0.196375	1400
0.196375	1400
0.197283	1400
0.197283	1400
0.197283	1400
0.197283	1400
0.197283	1400
0.197283	1400
0.197283	1400
0.197283	1400
0.197283	1400
0.197283	1400
0.198112	1400
0.198112	1400
0.201275	1400
0.201275	1400
0.201275	1400
0.201275	1400
0.201275	1400
0.201275	1400
0.201275	1400
0.201275	1400
0.202192	1400
0.202192	1400
0.202192	1400
0.202192	1400
0.202192	1400
0.202192	1400
0.202192	1400
0.202192	1400
0.202192	1400
0.202192	1400
0.202192	1400
0.203421	1400
0.203421	1400
0.203421	1400
0.206171	1400
0.206171	1400
0.206171	1400
0.206171	1400
0.206171	1400
0.206171	1400
0.206171	1400
0.207096	1400
0.207096	1400
0.207096	1400
0.207096	1400
0.207096	1400
0.207096	1400
0.207096	1400
0.207096	1400
0.207096	1400
0.207096	1400
0.207096	1400
0.207096	1400
0.208342	1400
0.208342	1400
0.208342	1400
0.208342	1400
0.211062	1400
0.211062	1400
0.211062	1400
0.211062	1400
0.211062	1400
0.211062	1400
0.211062	1400
0.211987	1400
0.211987	1400
0.211987	1400
0.211987	1400
0.211987	1400
0.211987	1400
0.211987	1400
0.211987	1400
0.211987	1400
0.211987	1400
0.213296	1400
0.213296	1400
0.213296	1400
0.213296	1400
0.213296	1400
0.213312	1400
0.214408	1400
0.215862	1400
0.215862	1400
0.215862	1400
0.215862	1400
0.215862	1400
0.215862	1400
0.215862	1400
0.218496	1400
0.218496	1400
0.218496	1400
0.218496	1400
0.218496	1400
0.218496	1400
0.218496	1400
0.218496	1400
0.218496	1400
0.218496	1400
0.218496	1400
0.21855	1400
0.21855	1400
0.21855	1400
0.21855	1400
0.21855	1400
0.219308	1400
0.220771	1400
0.220771	1400
0.220771	1400
0.220771	1400
0.220771	1400
0.220771	1400
0.220771	1400
0.221608	1400
0.223787	1400
0.223787	1400
0.223787	1400
0.223787	1400
0.223787	1400
0.223787	1400
0.223787	1400
0.223787	1400
0.223787	1400
0.223787	1400
0.223854	1400
0.223854	1400
0.223854	1400
0.223854	1400
0.223854	1400
0.223854	1400
0.223854	1400
0.224217	1400
0.226662	1400
0.226662	1400
0.226662	1400
0.226662	1400
0.226662	1400
0.226662	1400
0.226662	1400
0.226662	1400
0.228683	1400
0.228683	1400
0.228683	1400
0.228683	1400
0.228683	1400
0.228683	1400
0.228683	1400
0.228683	1400
0.228683	1400
0.228683	1400
0.228767	1400
0.228767	1400
0.228767	1400
0.228767	1400
0.228767	1400
0.228767	1400
0.228767	1400
0.229117	1400
0.229117	1400
0.231496	1400
0.231496	1400
0.231496	1400
0.231496	1400
0.231496	1400
0.231529	1400
0.231529	1400
0.232396	1400
0.233596	1400
0.233596	1400
0.233596	1400
0.233596	1400
0.233596	1400
0.233596	1400
0.233596	1400
0.233596	1400
0.233596	1400
0.233596	1400
0.233596	1400
0.233654	1400
0.233654	1400
0.233654	1400
0.233654	1400
0.233654	1400
0.233654	1400
0.233654	1400
0.234021	1400
0.234021	1400
0.236396	1400
0.236396	1400
0.236396	1400
0.236396	1400
0.236396	1400
0.236421	1400
0.237212	1400
0.238496	1400
0.238496	1400
0.238496	1400
0.238496	1400
0.238496	1400
0.238596	1400
0.238596	1400
0.238596	1400
0.238596	1400
0.238596	1400
0.238596	1400
0.238696	1400
0.238696	1400
0.238696	1400
0.238696	1400
0.238696	1400
0.238696	1400
0.238796	1400
0.238796	1400
0.238917	1400
0.238917	1400
0.239008	1400
0.243296	1400
0.243296	1400
0.243296	1400
0.243296	1400
0.243296	1400
0.243396	1400
0.243396	1400
0.243396	1400
0.243396	1400
0.243396	1400
0.243396	1400
0.243496	1400
0.243496	1400
0.243496	1400
0.243496	1400
0.243496	1400
0.243496	1400
0.243596	1400
0.243596	1400
0.243596	1400
0.243596	1400
0.243596	1400
0.243596	1400
0.243696	1400
0.243696	1400
0.243696	1400
0.243696	1400
0.243696	1400
0.243696	1400
0.243787	1400
0.248296	1400
0.248296	1400
0.248296	1400
0.248296	1400
0.248296	1400
0.248396	1400
0.248396	1400
0.248396	1400
0.248396	1400
0.248396	1400
0.248396	1400
0.248496	1400
0.248496	1400
0.248496	1400
0.248496	1400
0.248496	1400
0.248496	1400
0.248596	1400
0.248596	1400
0.248596	1400
0.248596	1400
0.248596	1400
0.248596	1400
0.248692	1400
0.248692	1400
0.248692	1400
0.248692	1400
0.248692	1400
0.248692	1400
0.248783	1400
0.249108	1400
0.253296	1400
0.253296	1400
0.253296	1400
0.253296	1400
0.253296	1400
0.253296	1400
0.253367	1400
0.253367	1400
0.253367	1400
0.253367	1400
0.253437	1400
0.253437	1400
0.253437	1400
0.253437	1400
0.253583	1400
0.253583	1400
0.253583	1400
0.253583	1400
0.253687	1400
0.253687	1400
0.253687	1400
0.253687	1400
0.253783	1400
0.253783	1400
0.253783	1400
0.253783	1400
0.253783	1400
0.253783	1400
0.253854	1400
0.253854	1400
0.253921	1400
0.253921	1400
0.258154	1400
0.258154	1400
0.258154	1400
0.258154	1400
0.258154	1400
0.258154	1400
0.25825	1400
0.25825	1400
0.25825	1400
0.25825	1400
0.25825	1400
0.25835	1400
0.25835	1400
0.25835	1400
0.25835	1400
0.25835	1400
0.25835	1400
0.25845	1400
0.25845	1400
0.25845	1400
0.25845	1400
0.25845	1400
0.25845	1400
0.258596	1400
0.258596	1400
0.258596	1400
0.258596	1400
0.258596	1400
0.258675	1400
0.258675	1400
0.258675	1400
0.258675	1400
0.258675	1400
0.263096	1400
0.263096	1400
0.263096	1400
0.263096	1400
0.263096	1400
0.263096	1400
0.263096	1400
0.263096	1400
0.263096	1400
0.263096	1400
0.263096	1400
0.263196	1400
0.263196	1400
0.263196	1400
0.263196	1400
0.263196	1400
0.263196	1400
0.263196	1400
0.263196	1400
0.263196	1400
0.263196	1400
0.263196	1400
0.263196	1400
0.26325	1400
0.26325	1400
0.26325	1400
0.26325	1400
0.26325	1400
0.26325	1400
0.263496	1400
0.263496	1400
0.263496	1400
0.263496	1400
0.263496	1400
0.267929	1400
0.267929	1400
0.267929	1400
0.268092	1400
0.268092	1400
0.268092	1400
0.268092	1400
0.268092	1400
0.268092	1400
0.268092	1400
0.268092	1400
0.268092	1400
0.268092	1400
0.268092	1400
0.268196	1400
0.268196	1400
0.268196	1400
0.268196	1400
0.268196	1400
0.268196	1400
0.268196	1400
0.268196	1400
0.268196	1400
0.268196	1400
0.268196	1400
0.268279	1400
0.268279	1400
0.268279	1400
0.268279	1400
0.268279	1400
0.268279	1400
0.268279	1400
0.268279	1400
0.268279	1400
0.268808	1400
0.272846	1400
0.272846	1400
0.272846	1400
0.272996	1400
0.272996	1400
0.272996	1400
0.272996	1400
0.272996	1400
0.272996	1400
0.272996	1400
0.272996	1400
0.272996	1400
0.272996	1400
0.272996	1400
0.273096	1400
0.273096	1400
0.273096	1400
0.273096	1400
0.273096	1400
0.273096	1400
0.273096	1400
0.273096	1400
0.273096	1400
0.273096	1400
0.273096	1400
0.273096	1400
0.273175	1400
0.273175	1400
0.273175	1400
0.273175	1400
0.273175	1400
0.273175	1400
0.273175	1400
0.273175	1400
0.273721	1400
0.273721	1400
0.273721	1400
0.277779	1400
0.277779	1400
0.277779	1400
0.277779	1400
0.277779	1400
0.277779	1400
0.277883	1400
0.277883	1400
0.277883	1400
0.277883	1400
0.277883	1400
0.277883	1400
0.277883	1400
0.277883	1400
0.277883	1400
0.277996	1400
0.277996	1400
0.277996	1400
0.277996	1400
0.277996	1400
0.277996	1400
0.277996	1400
0.277996	1400
0.277996	1400
0.277996	1400
0.277996	1400
0.277996	1400
0.278054	1400
0.278054	1400
0.278054	1400
0.278054	1400
0.278054	1400
0.278054	1400
0.278637	1400
0.278637	1400
0.278637	1400
0.278637	1400
0.278637	1400
0.282696	1400
0.282696	1400
0.282696	1400
0.282696	1400
0.282696	1400
0.282696	1400
0.282696	1400
0.282696	1400
0.282696	1400
0.282696	1400
0.282696	1400
0.282796	1400
0.282796	1400
0.282796	1400
0.282796	1400
0.282796	1400
0.282796	1400
0.282796	1400
0.282796	1400
0.282796	1400
0.282796	1400
0.282796	1400
0.282796	1400
0.282883	1400
0.282883	1400
0.282883	1400
0.282883	1400
0.282883	1400
0.282883	1400
0.282883	1400
0.282883	1400
0.282883	1400
0.283558	1400
0.283558	1400
0.283558	1400
0.283558	1400
0.283558	1400
0.283558	1400
0.283558	1400
0.287529	1400
0.287529	1400
0.287529	1400
0.287696	1400
0.287696	1400
0.287696	1400
0.287696	1400
0.287696	1400
0.287696	1400
0.287696	1400
0.287696	1400
0.287696	1400
0.287696	1400
0.287696	1400
0.287796	1400
0.287796	1400
0.287796	1400
0.287796	1400
0.287796	1400
0.287796	1400
0.287796	1400
0.287796	1400
0.287796	1400
0.287796	1400
0.287796	1400
0.287796	1400
0.28785	1400
0.28785	1400
0.28785	1400
0.28785	1400
0.28785	1400
0.288492	1400
0.288492	1400
0.288492	1400
0.288492	1400
0.288492	1400
0.288492	1400
0.288492	1400
0.288596	1400
0.290408	1400
0.292496	1400
0.292496	1400
0.292496	1400
0.292496	1400
0.292496	1400
0.292496	1400
0.292496	1400
0.292496	1400
0.292496	1400
0.292496	1400
0.292496	1400
0.292596	1400
0.292596	1400
0.292596	1400
0.292596	1400
0.292596	1400
0.292596	1400
0.292596	1400
0.292596	1400
0.292596	1400
0.292596	1400
0.292596	1400
0.292671	1400
0.292671	1400
0.292671	1400
0.292671	1400
0.292671	1400
0.292671	1400
0.292671	1400
0.292671	1400
0.293342	1400
0.293342	1400
0.293342	1400
0.293342	1400
0.293342	1400
0.293546	1400
0.295346	1400
0.295346	1400
0.295346	1400
0.295346	1400
0.295346	1400
0.297375	1400
0.297375	1400
0.297375	1400
0.297375	1400
0.297375	1400
0.297375	1400
0.297375	1400
0.297375	1400
0.297467	1400
0.297467	1400
0.297467	1400
0.297467	1400
0.297467	1400
0.297467	1400
0.297467	1400
0.297596	1400
0.297596	1400
0.297596	1400
0.297596	1400
0.297596	1400
0.297596	1400
0.297596	1400
0.297596	1400
0.297596	1400
0.297596	1400
0.297596	1400
0.297596	1400
0.297625	1400
0.297625	1400
0.298262	1400
0.298262	1400
0.298262	1400
0.298262	1400
0.298262	1400
0.298262	1400
0.298262	1400
0.299133	1400
0.300246	1400
0.300246	1400
0.300246	1400
0.300246	1400
0.300246	1400
0.302296	1400
0.302296	1400
0.302296	1400
0.302296	1400
0.302296	1400
0.302296	1400
0.302296	1400
0.302296	1400
0.302296	1400
0.302296	1400
0.302296	1400
0.302392	1400
0.302392	1400
0.302392	1400
0.302392	1400
0.302392	1400
0.302392	1400
0.302392	1400
0.302392	1400
0.302392	1400
0.302392	1400
0.302392	1400
0.302454	1400
0.302454	1400
0.302454	1400
0.302454	1400
0.302454	1400
0.302454	1400
0.303571	1400
0.303571	1400
0.303571	1400
0.303571	1400
0.303571	1400
0.303571	1400
0.303571	1400
0.303571	1400
0.304017	1400
0.304017	1400
0.307196	1400
0.307196	1400
0.307196	1400
0.307196	1400
0.307196	1400
0.307196	1400
0.307196	1400
0.307196	1400
0.307196	1400
0.30725	1400
0.30725	1400
0.30725	1400
0.30725	1400
0.30725	1400
0.307375	1400
0.307375	1400
0.307375	1400
0.307375	1400
0.307375	1400
0.307375	1400
0.307375	1400
0.307496	1400
0.307496	1400
0.307496	1400
0.307496	1400
0.307496	1400
0.307496	1400
0.307496	1400
0.307496	1400
0.307496	1400
0.307529	1400
0.307529	1400
0.308008	1400
0.308796	1400
0.308796	1400
0.308796	1400
0.308796	1400
0.308896	1400
0.308896	1400
0.308896	1400
0.308896	1400
0.308954	1400
0.308954	1400
0.308954	1400
0.312096	1400
0.312096	1400
0.312096	1400
0.312096	1400
0.312096	1400
0.312096	1400
0.312096	1400
0.312096	1400
0.312096	1400
0.312192	1400
0.312192	1400
0.312192	1400
0.312192	1400
0.312192	1400
0.312192	1400
0.312192	1400
0.312192	1400
0.31225	1400
0.31225	1400
0.31225	1400
0.31225	1400
0.31225	1400
0.312375	1400
0.312375	1400
0.312375	1400
0.312375	1400
0.312375	1400
0.312375	1400
0.312375	1400
0.312425	1400
0.312425	1400
0.312925	1400
0.312925	1400
0.312925	1400
0.313696	1400
0.313696	1400
0.313696	1400
0.313696	1400
0.313796	1400
0.313796	1400
0.313796	1400
0.313796	1400
0.313796	1400
0.313867	1400
0.314596	1400
0.316996	1400
0.316996	1400
0.316996	1400
0.316996	1400
0.316996	1400
0.316996	1400
0.316996	1400
0.316996	1400
0.316996	1400
0.317062	1400
0.317062	1400
0.317062	1400
0.317062	1400
0.317062	1400
0.317062	1400
0.317192	1400
0.317192	1400
0.317192	1400
0.317192	1400
0.317192	1400
0.317192	1400
0.317192	1400
0.317192	1400
0.317275	1400
0.317275	1400
0.317275	1400
0.317275	1400
0.317275	1400
0.317275	1400
0.317275	1400
0.317837	1400
0.317837	1400
0.317837	1400
0.317837	1400
0.317917	1400
0.318596	1400
0.318596	1400
0.318596	1400
0.318596	1400
0.318696	1400
0.318696	1400
0.318696	1400
0.318696	1400
0.318696	1400
0.319417	1400
0.319417	1400
0.321896	1400
0.321896	1400
0.321896	1400
0.321896	1400
0.321896	1400
0.321896	1400
0.321896	1400
0.321896	1400
0.321896	1400
0.321962	1400
0.321962	1400
0.321962	1400
0.321962	1400
0.321962	1400
0.321962	1400
0.322096	1400
0.322096	1400
0.322096	1400
0.322096	1400
0.322096	1400
0.322096	1400
0.322096	1400
0.322096	1400
0.322096	1400
0.32215	1400
0.32215	1400
0.32215	1400
0.32215	1400
0.32215	1400
0.322729	1400
0.322729	1400
0.322729	1400
0.322729	1400
0.323496	1400
0.323496	1400
0.323496	1400
0.323496	1400
0.323496	1400
0.323596	1400
0.323596	1400
0.323596	1400
0.323596	1400
0.323596	1400
0.323596	1400
0.324721	1400
0.324721	1400
0.324721	1400
0.326587	1400
0.326587	1400
0.326587	1400
0.326587	1400
0.326587	1400
0.326587	1400
0.326587	1400
0.326587	1400
0.326796	1400
0.326796	1400
0.326796	1400
0.326796	1400
0.326796	1400
0.326796	1400
0.326796	1400
0.326796	1400
0.326796	1400
0.326796	1400
0.326892	1400
0.326892	1400
0.326892	1400
0.326892	1400
0.326892	1400
0.326892	1400
0.326892	1400
0.326892	1400
0.326925	1400
0.326925	1400
0.326925	1400
0.328396	1400
0.328396	1400
0.328396	1400
0.328396	1400
0.328396	1400
0.328679	1400
0.328679	1400
0.328787	1400
0.328787	1400
0.328787	1400
0.328787	1400
0.328787	1400
0.328787	1400
0.328846	1400
0.328846	1400
0.329512	1400
0.329629	1400
0.329629	1400
0.329629	1400
0.331487	1400
0.331487	1400
0.331487	1400
0.331487	1400
0.331487	1400
0.331487	1400
0.331487	1400
0.331487	1400
0.331487	1400
0.331487	1400
0.331587	1400
0.331587	1400
0.331587	1400
0.331587	1400
0.331587	1400
0.331587	1400
0.331587	1400
0.331587	1400
0.331587	1400
0.331587	1400
0.331587	1400
0.332075	1400
0.332075	1400
0.332075	1400
0.332075	1400
0.332075	1400
0.332075	1400
0.332075	1400
0.332075	1400
0.332908	1400
0.333646	1400
0.333646	1400
0.333646	1400
0.333646	1400
0.333646	1400
0.333646	1400
0.333646	1400
0.333646	1400
0.333646	1400
0.333796	1400
0.333796	1400
0.333796	1400
0.333796	1400
0.333796	1400
0.334446	1400
0.334446	1400
0.334446	1400
0.334446	1400
0.334446	1400
0.336387	1400
0.336387	1400
0.336387	1400
0.336387	1400
0.336387	1400
0.336387	1400
0.336387	1400
0.336387	1400
0.336487	1400
0.336487	1400
0.336487	1400
0.336487	1400
0.336487	1400
0.336487	1400
0.336487	1400
0.336487	1400
0.336487	1400
0.33655	1400
0.33655	1400
0.33655	1400
0.336987	1400
0.336987	1400
0.336987	1400
0.336987	1400
0.336987	1400
0.336987	1400
0.336987	1400
0.336987	1400
0.336987	1400
0.337817	1400
0.337817	1400
0.33845	1400
0.33845	1400
0.33845	1400
0.33845	1400
0.338592	1400
0.338592	1400
0.338592	1400
0.338592	1400
0.338592	1400
0.338696	1400
0.338696	1400
0.338696	1400
0.338696	1400
0.338696	1400
0.339375	1400
0.339375	1400
0.339375	1400
0.339375	1400
0.339375	1400
0.341287	1400
0.341287	1400
0.341287	1400
0.341287	1400
0.341287	1400
0.341287	1400
0.341287	1400
0.341287	1400
0.341371	1400
0.341371	1400
0.341371	1400
0.341371	1400
0.341371	1400
0.341371	1400
0.341371	1400
0.341454	1400
0.341454	1400
0.341454	1400
0.341454	1400
0.341454	1400
0.341837	1400
0.341837	1400
0.341837	1400
0.341975	1400
0.341975	1400
0.341975	1400
0.341975	1400
0.341975	1400
0.341975	1400
0.341975	1400
0.342729	1400
0.342729	1400
0.343396	1400
0.343396	1400
0.343396	1400
0.343396	1400
0.343492	1400
0.343492	1400
0.343492	1400
0.343492	1400
0.343492	1400
0.343596	1400
0.343596	1400
0.343596	1400
0.344267	1400
0.344267	1400
0.344267	1400
0.344267	1400
0.344267	1400
0.344267	1400
0.344267	1400
0.346187	1400
0.346187	1400
0.346187	1400
0.346187	1400
0.346187	1400
0.346187	1400
0.346187	1400
0.346187	1400
0.346287	1400
0.346287	1400
0.346287	1400
0.346287	1400
0.346287	1400
0.346287	1400
0.346287	1400
0.346287	1400
0.346287	1400
0.346337	1400
0.346337	1400
0.346692	1400
0.346692	1400
0.346692	1400
0.346692	1400
0.346692	1400
0.346692	1400
0.346692	1400
0.346692	1400
0.346692	1400
0.346725	1400
0.346725	1400
0.347508	1400
0.347633	1400
0.347633	1400
0.348392	1400
0.348392	1400
0.348392	1400
0.348392	1400
0.348392	1400
0.348496	1400
0.348496	1400
0.348496	1400
0.348496	1400
0.349196	1400
0.349196	1400
0.349196	1400
0.349196	1400
0.349196	1400
0.349196	1400
0.349196	1400
0.349196	1400
0.349196	1400
0.350029	1400
0.351187	1400
0.351187	1400
0.351187	1400
0.351187	1400
0.351187	1400
0.351187	1400
0.351187	1400
0.351187	1400
0.351296	1400
0.351296	1400
0.351296	1400
0.351296	1400
0.351296	1400
0.351296	1400
0.351296	1400
0.351296	1400
0.351296	1400
0.351317	1400
0.351596	1400
0.351596	1400
0.351596	1400
0.351596	1400
0.351596	1400
0.351596	1400
0.351596	1400
0.351596	1400
0.351596	1400
0.351596	1400
0.351633	1400
0.351633	1400
0.352208	1400
0.352337	1400
0.352337	1400
0.352337	1400
0.353396	1400
0.353396	1400
0.353396	1400
0.353396	1400
0.353396	1400
0.353396	1400
0.353396	1400
0.353396	1400
0.354096	1400
0.354096	1400
0.354096	1400
0.354096	1400
0.354096	1400
0.354096	1400
0.354096	1400
0.354096	1400
0.354117	1400
0.354937	1400
0.354937	1400
0.356079	1400
0.356079	1400
0.356079	1400
0.356079	1400
0.356079	1400
0.356079	1400
0.356079	1400
0.35615	1400
0.35615	1400
0.35615	1400
0.35615	1400
0.356496	1400
0.356496	1400
0.356496	1400
0.356496	1400
0.356496	1400
0.356496	1400
0.356496	1400
0.356496	1400
0.356496	1400
0.356496	1400
0.356587	1400
0.356587	1400
0.356587	1400
0.356587	1400
0.356587	1400
0.356587	1400
0.356587	1400
0.356587	1400
0.356617	1400
0.357308	1400
0.358987	1400
0.358987	1400
0.358987	1400
0.358987	1400
0.358987	1400
0.358987	1400
0.358987	1400
0.358987	1400
0.359079	1400
0.359079	1400
0.359079	1400
0.359079	1400
0.359079	1400
0.359079	1400
0.359079	1400
0.359079	1400
0.359154	1400
0.359154	1400
0.359154	1400
0.359154	1400
0.359846	1400
0.359846	1400
0.359846	1400
0.361396	1400
0.361396	1400
0.361396	1400
0.361396	1400
0.361396	1400
0.361396	1400
0.361396	1400
0.361396	1400
0.361396	1400
0.361496	1400
0.361496	1400
0.361496	1400
0.361496	1400
0.361496	1400
0.361496	1400
0.361496	1400
0.361496	1400
0.361496	1400
0.361592	1400
0.361592	1400
0.361592	1400
0.361592	1400
0.361592	1400
0.361592	1400
0.361592	1400
0.361592	1400
0.361592	1400
0.361692	1400
0.361692	1400
0.361692	1400
0.362212	1400
0.362308	1400
0.363896	1400
0.363896	1400
0.363896	1400
0.363896	1400
0.363896	1400
0.363896	1400
0.363987	1400
0.363987	1400
0.363987	1400
0.363987	1400
0.363987	1400
0.363987	1400
0.363987	1400
0.363987	1400
0.363987	1400
0.364054	1400
0.364054	1400
0.364054	1400
0.364054	1400
0.36475	1400
0.36475	1400
0.36475	1400
0.36475	1400
0.366596	1400
0.366596	1400
0.366596	1400
0.366596	1400
0.366692	1400
0.366692	1400
0.366692	1400
0.366692	1400
0.366792	1400
0.366792	1400
0.366792	1400
0.366792	1400
0.366792	1400
0.366792	1400
0.366792	1400
0.366792	1400
0.366792	1400
0.366896	1400
0.366896	1400
0.366896	1400
0.366896	1400
0.366896	1400
0.366896	1400
0.366896	1400
0.366896	1400
0.366896	1400
0.366946	1400
0.366946	1400
0.366946	1400
0.366946	1400
0.367125	1400
0.367125	1400
0.367125	1400
0.368787	1400
0.368787	1400
0.368787	1400
0.368787	1400
0.368896	1400
0.368896	1400
0.368896	1400
0.368896	1400
0.368896	1400
0.368896	1400
0.368896	1400
0.368896	1400
0.368896	1400
0.368958	1400
0.368958	1400
0.368958	1400
0.368958	1400
0.368958	1400
0.369646	1400
0.369646	1400
0.369646	1400
0.369646	1400
0.369646	1400
0.371487	1400
0.371487	1400
0.371487	1400
0.371487	1400
0.371583	1400
0.371583	1400
0.371583	1400
0.371583	1400
0.371658	1400
0.371658	1400
0.371658	1400
0.371658	1400
0.371658	1400
0.371787	1400
0.371787	1400
0.371787	1400
0.371787	1400
0.371787	1400
0.371787	1400
0.371787	1400
0.371787	1400
0.371787	1400
0.371896	1400
0.371896	1400
0.371896	1400
0.371896	1400
0.371896	1400
0.371896	1400
0.371896	1400
0.371896	1400
0.371896	1400
0.371929	1400
0.371929	1400
0.372333	1400
0.373683	1400
0.373683	1400
0.373683	1400
0.373683	1400
0.373683	1400
0.373787	1400
0.373787	1400
0.373787	1400
0.373787	1400
0.373787	1400
0.373787	1400
0.373787	1400
0.373787	1400
0.37385	1400
0.37385	1400
0.37385	1400
0.37385	1400
0.374837	1400
0.374837	1400
0.374837	1400
0.374837	1400
0.374925	1400
0.374925	1400
0.376346	1400
0.376346	1400
0.376437	1400
0.376546	1400
0.376546	1400
0.376637	1400
0.376637	1400
0.376737	1400
0.376737	1400
0.376829	1400
0.376829	1400
0.376829	1400
0.376942	1400
0.376942	1400
0.376942	1400
0.376942	1400
0.377054	1400
0.377054	1400
0.377175	1400
0.377175	1400
0.377175	1400
0.377175	1400
0.377175	1400
0.377175	1400
0.377175	1400
0.377287	1400
0.377287	1400
0.377287	1400
0.377287	1400
0.377287	1400
0.377287	1400
0.377287	1400
0.377287	1400
0.377412	1400
0.37915	1400
0.37915	1400
0.37915	1400
0.37915	1400
0.379292	1400
0.379292	1400
0.379292	1400
0.379292	1400
0.379292	1400
0.379292	1400
0.379292	1400
0.379292	1400
0.379358	1400
0.379358	1400
0.379358	1400
0.379358	1400
0.379358	1400
0.379767	1400
0.379767	1400
0.379767	1400
0.379767	1400
0.379767	1400
0.379767	1400
0.379767	1400
0.381275	1400
0.381275	1400
0.381275	1400
0.381275	1400
0.381275	1400
0.381346	1400
0.381346	1400
0.381425	1400
0.381562	1400
0.381562	1400
0.381562	1400
0.381637	1400
0.381637	1400
0.381637	1400
0.381637	1400
0.381737	1400
0.381737	1400
0.381737	1400
0.381879	1400
0.381879	1400
0.381879	1400
0.381879	1400
0.381992	1400
0.381992	1400
0.381992	1400
0.381992	1400
0.381992	1400
0.381992	1400
0.381992	1400
0.381992	1400
0.381992	1400
0.382029	1400
0.382029	1400
0.382112	1400
0.382208	1400
0.384096	1400
0.384096	1400
0.384096	1400
0.384096	1400
0.384096	1400
0.384096	1400
0.384096	1400
0.384096	1400
0.384096	1400
0.384179	1400
0.384179	1400
0.384179	1400
0.384179	1400
0.384179	1400
0.384179	1400
0.384179	1400
0.384675	1400
0.384675	1400
0.384675	1400
0.384675	1400
0.384675	1400
0.384675	1400
0.384675	1400
0.385508	1400
0.386162	1400
0.386162	1400
0.386271	1400
0.386271	1400
0.386271	1400
0.386271	1400
0.386271	1400
0.386271	1400
0.386346	1400
0.386346	1400
0.386483	1400
0.386483	1400
0.386483	1400
0.386483	1400
0.386483	1400
0.386483	1400
0.386483	1400
0.386483	1400
0.387008	1400
0.387196	1400
0.387196	1400
0.387196	1400
0.387196	1400
0.387196	1400
0.387196	1400
0.387196	1400
0.387196	1400
0.387196	1400
0.387279	1400
0.387279	1400
0.387279	1400
0.387279	1400
0.387279	1400
0.387279	1400
0.387279	1400
0.388992	1400
0.388992	1400
0.388992	1400
0.388992	1400
0.388992	1400
0.388992	1400
0.388992	1400
0.388992	1400
0.388992	1400
0.389075	1400
0.389075	1400
0.389075	1400
0.389075	1400
0.389075	1400
0.389075	1400
0.389075	1400
0.389575	1400
0.389575	1400
0.389575	1400
0.389575	1400
0.389575	1400
0.389575	1400
0.389575	1400
0.390417	1400
0.390417	1400
0.391037	1400
0.391037	1400
0.391037	1400
0.391175	1400
0.391175	1400
0.391175	1400
0.391175	1400
0.391175	1400
0.391175	1400
0.391175	1400
0.391283	1400
0.391283	1400
0.391283	1400
0.391283	1400
0.391283	1400
0.391283	1400
0.391283	1400
0.391283	1400
0.391633	1400
0.391996	1400
0.391996	1400
0.391996	1400
0.391996	1400
0.391996	1400
0.391996	1400
0.391996	1400
0.391996	1400
0.391996	1400
0.392079	1400
0.392079	1400
0.392079	1400
0.392079	1400
0.392079	1400
0.392079	1400
0.392079	1400
0.392842	1400
0.393892	1400
0.393892	1400
0.393892	1400
0.393892	1400
0.393892	1400
0.393892	1400
0.393892	1400
0.393892	1400
0.393979	1400
0.393979	1400
0.393979	1400
0.393979	1400
0.393979	1400
0.393979	1400
0.393979	1400
0.394475	1400
0.394475	1400
0.394475	1400
0.394475	1400
0.394475	1400
0.394475	1400
0.394475	1400
0.394808	1400
0.395696	1400
0.395696	1400
0.395992	1400
0.395992	1400
0.395992	1400
0.395992	1400
0.395992	1400
0.395992	1400
0.395992	1400
0.395992	1400
0.396083	1400
0.396083	1400
0.396083	1400
0.396083	1400
0.396083	1400
0.396083	1400
0.396083	1400
0.396083	1400
0.396083	1400
0.396117	1400
0.396892	1400
0.396892	1400
0.396892	1400
0.396892	1400
0.396892	1400
0.396892	1400
0.396892	1400
0.396892	1400
0.396892	1400
0.398887	1400
0.398887	1400
0.398887	1400
0.398887	1400
0.398887	1400
0.398887	1400
0.398887	1400
0.398887	1400
0.398887	1400
0.398996	1400
0.398996	1400
0.398996	1400
0.398996	1400
0.398996	1400
0.398996	1400
0.398996	1400
0.398996	1400
0.398996	1400
0.399067	1400
0.399067	1400
0.399067	1400
0.399067	1400
0.399067	1400
0.399067	1400
0.399375	1400
0.399375	1400
0.399375	1400
0.399375	1400
0.399375	1400
0.399375	1400
0.399375	1400
0.400008	1400
0.400592	1400
0.400592	1400
0.400696	1400
0.400837	1400
0.400837	1400
0.400837	1400
0.400983	1400
0.400983	1400
0.400983	1400
0.400983	1400
0.400983	1400
0.400983	1400
0.400983	1400
0.400983	1400
0.401083	1400
0.401083	1400
0.401083	1400
0.401083	1400
0.401083	1400
0.401083	1400
0.401083	1400
0.401308	1400
0.401792	1400
0.401792	1400
0.401792	1400
0.401792	1400
0.401792	1400
0.401792	1400
0.401792	1400
0.401792	1400
0.402696	1400
0.403787	1400
0.403787	1400
0.403787	1400
0.403787	1400
0.403787	1400
0.403787	1400
0.403787	1400
0.403787	1400
0.403892	1400
0.403892	1400
0.403892	1400
0.403892	1400
0.403892	1400
0.403892	1400
0.403892	1400
0.403892	1400
0.403892	1400
0.403971	1400
0.403971	1400
0.403971	1400
0.403971	1400
0.403971	1400
0.403971	1400
0.404029	1400
0.404029	1400
0.404029	1400
0.404029	1400
0.404142	1400
0.404142	1400
0.404142	1400
0.404142	1400
0.405496	1400
0.405496	1400
0.405496	1400
0.405496	1400
0.405537	1400
0.405537	1400
0.405537	1400
0.405696	1400
0.405696	1400
0.405696	1400
0.405746	1400
0.405746	1400
0.405746	1400
0.405746	1400
0.405883	1400
0.405883	1400
0.405883	1400
0.405883	1400
0.405883	1400
0.405883	1400
0.405883	1400
0.405883	1400
0.406112	1400
0.406208	1400
0.406671	1400
0.406671	1400
0.406671	1400
0.406671	1400
0.406671	1400
0.406671	1400
0.406671	1400
0.407679	1400
0.407679	1400
0.408687	1400
0.408687	1400
0.408687	1400
0.408687	1400
0.408687	1400
0.408687	1400
0.408687	1400
0.408687	1400
0.408687	1400
0.408687	1400
0.408792	1400
0.408792	1400
0.408792	1400
0.408792	1400
0.408792	1400
0.408792	1400
0.408792	1400
0.408792	1400
0.408792	1400
0.408792	1400
0.408792	1400
0.408879	1400
0.408879	1400
0.408879	1400
0.408879	1400
0.408879	1400
0.408879	1400
0.408879	1400
0.408879	1400
0.408879	1400
0.409608	1400
0.41075	1400
0.41075	1400
0.41075	1400
0.41075	1400
0.41075	1400
0.410837	1400
0.410837	1400
0.410837	1400
0.410837	1400
0.410975	1400
0.410975	1400
0.410975	1400
0.410975	1400
0.410975	1400
0.410975	1400
0.410975	1400
0.410975	1400
0.410975	1400
0.410975	1400
0.410975	1400
0.410975	1400
0.410975	1400
0.411025	1400
0.411025	1400
0.411025	1400
0.414096	1400
0.414096	1400
0.414096	1400
0.414096	1400
0.414096	1400
0.414096	1400
0.414096	1400
0.414096	1400
0.414096	1400
0.414096	1400
0.414096	1400
0.414196	1400
0.414196	1400
0.414196	1400
0.414196	1400
0.414196	1400
0.414196	1400
0.414196	1400
0.414196	1400
0.414196	1400
0.414196	1400
0.414196	1400
0.414196	1400
0.414296	1400
0.414296	1400
0.414296	1400
0.414296	1400
0.414296	1400
0.414296	1400
0.414296	1400
0.414296	1400
0.414296	1400
0.414296	1400
0.414296	1400
0.414296	1400
0.414296	1400
0.415096	1400
0.415692	1400
0.415692	1400
0.415692	1400
0.415692	1400
0.415692	1400
0.415692	1400
0.415692	1400
0.415692	1400
0.415692	1400
0.415692	1400
0.415692	1400
0.415796	1400
0.415796	1400
0.415796	1400
0.415796	1400
0.415796	1400
0.415796	1400
0.415796	1400
0.415796	1400
0.415796	1400
0.415796	1400
0.415796	1400
0.415846	1400
0.415846	1400
0.415846	1400
0.415846	1400
0.415846	1400
0.416596	1400
0.418312	1400
0.419092	1400
0.419092	1400
0.419092	1400
0.419092	1400
0.419092	1400
0.419092	1400
0.419092	1400
0.419092	1400
0.419196	1400
0.419196	1400
0.419196	1400
0.419196	1400
0.419196	1400
0.419196	1400
0.419196	1400
0.419196	1400
0.419196	1400
0.419196	1400
0.419267	1400
0.419267	1400
0.419267	1400
0.419267	1400
0.419267	1400
0.419267	1400
0.419342	1400
0.419342	1400
0.420592	1400
0.420592	1400
0.420592	1400
0.420592	1400
0.420592	1400
0.420592	1400
0.420692	1400
0.420692	1400
0.420692	1400
0.420692	1400
0.420692	1400
0.420796	1400
0.420796	1400
0.420796	1400
0.420796	1400
0.420883	1400
0.420883	1400
0.420883	1400
0.420883	1400
0.420883	1400
0.420946	1400
0.420946	1400
0.420946	1400
0.421067	1400
0.421067	1400
0.421067	1400
0.421067	1400
0.421067	1400
0.421192	1400
0.421192	1400
0.421192	1400
0.421192	1400
0.421192	1400
0.421192	1400
0.421192	1400
0.421192	1400
0.421192	1400
0.421225	1400
0.421412	1400
0.423217	1400
0.423217	1400
0.423996	1400
0.423996	1400
0.423996	1400
0.423996	1400
0.423996	1400
0.423996	1400
0.423996	1400
0.423996	1400
0.423996	1400
0.423996	1400
0.423996	1400
0.424092	1400
0.424092	1400
0.424092	1400
0.424092	1400
0.424092	1400
0.424092	1400
0.424092	1400
0.424092	1400
0.424092	1400
0.424092	1400
0.424092	1400
0.424129	1400
0.424129	1400
0.424129	1400
0.424808	1400
0.425892	1400
0.425892	1400
0.425892	1400
0.425892	1400
0.425892	1400
0.42595	1400
0.42595	1400
0.42595	1400
0.42595	1400
0.42595	1400
0.42595	1400
0.426037	1400
0.426037	1400
0.426037	1400
0.426037	1400
0.426037	1400
0.426171	1400
0.426171	1400
0.426171	1400
0.426171	1400
0.426171	1400
0.426171	1400
0.426171	1400
0.426287	1400
0.426287	1400
0.426287	1400
0.426287	1400
0.426287	1400
0.426287	1400
0.426287	1400
0.426287	1400
0.426383	1400
0.426383	1400
0.426383	1400
0.426383	1400
0.426383	1400
0.426383	1400
0.426383	1400
0.426383	1400
0.428125	1400
0.428125	1400
0.428125	1400
0.428892	1400
0.428892	1400
0.428892	1400
0.428892	1400
0.428892	1400
0.428892	1400
0.428892	1400
0.428892	1400
0.428892	1400
0.428892	1400
0.428892	1400
0.428996	1400
0.428996	1400
0.428996	1400
0.428996	1400
0.428996	1400
0.428996	1400
0.429096	1400
0.429096	1400
0.429096	1400
0.429096	1400
0.429096	1400
0.429096	1400
0.429721	1400
0.429721	1400
0.429721	1400
0.431271	1400
0.431271	1400
0.431271	1400
0.431271	1400
0.431271	1400
0.431271	1400
0.431271	1400
0.431271	1400
0.431392	1400
0.431392	1400
0.431392	1400
0.431392	1400
0.431392	1400
0.431392	1400
0.431392	1400
0.431392	1400
0.431392	1400
0.431392	1400
0.431392	1400
0.431487	1400
0.431487	1400
0.431487	1400
0.431487	1400
0.431487	1400
0.431487	1400
0.431487	1400
0.431487	1400
0.431487	1400
0.431487	1400
0.431487	1400
0.431487	1400
0.431487	1400
0.431487	1400
0.431487	1400
0.431487	1400
0.431487	1400
0.431487	1400
0.431487	1400
0.431596	1400
0.432008	1400
0.433796	1400
0.433796	1400
0.433796	1400
0.433796	1400
0.433796	1400
0.433796	1400
0.433796	1400
0.433796	1400
0.433796	1400
0.43385	1400
0.43385	1400
0.43385	1400
0.43385	1400
0.43385	1400
0.433962	1400
0.433962	1400
0.433962	1400
0.433962	1400
0.433962	1400
0.434054	1400
0.434054	1400
0.434054	1400
0.434054	1400
0.434054	1400
0.434054	1400
0.434608	1400
0.435229	1400
0.435229	1400
0.435229	1400
0.436087	1400
0.436087	1400
0.436087	1400
0.436087	1400
0.436087	1400
0.436087	1400
0.436087	1400
0.436087	1400
0.436087	1400
0.436087	1400
0.436154	1400
0.436154	1400
0.436154	1400
0.436154	1400
0.436154	1400
0.436154	1400
0.436292	1400
0.436292	1400
0.436292	1400
0.436292	1400
0.436292	1400
0.436292	1400
0.436292	1400
0.436292	1400
0.436292	1400
0.436292	1400
0.436292	1400
0.436392	1400
0.436392	1400
0.436392	1400
0.436392	1400
0.436392	1400
0.436392	1400
0.436392	1400
0.436392	1400
0.436392	1400
0.436392	1400
0.436392	1400
0.436421	1400
0.436912	1400
0.436912	1400
0.438696	1400
0.438696	1400
0.438696	1400
0.438696	1400
0.438696	1400
0.438696	1400
0.438696	1400
0.438696	1400
0.438696	1400
0.438696	1400
0.438696	1400
0.438742	1400
0.438742	1400
0.438742	1400
0.438742	1400
0.438742	1400
0.438854	1400
0.438854	1400
0.438854	1400
0.438854	1400
0.438854	1400
0.438854	1400
0.438925	1400
0.438925	1400
0.439512	1400
0.439512	1400
0.440629	1400
0.440629	1400
0.440629	1400
0.440954	1400
0.440954	1400
0.440954	1400
0.440954	1400
0.440954	1400
0.440954	1400
0.441079	1400
0.441079	1400
0.441079	1400
0.441079	1400
0.441079	1400
0.441079	1400
0.441079	1400
0.441079	1400
0.441183	1400
0.441183	1400
0.441183	1400
0.441183	1400
0.441183	1400
0.441183	1400
0.441183	1400
0.441183	1400
0.441183	1400
0.441183	1400
0.441183	1400
0.441296	1400
0.441296	1400
0.441296	1400
0.441296	1400
0.441296	1400
0.441296	1400
0.441296	1400
0.441296	1400
0.441296	1400
0.441296	1400
0.441296	1400
0.441317	1400
0.441837	1400
0.441837	1400
0.441837	1400
0.441837	1400
0.441837	1400
0.443596	1400
0.443596	1400
0.443596	1400
0.443596	1400
0.443596	1400
0.443683	1400
0.443683	1400
0.443683	1400
0.443683	1400
0.443683	1400
0.443683	1400
0.443683	1400
0.443792	1400
0.443792	1400
0.443792	1400
0.443792	1400
0.443792	1400
0.443792	1400
0.443792	1400
0.443792	1400
0.443792	1400
0.443792	1400
0.443792	1400
0.444421	1400
0.444421	1400
0.444421	1400
0.445921	1400
0.445921	1400
0.445921	1400
0.446196	1400
0.446196	1400
0.446196	1400
0.446196	1400
0.446196	1400
0.446196	1400
0.446196	1400
0.446196	1400
0.446196	1400
0.446296	1400
0.446296	1400
0.446296	1400
0.446296	1400
0.446296	1400
0.446296	1400
0.446296	1400
0.446296	1400
0.446296	1400
0.446337	1400
0.446337	1400
0.446337	1400
0.446337	1400
0.446479	1400
0.446479	1400
0.446596	1400
0.446596	1400
0.446596	1400
0.446596	1400
0.446687	1400
0.446687	1400
0.446687	1400
0.446687	1400
0.446687	1400
0.446783	1400
0.446783	1400
0.446783	1400
0.446783	1400
0.446808	1400
0.448683	1400
0.448683	1400
0.448683	1400
0.448683	1400
0.448683	1400
0.448683	1400
0.448683	1400
0.448683	1400
0.448683	1400
0.448871	1400
0.448871	1400
0.448871	1400
0.448871	1400
0.448871	1400
0.448871	1400
0.448871	1400
0.448871	1400
0.448871	1400
0.448871	1400
0.448871	1400
0.448871	1400
0.448871	1400
0.448871	1400
0.448871	1400
0.448871	1400
0.448871	1400
0.448871	1400
0.449408	1400
0.450887	1400
0.450887	1400
0.450887	1400
0.450887	1400
0.450887	1400
0.450887	1400
0.450887	1400
0.450887	1400
0.450887	1400
0.450929	1400
0.450929	1400
0.450929	1400
0.450929	1400
0.451029	1400
0.451029	1400
0.451029	1400
0.45115	1400
0.45115	1400
0.45115	1400
0.45115	1400
0.45115	1400
0.451287	1400
0.451287	1400
0.451287	1400
0.451287	1400
0.451287	1400
0.451287	1400
0.451287	1400
0.451287	1400
0.451287	1400
0.451383	1400
0.451383	1400
0.451383	1400
0.451383	1400
0.451383	1400
0.451383	1400
0.451492	1400
0.451492	1400
0.451492	1400
0.451492	1400
0.451492	1400
0.451525	1400
0.451525	1400
0.451612	1400
0.451612	1400
0.453475	1400
0.453475	1400
0.453475	1400
0.453475	1400
0.453475	1400
0.453475	1400
0.453475	1400
0.453475	1400
0.453992	1400
0.453992	1400
0.453992	1400
0.453992	1400
0.453992	1400
0.453992	1400
0.453992	1400
0.453992	1400
0.453992	1400
0.453992	1400
0.453992	1400
0.453992	1400
0.454058	1400
0.454058	1400
0.454058	1400
0.454058	1400
0.454058	1400
0.454058	1400
0.454058	1400
0.454317	1400
0.455767	1400
0.455767	1400
0.455767	1400
0.455767	1400
0.455767	1400
0.455767	1400
0.455992	1400
0.455992	1400
0.455992	1400
0.455992	1400
0.455992	1400
0.455992	1400
0.455992	1400
0.455992	1400
0.456096	1400
0.456096	1400
0.456096	1400
0.456096	1400
0.456096	1400
0.456196	1400
0.456196	1400
0.456196	1400
0.456196	1400
0.456196	1400
0.456292	1400
0.456292	1400
0.456292	1400
0.456292	1400
0.456362	1400
0.456362	1400
0.456362	1400
0.456362	1400
0.456362	1400
0.456362	1400
0.456362	1400
0.456483	1400
0.456483	1400
0.456483	1400
0.456483	1400
0.456483	1400
0.456483	1400
0.456483	1400
0.456483	1400
0.456483	1400
0.456483	1400
0.456942	1400
0.458329	1400
0.458329	1400
0.458329	1400
0.45845	1400
0.45845	1400
0.45845	1400
0.45845	1400
0.45845	1400
0.458892	1400
0.458892	1400
0.458892	1400
0.458892	1400
0.458942	1400
0.458942	1400
0.458942	1400
0.458942	1400
0.45905	1400
0.45905	1400
0.45905	1400
0.45905	1400
0.45915	1400
0.45915	1400
0.45915	1400
0.45915	1400
0.45915	1400
0.45915	1400
0.459217	1400
0.459217	1400
0.460629	1400
0.460629	1400
0.460629	1400
0.460892	1400
0.460892	1400
0.460892	1400
0.460892	1400
0.460892	1400
0.460892	1400
0.460892	1400
0.460892	1400
0.460892	1400
0.460892	1400
0.460892	1400
0.460996	1400
0.460996	1400
0.460996	1400
0.460996	1400
0.460996	1400
0.460996	1400
0.461096	1400
0.461096	1400
0.461096	1400
0.461096	1400
0.461096	1400
0.461167	1400
0.461167	1400
0.461167	1400
0.461167	1400
0.461167	1400
0.461167	1400
0.461296	1400
0.461296	1400
0.461296	1400
0.461296	1400
0.461296	1400
0.461296	1400
0.461296	1400
0.461296	1400
0.461296	1400
0.461296	1400
0.461296	1400
0.461375	1400
0.461375	1400
0.461375	1400
0.461808	1400
0.463237	1400
0.463237	1400
0.463237	1400
0.463367	1400
0.463367	1400
0.463367	1400
0.463367	1400
0.463367	1400
0.463367	1400
0.463792	1400
0.463792	1400
0.463792	1400
0.463792	1400
0.463792	1400
0.463792	1400
0.463792	1400
0.463792	1400
0.463892	1400
0.463892	1400
0.463892	1400
0.463892	1400
0.463892	1400
0.463892	1400
0.463892	1400
0.463892	1400
0.463892	1400
0.463929	1400
0.463929	1400
0.463929	1400
0.465583	1400
0.465583	1400
0.465583	1400
0.465583	1400
0.465583	1400
0.465583	1400
0.465583	1400
0.465583	1400
0.465583	1400
0.465625	1400
0.465625	1400
0.465796	1400
0.465796	1400
0.465796	1400
0.465796	1400
0.465796	1400
0.465796	1400
0.465796	1400
0.465796	1400
0.465796	1400
0.465796	1400
0.465796	1400
0.465796	1400
0.465871	1400
0.465871	1400
0.465871	1400
0.465871	1400
0.465871	1400
0.465871	1400
0.465871	1400
0.465871	1400
0.465987	1400
0.465987	1400
0.465987	1400
0.465987	1400
0.465987	1400
0.465987	1400
0.465987	1400
0.465987	1400
0.465987	1400
0.465987	1400
0.465987	1400
0.466033	1400
0.466033	1400
0.466033	1400
0.466033	1400
0.468896	1400
0.468896	1400
0.468896	1400
0.468896	1400
0.468896	1400
0.468896	1400
0.468896	1400
0.468896	1400
0.468896	1400
0.468996	1400
0.468996	1400
0.468996	1400
0.468996	1400
0.468996	1400
0.468996	1400
0.468996	1400
0.468996	1400
0.468996	1400
0.469125	1400
0.469125	1400
0.470492	1400
0.470492	1400
0.470492	1400
0.470492	1400
0.470492	1400
0.470492	1400
0.470492	1400
0.470492	1400
0.470492	1400
0.470596	1400
0.470596	1400
0.470596	1400
0.470596	1400
0.470596	1400
0.470596	1400
0.470596	1400
0.470596	1400
0.470596	1400
0.470696	1400
0.470696	1400
0.470696	1400
0.470696	1400
0.470696	1400
0.470696	1400
0.470696	1400
0.470696	1400
0.470696	1400
0.470796	1400
0.470796	1400
0.470796	1400
0.470796	1400
0.470796	1400
0.470796	1400
0.470796	1400
0.470796	1400
0.470796	1400
0.470896	1400
0.470896	1400
0.470896	1400
0.470896	1400
0.470896	1400
0.470896	1400
0.470896	1400
0.470896	1400
0.470896	1400
0.470896	1400
0.470987	1400
0.470987	1400
0.470987	1400
0.470987	1400
0.470987	1400
0.470987	1400
0.470987	1400
0.470987	1400
0.471029	1400
0.471029	1400
0.471608	1400
0.474196	1400
0.474196	1400
0.474196	1400
0.474196	1400
0.474196	1400
0.474196	1400
0.474196	1400
0.474196	1400
0.474196	1400
0.474196	1400
0.474196	1400
0.474271	1400
0.474271	1400
0.474271	1400
0.474271	1400
0.474271	1400
0.474271	1400
0.474271	1400
0.474271	1400
0.475092	1400
0.475687	1400
0.475687	1400
0.475687	1400
0.475687	1400
0.475687	1400
0.475687	1400
0.475687	1400
0.475687	1400
0.475796	1400
0.475796	1400
0.475796	1400
0.475796	1400
0.475796	1400
0.475796	1400
0.475796	1400
0.475796	1400
0.475796	1400
0.475896	1400
0.475896	1400
0.475896	1400
0.475896	1400
0.475896	1400
0.475896	1400
0.475896	1400
0.475896	1400
0.475896	1400
0.475896	1400
0.475992	1400
0.475992	1400
0.475992	1400
0.475992	1400
0.475992	1400
0.475992	1400
0.475992	1400
0.475992	1400
0.475992	1400
0.476183	1400
0.476183	1400
0.476183	1400
0.476183	1400
0.476287	1400
0.476287	1400
0.476287	1400
0.476287	1400
0.476383	1400
0.476383	1400
0.476383	1400
0.476383	1400
0.476429	1400
0.476429	1400
0.476429	1400
0.477167	1400
0.477167	1400
0.477167	1400
0.477167	1400
0.477167	1400
0.477167	1400
0.478017	1400
0.479087	1400
0.479087	1400
0.479087	1400
0.479087	1400
0.479183	1400
0.479183	1400
0.479183	1400
0.479183	1400
0.479246	1400
0.479246	1400
0.479246	1400
0.479246	1400
0.479246	1400
0.47935	1400
0.47935	1400
0.47935	1400
0.47935	1400
0.479417	1400
0.479912	1400
0.479912	1400
0.480567	1400
0.480567	1400
0.480567	1400
0.480567	1400
0.480567	1400
0.480567	1400
0.480683	1400
0.480683	1400
0.480683	1400
0.480683	1400
0.480683	1400
0.480683	1400
0.480683	1400
0.480683	1400
0.480683	1400
0.480792	1400
0.480792	1400
0.480792	1400
0.480792	1400
0.480792	1400
0.480792	1400
0.480792	1400
0.480792	1400
0.480792	1400
0.480792	1400
0.480792	1400
0.480792	1400
0.480892	1400
0.480892	1400
0.480892	1400
0.480892	1400
0.480892	1400
0.480892	1400
0.480892	1400
0.480892	1400
0.480983	1400
0.480983	1400
0.480983	1400
0.480983	1400
0.481087	1400
0.481087	1400
0.481087	1400
0.481087	1400
0.481087	1400
0.481275	1400
0.481275	1400
0.481275	1400
0.481275	1400
0.481275	1400
0.481392	1400
0.481392	1400
0.482454	1400
0.482454	1400
0.482454	1400
0.482454	1400
0.482454	1400
0.482454	1400
0.482454	1400
0.483217	1400
0.483996	1400
0.483996	1400
0.483996	1400
0.483996	1400
0.483996	1400
0.483996	1400
0.483996	1400
0.483996	1400
0.483996	1400
0.484062	1400
0.484062	1400
0.484062	1400
0.484062	1400
0.484062	1400
0.484062	1400
0.484137	1400
0.484137	1400
0.484137	1400
0.484825	1400
0.484825	1400
0.485467	1400
0.485467	1400
0.485467	1400
0.485467	1400
0.485467	1400
0.485467	1400
0.485592	1400
0.485592	1400
0.485592	1400
0.485592	1400
0.485592	1400
0.485592	1400
0.485592	1400
0.485592	1400
0.485687	1400
0.485687	1400
0.485687	1400
0.485687	1400
0.485687	1400
0.485792	1400
0.485792	1400
0.485792	1400
0.485792	1400
0.485792	1400
0.485792	1400
0.485792	1400
0.485792	1400
0.485792	1400
0.485992	1400
0.485992	1400
0.485992	1400
0.485992	1400
0.486042	1400
0.486042	1400
0.486042	1400
0.486042	1400
0.486042	1400
0.486142	1400
0.486142	1400
0.486142	1400
0.486142	1400
0.486242	1400
0.486242	1400
0.486242	1400
0.486242	1400
0.486242	1400
0.486346	1400
0.486346	1400
0.486346	1400
0.486346	1400
0.486346	1400
0.486908	1400
0.487387	1400
0.487387	1400
0.487387	1400
0.487387	1400
0.487387	1400
0.487387	1400
0.487387	1400
0.488117	1400
0.489292	1400
0.489292	1400
0.489292	1400
0.489292	1400
0.489292	1400
0.489292	1400
0.489292	1400
0.489292	1400
0.489387	1400
0.489387	1400
0.489387	1400
0.489387	1400
0.489496	1400
0.489496	1400
0.489496	1400
0.489562	1400
0.489562	1400
0.489633	1400
0.489633	1400
0.489633	1400
0.490496	1400
0.490496	1400
0.490496	1400
0.490496	1400
0.490496	1400
0.490496	1400
0.490496	1400
0.490496	1400
0.490496	1400
0.490496	1400
0.490562	1400
0.490562	1400
0.490562	1400
0.490562	1400
0.490562	1400
0.490562	1400
0.490692	1400
0.490692	1400
0.490692	1400
0.490692	1400
0.490692	1400
0.490692	1400
0.490692	1400
0.490796	1400
0.490796	1400
0.490796	1400
0.490796	1400
0.490796	1400
0.490796	1400
0.490796	1400
0.490796	1400
0.490796	1400
0.490867	1400
0.490867	1400
0.490867	1400
0.490867	1400
0.490867	1400
0.490867	1400
0.490867	1400
0.490971	1400
0.490971	1400
0.490971	1400
0.491087	1400
0.491087	1400
0.491087	1400
0.491087	1400
0.491187	1400
0.491187	1400
0.491187	1400
0.491187	1400
0.491825	1400
0.491825	1400
0.491825	1400
0.494192	1400
0.494192	1400
0.494192	1400
0.494192	1400
0.494192	1400
0.494192	1400
0.494192	1400
0.494192	1400
0.494192	1400
0.494287	1400
0.494287	1400
0.494287	1400
0.494362	1400
0.494362	1400
0.494362	1400
0.494496	1400
0.494496	1400
0.494496	1400
0.494567	1400
0.494567	1400
0.494567	1400
0.494675	1400
0.494675	1400
0.494675	1400
0.494675	1400
0.494675	1400
0.494675	1400
0.495396	1400
0.495396	1400
0.495396	1400
0.495396	1400
0.495396	1400
0.495496	1400
0.495496	1400
0.495496	1400
0.495496	1400
0.495496	1400
0.495592	1400
0.495592	1400
0.495592	1400
0.495592	1400
0.495592	1400
0.495692	1400
0.495692	1400
0.495692	1400
0.495692	1400
0.495692	1400
0.495792	1400
0.495792	1400
0.495792	1400
0.495792	1400
0.495792	1400
0.495883	1400
0.495883	1400
0.495883	1400
0.495883	1400
0.495983	1400
0.495983	1400
0.495983	1400
0.495983	1400
0.495983	1400
0.495983	1400
0.496083	1400
0.496083	1400
0.496083	1400
0.496083	1400
0.496546	1400
0.496546	1400
0.496546	1400
0.496546	1400
0.496546	1400
0.496546	1400
0.496546	1400
0.496546	1400
0.496546	1400
0.496546	1400
0.496746	1400
0.496746	1400
0.496746	1400
0.496746	1400
0.496821	1400
0.496821	1400
0.499092	1400
0.499092	1400
0.499125	1400
0.499125	1400
0.499125	1400
0.499221	1400
0.499321	1400
0.499321	1400
0.499437	1400
0.499437	1400
0.499537	1400
0.499637	1400
0.499637	1400
0.499729	1400
0.499825	1400
0.499825	1400
0.499929	1400
0.499929	1400
0.499929	1400
0.500037	1400
0.500121	1400
0.500121	1400
0.500271	1400
0.500271	1400
0.500371	1400
0.500471	1400
0.500471	1400
0.500567	1400
0.500617	1400
0.500617	1400
0.500717	1400
0.500821	1400
0.500821	1400
0.500921	1400
0.501117	1400
0.501217	1400
0.501217	1400
0.501317	1400
0.501417	1400
0.501517	1400
0.501517	1400
0.501617	1400
0.501742	1400
0.501854	1400
0.501954	1400
0.501954	1400
0.502167	1400
0.502267	1400
0.502367	1400
0.502471	1400
0.502471	1400
0.502575	1400
0.502575	1400
0.502667	1400
0.502667	1400
0.502779	1400
0.502779	1400
0.502779	1400
0.502879	1400
0.502879	1400
0.502967	1400
0.502967	1400
0.503179	1400
0.503179	1400
0.503179	1400
0.503179	1400
0.503283	1400
0.503283	1400
0.503283	1400
0.503383	1400
0.503383	1400
0.503383	1400
0.503383	1400
0.503383	1400
0.503475	1400
0.503475	1400
0.503475	1400
0.503583	1400
0.503583	1400
0.503683	1400
0.503683	1400
0.503683	1400
0.503683	1400
0.504229	1400
0.504229	1400
0.504333	1400
0.504333	1400
0.504333	1400
0.504496	1400
0.504496	1400
0.504496	1400
0.504496	1400
0.504496	1400
0.504512	1400
0.504621	1400
0.504742	1400
0.504742	1400
0.504821	1400
0.504821	1400
0.504929	1400
0.504929	1400
0.504929	1400
0.505171	1400
0.505171	1400
0.505171	1400
0.505171	1400
0.505171	1400
0.505171	1400
0.505171	1400
0.505212	1400
0.505212	1400
0.505429	1400
0.505429	1400
0.505429	1400
0.505525	1400
0.505525	1400
0.506046	1400
0.506046	1400
0.506046	1400
0.506046	1400
0.506046	1400
0.506258	1400
0.506258	1400
0.506337	1400
0.506337	1400
0.506446	1400
0.506871	1400
0.506942	1400
0.506942	1400
0.506942	1400
0.506942	1400
0.507012	1400
0.507354	1400
0.507354	1400
0.507354	1400
0.507354	1400
0.507354	1400
0.507354	1400
0.507437	1400
0.507437	1400
0.507437	1400
0.507437	1400
0.507521	1400
0.507521	1400
0.507617	1400
0.507708	1400
0.508029	1400
0.508029	1400
0.508029	1400
0.508146	1400
0.508146	1400
0.508146	1400
0.508146	1400
0.508146	1400
0.508392	1400
0.508392	1400
0.508392	1400
0.508392	1400
0.508392	1400
0.508392	1400
0.508392	1400
0.508392	1400
0.508392	1400
0.508392	1400
0.508392	1400
0.508492	1400
0.508492	1400
0.509537	1400
0.509537	1400
0.509537	1400
0.509537	1400
0.509537	1400
0.509537	1400
0.509662	1400
0.509662	1400
0.509662	1400
0.509783	1400
0.509783	1400
0.509783	1400
0.509783	1400
0.509783	1400
0.509783	1400
0.509783	1400
0.509783	1400
0.509892	1400
0.510092	1400
0.510092	1400
0.510092	1400
0.510092	1400
0.510092	1400
0.510092	1400
0.510092	1400
0.510092	1400
0.510092	1400
0.510354	1400
0.510354	1400
0.510354	1400
0.510354	1400
0.510354	1400
0.510354	1400
0.510937	1400
0.510937	1400
0.510937	1400
0.511096	1400
0.511096	1400
0.511096	1400
0.511671	1400
0.511671	1400
0.511671	1400
0.511671	1400
0.511671	1400
0.511671	1400
0.511671	1400
0.511671	1400
0.511896	1400
0.511896	1400
0.512296	1400
0.512296	1400
0.512296	1400
0.512296	1400
0.512296	1400
0.512296	1400
0.512296	1400
0.512296	1400
0.512296	1400
0.512296	1400
0.512296	1400
0.512325	1400
0.512325	1400
0.512325	1400
0.512412	1400
0.512829	1400
0.512829	1400
0.512829	1400
0.512946	1400
0.512946	1400
0.512946	1400
0.512946	1400
0.512946	1400
0.513096	1400
0.513096	1400
0.513096	1400
0.513183	1400
0.513183	1400
0.513183	1400
0.513183	1400
0.513183	1400
0.513183	1400
0.513183	1400
0.513183	1400
0.513183	1400
0.513975	1400
0.514292	1400
0.514292	1400
0.514292	1400
0.514329	1400
0.514329	1400
0.514329	1400
0.514417	1400
0.514587	1400
0.514587	1400
0.514587	1400
0.514587	1400
0.514587	1400
0.514587	1400
0.514587	1400
0.514587	1400
0.514587	1400
0.514587	1400
0.514779	1400
0.514779	1400
0.514779	1400
0.514779	1400
0.514779	1400
0.514779	1400
0.514779	1400
0.514779	1400
0.514779	1400
0.515408	1400
0.516192	1400
0.516192	1400
0.516192	1400
0.516192	1400
0.516192	1400
0.516192	1400
0.516192	1400
0.516192	1400
0.516192	1400
0.516192	1400
0.516192	1400
0.516579	1400
0.516579	1400
0.516579	1400
0.516579	1400
0.516579	1400
0.516579	1400
0.516579	1400
0.516579	1400
0.516629	1400
0.516629	1400
0.517192	1400
0.517192	1400
0.517192	1400
0.517192	1400
0.517192	1400
0.517192	1400
0.517192	1400
0.517192	1400
0.517192	1400
0.517275	1400
0.517275	1400
0.517275	1400
0.517275	1400
0.517275	1400
0.517275	1400
0.517275	1400
0.517675	1400
0.517675	1400
0.517675	1400
0.517675	1400
0.517675	1400
0.517771	1400
0.517771	1400
0.517771	1400
0.517771	1400
0.517771	1400
0.517771	1400
0.517771	1400
0.518079	1400
0.518079	1400
0.518079	1400
0.518079	1400
0.518175	1400
0.518175	1400
0.518175	1400
0.518175	1400
0.518846	1400
0.519787	1400
0.519787	1400
0.519896	1400
0.519896	1400
0.519896	1400
0.519896	1400
0.519992	1400
0.519992	1400
0.519992	1400
0.519992	1400
0.519992	1400
0.520079	1400
0.520079	1400
0.520079	1400
0.520079	1400
0.520079	1400
0.520183	1400
0.520183	1400
0.520183	1400
0.520183	1400
0.520183	1400
0.520229	1400
0.520229	1400
0.520229	1400
0.520329	1400
0.520329	1400
0.520329	1400
0.520408	1400
0.521054	1400
0.521054	1400
0.521054	1400
0.521183	1400
0.521183	1400
0.521279	1400
0.521279	1400
0.521279	1400
0.521279	1400
0.521383	1400
0.521883	1400
0.522092	1400
0.522092	1400
0.522092	1400
0.522092	1400
0.522092	1400
0.522092	1400
0.522092	1400
0.522092	1400
0.522092	1400
0.522092	1400
0.522092	1400
0.522196	1400
0.522196	1400
0.522196	1400
0.522196	1400
0.522196	1400
0.522196	1400
0.522196	1400
0.522196	1400
0.522196	1400
0.522196	1400
0.522196	1400
0.522237	1400
0.522237	1400
0.522237	1400
0.522237	1400
0.523354	1400
0.523354	1400
0.523354	1400
0.523354	1400
0.523354	1400
0.523354	1400
0.523354	1400
0.523454	1400
0.523454	1400
0.523454	1400
0.523454	1400
0.523454	1400
0.523454	1400
0.52355	1400
0.52355	1400
0.52355	1400
0.52355	1400
0.52355	1400
0.52355	1400
0.52355	1400
0.524208	1400
0.524696	1400
0.524696	1400
0.524696	1400
0.524696	1400
0.524783	1400
0.524783	1400
0.524783	1400
0.524783	1400
0.524896	1400
0.524896	1400
0.524896	1400
0.524896	1400
0.524896	1400
0.524992	1400
0.524992	1400
0.524992	1400
0.524992	1400
0.524992	1400
0.524992	1400
0.524992	1400
0.524992	1400
0.525071	1400
0.525071	1400
0.525071	1400
0.525071	1400
0.525071	1400
0.525071	1400
0.525071	1400
0.525117	1400
0.525854	1400
0.525854	1400
0.525854	1400
0.525854	1400
0.525854	1400
0.526092	1400
0.526092	1400
0.526092	1400
0.526092	1400
0.526092	1400
0.526796	1400
0.526796	1400
0.526796	1400
0.526796	1400
0.526796	1400
0.526796	1400
0.526796	1400
0.526796	1400
0.526796	1400
0.526796	1400
0.526796	1400
0.526996	1400
0.526996	1400
0.526996	1400
0.526996	1400
0.526996	1400
0.526996	1400
0.526996	1400
0.526996	1400
0.526996	1400
0.526996	1400
0.526996	1400
0.526996	1400
0.527042	1400
0.527042	1400
0.527042	1400
0.527042	1400
0.527042	1400
0.528267	1400
0.528267	1400
0.528267	1400
0.528267	1400
0.528267	1400
0.528267	1400
0.528392	1400
0.528392	1400
0.528392	1400
0.528392	1400
0.528392	1400
0.528392	1400
0.528487	1400
0.528487	1400
0.528487	1400
0.528487	1400
0.528487	1400
0.528487	1400
0.528587	1400
0.529112	1400
0.529112	1400
0.529587	1400
0.529587	1400
0.529587	1400
0.529587	1400
0.529587	1400
0.529587	1400
0.529587	1400
0.529587	1400
0.529587	1400
0.529683	1400
0.529683	1400
0.529683	1400
0.529683	1400
0.529683	1400
0.529796	1400
0.529796	1400
0.529796	1400
0.529796	1400
0.529796	1400
0.529796	1400
0.529796	1400
0.529796	1400
0.529796	1400
0.529796	1400
0.529842	1400
0.529842	1400
0.529842	1400
0.529842	1400
0.529842	1400
0.530796	1400
0.530796	1400
0.530796	1400
0.530796	1400
0.530862	1400
0.530862	1400
0.530862	1400
0.530862	1400
0.530862	1400
0.531696	1400
0.531696	1400
0.531696	1400
0.531696	1400
0.531696	1400
0.531696	1400
0.531696	1400
0.531696	1400
0.531696	1400
0.531696	1400
0.533192	1400
0.533192	1400
0.533192	1400
0.533192	1400
0.533287	1400
0.533287	1400
0.533287	1400
0.533287	1400
0.533387	1400
0.533387	1400
0.533387	1400
0.533387	1400
0.533387	1400
0.533487	1400
0.533487	1400
0.533487	1400
0.533487	1400
0.533487	1400
0.533592	1400
0.533592	1400
0.533592	1400
0.533654	1400
0.533654	1400
0.533654	1400
0.533754	1400
0.533754	1400
0.533754	1400
0.533854	1400
0.533854	1400
0.533854	1400
0.533954	1400
0.533954	1400
0.533954	1400
0.534046	1400
0.534046	1400
0.534046	1400
0.534046	1400
0.534046	1400
0.534379	1400
0.534379	1400
0.534379	1400
0.534379	1400
0.534475	1400
0.534475	1400
0.534475	1400
0.534475	1400
0.534475	1400
0.534583	1400
0.534583	1400
0.534583	1400
0.534583	1400
0.534583	1400
0.534583	1400
0.534642	1400
0.534642	1400
0.534642	1400
0.534642	1400
0.534771	1400
0.534771	1400
0.534771	1400
0.534771	1400
0.534771	1400
0.534771	1400
0.534771	1400
0.534771	1400
0.534771	1400
0.534833	1400
0.534833	1400
0.534833	1400
0.535287	1400
0.535675	1400
0.535675	1400
0.535675	1400
0.535675	1400
0.535675	1400
0.535675	1400
0.535675	1400
0.535675	1400
0.536583	1400
0.536583	1400
0.536583	1400
0.536583	1400
0.536583	1400
0.536583	1400
0.536583	1400
0.536583	1400
0.536583	1400
0.536583	1400
0.538787	1400
0.538787	1400
0.538787	1400
0.538787	1400
0.538787	1400
0.538787	1400
0.538787	1400
0.538787	1400
0.538787	1400
0.538787	1400
0.538787	1400
0.538842	1400
0.538842	1400
0.538842	1400
0.538842	1400
0.538842	1400
0.538942	1400
0.538942	1400
0.538942	1400
0.538942	1400
0.538942	1400
0.538942	1400
0.538942	1400
0.538942	1400
0.538942	1400
0.53905	1400
0.53905	1400
0.53905	1400
0.53905	1400
0.539183	1400
0.539183	1400
0.539183	1400
0.539183	1400
0.539287	1400
0.539287	1400
0.539287	1400
0.539287	1400
0.539287	1400
0.539375	1400
0.539375	1400
0.539375	1400
0.539375	1400
0.539483	1400
0.539483	1400
0.539483	1400
0.539483	1400
0.539579	1400
0.539579	1400
0.539683	1400
0.539683	1400
0.539683	1400
0.539729	1400
0.539729	1400
0.539829	1400
0.539829	1400
0.539829	1400
0.539929	1400
0.539929	1400
0.540042	1400
0.540042	1400
0.540042	1400
0.540042	1400
0.540129	1400
0.540129	1400
0.540129	1400
0.540229	1400
0.540229	1400
0.540321	1400
0.540321	1400
0.540421	1400
0.540621	1400
0.540621	1400
0.540725	1400
0.540725	1400
0.540817	1400
0.540817	1400
0.540917	1400
0.541012	1400
0.541429	1400
0.541429	1400
0.541658	1400
0.541658	1400
0.541658	1400
0.541658	1400
0.541762	1400
0.541762	1400
0.543817	1400
0.543817	1400
0.543817	1400
0.544017	1400
0.544017	1400
0.544017	1400
0.544017	1400
0.544017	1400
0.544142	1400
0.544237	1400
0.544346	1400
0.544346	1400
0.544537	1400
0.544537	1400
0.544646	1400
0.544646	1400
0.544646	1400
0.544646	1400
0.544737	1400
0.544737	1400
0.544737	1400
0.544892	1400
0.544892	1400
0.544892	1400
0.544892	1400
0.544892	1400
0.544987	1400
0.544987	1400
0.544987	1400
0.544987	1400
0.544987	1400
0.545092	1400
0.545092	1400
0.545092	1400
0.545175	1400
0.545175	1400
0.545296	1400
0.545296	1400
0.545296	1400
0.545362	1400
0.545362	1400
0.545362	1400
0.545554	1400
0.545554	1400
0.545554	1400
0.54565	1400
0.54565	1400
0.54565	1400
0.545746	1400
0.545746	1400
0.545746	1400
0.545892	1400
0.545892	1400
0.545892	1400
0.545892	1400
0.545892	1400
0.545983	1400
0.545983	1400
0.545983	1400
0.545983	1400
0.546079	1400
0.546079	1400
0.546079	1400
0.546079	1400
0.546192	1400
0.546192	1400
0.546192	1400
0.546192	1400
0.546192	1400
0.546275	1400
0.546275	1400
0.546387	1400
0.546387	1400
0.546387	1400
0.546387	1400
0.546387	1400
0.546583	1400
0.546583	1400
0.546583	1400
0.547558	1400
0.547558	1400
0.547558	1400
0.547558	1400
0.547558	1400
0.547558	1400
0.548458	1400
0.548458	1400
0.548458	1400
0.548658	1400
0.548658	1400
0.548658	1400
0.548658	1400
0.548658	1400
0.548658	1400
0.548892	1400
0.548892	1400
0.548892	1400
0.548892	1400
0.548892	1400
0.548892	1400
0.548921	1400
0.548921	1400
0.549125	1400
0.549125	1400
0.549658	1400
0.549658	1400
0.549658	1400
0.549658	1400
0.549658	1400
0.549658	1400
0.549771	1400
0.549771	1400
0.549771	1400
0.549771	1400
0.549771	1400
0.549771	1400
0.549771	1400
0.549771	1400
0.549892	1400
0.549892	1400
0.549892	1400
0.549892	1400
0.549892	1400
0.549892	1400
0.549892	1400
0.549996	1400
0.549996	1400
0.549996	1400
0.549996	1400
0.549996	1400
0.549996	1400
0.550029	1400
0.550029	1400
0.550029	1400
0.550433	1400
0.550433	1400
0.550433	1400
0.550675	1400
0.550675	1400
0.550675	1400
0.550675	1400
0.550675	1400
0.550675	1400
0.550675	1400
0.550675	1400
0.550675	1400
0.550787	1400
0.550787	1400
0.550787	1400
0.550787	1400
0.550787	1400
0.550837	1400
0.550837	1400
0.550837	1400
0.550837	1400
0.550837	1400
0.550958	1400
0.550958	1400
0.550958	1400
0.550958	1400
0.550958	1400
0.551079	1400
0.551079	1400
0.551142	1400
0.551142	1400
0.551142	1400
0.551142	1400
0.551208	1400
0.552496	1400
0.552496	1400
0.552496	1400
0.552496	1400
0.552496	1400
0.553354	1400
0.553354	1400
0.553354	1400
0.553354	1400
0.553354	1400
0.553492	1400
0.553492	1400
0.553492	1400
0.553492	1400
0.553492	1400
0.553687	1400
0.553687	1400
0.553687	1400
0.553687	1400
0.553775	1400
0.553775	1400
0.553775	1400
0.553775	1400
0.553775	1400
0.553775	1400
0.553775	1400
0.553825	1400
0.553825	1400
0.553825	1400
0.554692	1400
0.554692	1400
0.554692	1400
0.554692	1400
0.554692	1400
0.554796	1400
0.554796	1400
0.554796	1400
0.554796	1400
0.554896	1400
0.554896	1400
0.554896	1400
0.554896	1400
0.554896	1400
0.554992	1400
0.554992	1400
0.554992	1400
0.554992	1400
0.554992	1400
0.554992	1400
0.554992	1400
0.554992	1400
0.554992	1400
0.555092	1400
0.555092	1400
0.555092	1400
0.555092	1400
0.555092	1400
0.555092	1400
0.555254	1400
0.555254	1400
0.555254	1400
0.555346	1400
0.555742	1400
0.555742	1400
0.555742	1400
0.555742	1400
0.55585	1400
0.55585	1400
0.55585	1400
0.55585	1400
0.55585	1400
0.55595	1400
0.55595	1400
0.55595	1400
0.55595	1400
0.55595	1400
0.556092	1400
0.556092	1400
0.556092	1400
0.556092	1400
0.556092	1400
0.556092	1400
0.556192	1400
0.556192	1400
0.556192	1400
0.556192	1400
0.556192	1400
0.556192	1400
0.556192	1400
0.556246	1400
0.556246	1400
0.556246	1400
0.556708	1400
0.557396	1400
0.557396	1400
0.557396	1400
0.557396	1400
0.557396	1400
0.558296	1400
0.558296	1400
0.558296	1400
0.558296	1400
0.558296	1400
0.558392	1400
0.558392	1400
0.558392	1400
0.558392	1400
0.558883	1400
0.558883	1400
0.558883	1400
0.558883	1400
0.558883	1400
0.558883	1400
0.558883	1400
0.558883	1400
0.558883	1400
0.558883	1400
0.558883	1400
0.558937	1400
0.558937	1400
0.558937	1400
0.559592	1400
0.559592	1400
0.559592	1400
0.559592	1400
0.559592	1400
0.559592	1400
0.559592	1400
0.559592	1400
0.559592	1400
0.559692	1400
0.559692	1400
0.559692	1400
0.559692	1400
0.559692	1400
0.559692	1400
0.559796	1400
0.559796	1400
0.559796	1400
0.559796	1400
0.559796	1400
0.559796	1400
0.559896	1400
0.559896	1400
0.559896	1400
0.559896	1400
0.559896	1400
0.559996	1400
0.559996	1400
0.559996	1400
0.559996	1400
0.559996	1400
0.560092	1400
0.560092	1400
0.560183	1400
0.560183	1400
0.560662	1400
0.560662	1400
0.560762	1400
0.560762	1400
0.560762	1400
0.560887	1400
0.560887	1400
0.560887	1400
0.560983	1400
0.560983	1400
0.561083	1400
0.561083	1400
0.561083	1400
0.561179	1400
0.561179	1400
0.561179	1400
0.561267	1400
0.561267	1400
0.561367	1400
0.561367	1400
0.561454	1400
0.561454	1400
0.561554	1400
0.561771	1400
0.561771	1400
0.561862	1400
0.561862	1400
0.561967	1400
0.562246	1400
0.562246	1400
0.562354	1400
0.562354	1400
0.562354	1400
0.562354	1400
0.562487	1400
0.563187	1400
0.563187	1400
0.563187	1400
0.563187	1400
0.563279	1400
0.563279	1400
0.563279	1400
0.563387	1400
0.563387	1400
0.563787	1400
0.563787	1400
0.563787	1400
0.563787	1400
0.563787	1400
0.563787	1400
0.563787	1400
0.563787	1400
0.563787	1400
0.563787	1400
0.563787	1400
0.563833	1400
0.563833	1400
0.563833	1400
0.564429	1400
0.564429	1400
0.564429	1400
0.564429	1400
0.56455	1400
0.56455	1400
0.56455	1400
0.56455	1400
0.56455	1400
0.56465	1400
0.56465	1400
0.56465	1400
0.56465	1400
0.56465	1400
0.56465	1400
0.56475	1400
0.56475	1400
0.56475	1400
0.56475	1400
0.56475	1400
0.56475	1400
0.56485	1400
0.56485	1400
0.56485	1400
0.56485	1400
0.56485	1400
0.56485	1400
0.564933	1400
0.564933	1400
0.564933	1400
0.564933	1400
0.565029	1400
0.565029	1400
0.565029	1400
0.565129	1400
0.565129	1400
0.565508	1400
0.565892	1400
0.565892	1400
0.565892	1400
0.565892	1400
0.565892	1400
0.565892	1400
0.565892	1400
0.565942	1400
0.565942	1400
0.565942	1400
0.566475	1400
0.566475	1400
0.566475	1400
0.566475	1400
0.566475	1400
0.566475	1400
0.566475	1400
0.566475	1400
0.566475	1400
0.566475	1400
0.566475	1400
0.566475	1400
0.566475	1400
0.566671	1400
0.566671	1400
0.566671	1400
0.566671	1400
0.566671	1400
0.567167	1400
0.567167	1400
0.567167	1400
0.567167	1400
0.567167	1400
0.567167	1400
0.567292	1400
0.568096	1400
0.568096	1400
0.568096	1400
0.568096	1400
0.568096	1400
0.568096	1400
0.568096	1400
0.568096	1400
0.568696	1400
0.568696	1400
0.568696	1400
0.568696	1400
0.568696	1400
0.568696	1400
0.568696	1400
0.568696	1400
0.568696	1400
0.568696	1400
0.568746	1400
0.568746	1400
0.568746	1400
0.568746	1400
0.568821	1400
0.568821	1400
0.569367	1400
0.569367	1400
0.569367	1400
0.569367	1400
0.569367	1400
0.569367	1400
0.569483	1400
0.569483	1400
0.569483	1400
0.569483	1400
0.569483	1400
0.569483	1400
0.569483	1400
0.569483	1400
0.569596	1400
0.569596	1400
0.569596	1400
0.569596	1400
0.569696	1400
0.569696	1400
0.569696	1400
0.569696	1400
0.569696	1400
0.569696	1400
0.569796	1400
0.569796	1400
0.569796	1400
0.569796	1400
0.569796	1400
0.569796	1400
0.569887	1400
0.569887	1400
0.569887	1400
0.569971	1400
0.569971	1400
0.569971	1400
0.570792	1400
0.570792	1400
0.570792	1400
0.570792	1400
0.570792	1400
0.570792	1400
0.570792	1400
0.570792	1400
0.570792	1400
0.570792	1400
0.571342	1400
0.571342	1400
0.571342	1400
0.571342	1400
0.571342	1400
0.571562	1400
0.571562	1400
0.571562	1400
0.571562	1400
0.571987	1400
0.571987	1400
0.571987	1400
0.571987	1400
0.571987	1400
0.571987	1400
0.571987	1400
0.571987	1400
0.571987	1400
0.571987	1400
0.571987	1400
0.57205	1400
0.57205	1400
0.57205	1400
0.57205	1400
0.57205	1400
0.572808	1400
0.573371	1400
0.573371	1400
0.573371	1400
0.573371	1400
0.573371	1400
0.573371	1400
0.573371	1400
0.573596	1400
0.573596	1400
0.573596	1400
0.573596	1400
0.573596	1400
0.573596	1400
0.573596	1400
0.573596	1400
0.573596	1400
0.573596	1400
0.573679	1400
0.573679	1400
0.573679	1400
0.573679	1400
0.573679	1400
0.573679	1400
0.573679	1400
0.574267	1400
0.574267	1400
0.574267	1400
0.574267	1400
0.574267	1400
0.574267	1400
0.574267	1400
0.57435	1400
0.57435	1400
0.57435	1400
0.57435	1400
0.574496	1400
0.574496	1400
0.574496	1400
0.574496	1400
0.574496	1400
0.574596	1400
0.574596	1400
0.574596	1400
0.574596	1400
0.574692	1400
0.574692	1400
0.574692	1400
0.574762	1400
0.574762	1400
0.574762	1400
0.574883	1400
0.574883	1400
0.574883	1400
0.574979	1400
0.574979	1400
0.575079	1400
0.575079	1400
0.575079	1400
0.575192	1400
0.575192	1400
0.575308	1400
0.575683	1400
0.575683	1400
0.575683	1400
0.575683	1400
0.575683	1400
0.575683	1400
0.575683	1400
0.575683	1400
0.575792	1400
0.576296	1400
0.576296	1400
0.576296	1400
0.576296	1400
0.576296	1400
0.576887	1400
0.576887	1400
0.576887	1400
0.576887	1400
0.576887	1400
0.576887	1400
0.576887	1400
0.576887	1400
0.576887	1400
0.576996	1400
0.576996	1400
0.576996	1400
0.576996	1400
0.576996	1400
0.576996	1400
0.576996	1400
0.576996	1400
0.576996	1400
0.577029	1400
0.577029	1400
0.577029	1400
0.577712	1400
0.578292	1400
0.578292	1400
0.578292	1400
0.578292	1400
0.578292	1400
0.57835	1400
0.57835	1400
0.57835	1400
0.57835	1400
0.57835	1400
0.57835	1400
0.578475	1400
0.578475	1400
0.578475	1400
0.578475	1400
0.578475	1400
0.578475	1400
0.578475	1400
0.578475	1400
0.578475	1400
0.578546	1400
0.578546	1400
0.578546	1400
0.578546	1400
0.579129	1400
0.579129	1400
0.579129	1400
0.579129	1400
0.579296	1400
0.579296	1400
0.579296	1400
0.579296	1400
0.579296	1400
0.579396	1400
0.579396	1400
0.579396	1400
0.579396	1400
0.579396	1400
0.579496	1400
0.579496	1400
0.579496	1400
0.579496	1400
0.579554	1400
0.579554	1400
0.579554	1400
0.579662	1400
0.579662	1400
0.579662	1400
0.579662	1400
0.579754	1400
0.579754	1400
0.579754	1400
0.579854	1400
0.579854	1400
0.579854	1400
0.579954	1400
0.579954	1400
0.579954	1400
0.580042	1400
0.580042	1400
0.580042	1400
0.58055	1400
0.58055	1400
0.58055	1400
0.58055	1400
0.58055	1400
0.581033	1400
0.581033	1400
0.581033	1400
0.581033	1400
0.581617	1400
0.581617	1400
0.581775	1400
0.581775	1400
0.581775	1400
0.581775	1400
0.581775	1400
0.581775	1400
0.581775	1400
0.581892	1400
0.581892	1400
0.581892	1400
0.581892	1400
0.581892	1400
0.581892	1400
0.581954	1400
0.581954	1400
0.581954	1400
0.582087	1400
0.582087	1400
0.582287	1400
0.582287	1400
0.582379	1400
0.582471	1400
0.582471	1400
0.582667	1400
0.582767	1400
0.582767	1400
0.583267	1400
0.583367	1400
0.583367	1400
0.583471	1400
0.583471	1400
0.583567	1400
0.583621	1400
0.583621	1400
0.583721	1400
0.583721	1400
0.583817	1400
0.583817	1400
0.583917	1400
0.584021	1400
0.584021	1400
0.584254	1400
0.584254	1400
0.584354	1400
0.584354	1400
0.58445	1400
0.584517	1400
0.584617	1400
0.584617	1400
0.584721	1400
0.584721	1400
0.584817	1400
0.584917	1400
0.584917	1400
0.585017	1400
0.585017	1400
0.585217	1400
0.585321	1400
0.585321	1400
0.585417	1400
0.585417	1400
0.585517	1400
0.585517	1400
0.585621	1400
0.585621	1400
0.585721	1400
0.585721	1400
0.585821	1400
0.585821	1400
0.585921	1400
0.585921	1400
0.586025	1400
0.586025	1400
0.586025	1400
0.586217	1400
