0.127712	1400
0.132625	1400
0.132625	1400
0.137937	1400
0.137937	1400
0.137937	1400
0.137937	1400
0.143183	1400
0.143183	1400
0.143183	1400
0.143183	1400
0.143183	1400
0.143183	1400
0.143183	1400
0.144008	1400
0.148496	1400
0.148496	1400
0.148496	1400
0.148496	1400
0.148496	1400
0.148496	1400
0.148496	1400
0.148496	1400
0.148496	1400
0.148496	1400
0.148496	1400
0.148496	1400
0.148496	1400
0.148925	1400
0.148925	1400
0.148925	1400
0.153396	1400
0.153396	1400
0.153396	1400
0.153396	1400
0.153396	1400
0.153396	1400
0.153396	1400
0.153396	1400
0.153396	1400
0.153396	1400
0.153396	1400
0.153496	1400
0.153496	1400
0.153496	1400
0.153496	1400
0.153496	1400
0.153496	1400
0.153496	1400
0.153496	1400
0.153496	1400
0.153496	1400
0.153496	1400
0.153496	1400
0.153525	1400
0.153525	1400
0.153854	1400
0.153854	1400
0.153854	1400
0.153854	1400
0.153854	1400
0.153854	1400
0.153854	1400
0.158675	1400
0.158675	1400
0.158675	1400
0.158675	1400
0.158675	1400
0.158675	1400
0.158675	1400
0.158675	1400
0.158796	1400
0.158796	1400
0.158796	1400
0.158796	1400
0.158796	1400
0.158796	1400
0.158796	1400
0.158796	1400
0.158796	1400
0.158796	1400
0.158796	1400
0.158796	1400
0.158817	1400
0.158887	1400
0.158887	1400
0.158887	1400
0.158887	1400
0.158887	1400
0.158887	1400
0.158887	1400
0.159508	1400
0.163592	1400
0.163592	1400
0.163592	1400
0.163592	1400
0.163592	1400
0.163592	1400
0.163592	1400
0.163592	1400
0.163592	1400
0.163592	1400
0.163592	1400
0.163696	1400
0.163696	1400
0.163696	1400
0.163696	1400
0.163696	1400
0.163696	1400
0.163696	1400
0.163696	1400
0.163696	1400
0.163696	1400
0.163696	1400
0.163754	1400
0.163754	1400
0.163754	1400
0.163754	1400
0.163754	1400
0.163754	1400
0.164412	1400
0.164412	1400
0.168492	1400
0.168492	1400
0.168492	1400
0.168492	1400
0.168492	1400
0.168492	1400
0.168492	1400
0.168492	1400
0.168492	1400
0.168492	1400
0.168492	1400
0.168596	1400
0.168596	1400
0.168596	1400
0.168596	1400
0.168596	1400
0.168596	1400
0.168596	1400
0.168596	1400
0.168596	1400
0.168596	1400
0.168596	1400
0.168654	1400
0.168654	1400
0.168654	1400
0.168654	1400
0.168654	1400
0.168654	1400
0.169329	1400
0.169329	1400
0.169329	1400
0.169329	1400
0.173792	1400
0.173792	1400
0.173792	1400
0.173792	1400
0.173792	1400
0.173792	1400
0.173792	1400
0.173792	1400
0.173792	1400
0.173792	1400
0.173792	1400
0.173792	1400
0.173792	1400
0.173792	1400
0.173792	1400
0.173792	1400
0.173792	1400
0.173792	1400
0.173792	1400
0.173792	1400
0.173792	1400
0.173792	1400
0.173792	1400
0.173792	1400
0.173792	1400
0.173792	1400
0.173792	1400
0.174254	1400
0.174254	1400
0.174254	1400
0.174254	1400
0.174254	1400
0.174254	1400
0.178496	1400
0.178496	1400
0.178496	1400
0.178496	1400
0.178496	1400
0.178496	1400
0.178496	1400
0.178496	1400
0.178496	1400
0.178496	1400
0.178496	1400
0.178517	1400
0.178696	1400
0.178696	1400
0.178696	1400
0.178696	1400
0.178696	1400
0.178696	1400
0.178696	1400
0.178696	1400
0.178696	1400
0.178696	1400
0.178696	1400
0.178696	1400
0.178725	1400
0.178725	1400
0.179162	1400
0.179162	1400
0.179162	1400
0.179162	1400
0.179162	1400
0.179162	1400
0.179162	1400
0.179308	1400
0.183796	1400
0.183796	1400
0.183796	1400
0.183796	1400
0.183796	1400
0.183796	1400
0.183796	1400
0.183796	1400
0.183796	1400
0.183796	1400
0.183796	1400
0.183896	1400
0.183896	1400
0.183896	1400
0.183896	1400
0.183896	1400
0.183896	1400
0.183896	1400
0.183896	1400
0.183896	1400
0.183896	1400
0.183896	1400
0.183896	1400
0.183896	1400
0.183896	1400
0.184075	1400
0.184075	1400
0.184075	1400
0.184075	1400
0.184075	1400
0.184075	1400
0.184075	1400
0.184075	1400
0.184075	1400
0.184408	1400
0.188492	1400
0.188492	1400
0.188492	1400
0.188492	1400
0.188492	1400
0.188492	1400
0.188492	1400
0.188492	1400
0.188492	1400
0.188492	1400
0.188696	1400
0.188696	1400
0.188696	1400
0.188696	1400
0.188696	1400
0.188696	1400
0.188696	1400
0.188696	1400
0.188696	1400
0.188696	1400
0.188696	1400
0.188696	1400
0.188796	1400
0.188796	1400
0.188796	1400
0.188796	1400
0.188796	1400
0.188796	1400
0.188796	1400
0.188796	1400
0.188796	1400
0.188796	1400
0.188796	1400
0.188796	1400
0.189212	1400
0.189212	1400
0.193392	1400
0.193392	1400
0.193392	1400
0.193392	1400
0.193392	1400
0.193392	1400
0.193392	1400
0.193392	1400
0.193392	1400
0.193392	1400
0.193392	1400
0.193421	1400
0.193596	1400
0.193596	1400
0.193596	1400
0.193596	1400
0.193596	1400
0.193596	1400
0.193596	1400
0.193596	1400
0.193596	1400
0.193596	1400
0.193596	1400
0.193596	1400
0.193687	1400
0.193687	1400
0.193687	1400
0.193687	1400
0.193687	1400
0.193687	1400
0.193687	1400
0.193687	1400
0.193687	1400
0.193687	1400
0.194121	1400
0.194121	1400
0.194121	1400
0.198292	1400
0.198292	1400
0.198292	1400
0.198292	1400
0.198292	1400
0.198292	1400
0.198292	1400
0.198292	1400
0.198292	1400
0.198292	1400
0.198292	1400
0.198396	1400
0.198396	1400
0.198396	1400
0.198396	1400
0.198396	1400
0.198396	1400
0.198396	1400
0.198396	1400
0.198396	1400
0.198396	1400
0.198396	1400
0.198496	1400
0.198496	1400
0.198496	1400
0.198496	1400
0.198496	1400
0.198496	1400
0.198496	1400
0.198496	1400
0.198496	1400
0.198496	1400
0.198496	1400
0.198496	1400
0.199029	1400
0.199029	1400
0.199029	1400
0.199029	1400
0.203187	1400
0.203187	1400
0.203187	1400
0.203187	1400
0.203187	1400
0.203187	1400
0.203187	1400
0.203187	1400
0.203187	1400
0.203187	1400
0.203296	1400
0.203296	1400
0.203296	1400
0.203296	1400
0.203296	1400
0.203296	1400
0.203296	1400
0.203296	1400
0.203296	1400
0.203296	1400
0.203296	1400
0.203296	1400
0.203396	1400
0.203396	1400
0.203396	1400
0.203396	1400
0.203396	1400
0.203396	1400
0.203396	1400
0.203396	1400
0.203396	1400
0.203396	1400
0.203396	1400
0.203396	1400
0.203937	1400
0.203937	1400
0.203937	1400
0.203937	1400
0.203937	1400
0.208096	1400
0.208096	1400
0.208096	1400
0.208096	1400
0.208096	1400
0.208096	1400
0.208096	1400
0.208096	1400
0.208096	1400
0.208096	1400
0.208196	1400
0.208196	1400
0.208196	1400
0.208196	1400
0.208196	1400
0.208196	1400
0.208196	1400
0.208196	1400
0.208196	1400
0.208196	1400
0.208196	1400
0.208296	1400
0.208296	1400
0.208296	1400
0.208296	1400
0.208296	1400
0.208296	1400
0.208296	1400
0.208296	1400
0.208296	1400
0.208296	1400
0.208296	1400
0.208296	1400
0.208317	1400
0.209242	1400
0.209242	1400
0.209242	1400
0.209242	1400
0.209242	1400
0.209242	1400
0.213254	1400
0.213254	1400
0.213254	1400
0.213254	1400
0.213254	1400
0.213396	1400
0.213396	1400
0.213396	1400
0.213396	1400
0.213396	1400
0.213396	1400
0.213396	1400
0.213396	1400
0.213396	1400
0.213396	1400
0.213396	1400
0.213492	1400
0.213492	1400
0.213492	1400
0.213492	1400
0.213492	1400
0.213492	1400
0.213492	1400
0.213492	1400
0.213492	1400
0.213492	1400
0.213492	1400
0.213562	1400
0.213562	1400
0.213562	1400
0.213562	1400
0.213562	1400
0.213562	1400
0.213562	1400
0.214108	1400
0.216154	1400
0.216154	1400
0.216154	1400
0.216154	1400
0.216154	1400
0.216154	1400
0.218196	1400
0.218196	1400
0.218196	1400
0.218196	1400
0.218196	1400
0.218196	1400
0.218196	1400
0.218196	1400
0.218196	1400
0.218196	1400
0.218196	1400
0.218296	1400
0.218296	1400
0.218296	1400
0.218296	1400
0.218296	1400
0.218296	1400
0.218296	1400
0.218296	1400
0.218296	1400
0.218296	1400
0.218296	1400
0.218296	1400
0.218392	1400
0.218392	1400
0.218392	1400
0.218392	1400
0.218392	1400
0.218392	1400
0.218392	1400
0.218392	1400
0.218392	1400
0.218392	1400
0.218392	1400
0.219012	1400
0.219012	1400
0.22145	1400
0.22145	1400
0.22145	1400
0.22145	1400
0.22145	1400
0.22145	1400
0.223096	1400
0.223096	1400
0.223096	1400
0.223096	1400
0.223096	1400
0.223096	1400
0.223096	1400
0.223096	1400
0.223096	1400
0.223096	1400
0.223096	1400
0.223196	1400
0.223196	1400
0.223196	1400
0.223196	1400
0.223196	1400
0.223196	1400
0.223196	1400
0.223196	1400
0.223196	1400
0.223196	1400
0.223196	1400
0.223196	1400
0.223292	1400
0.223292	1400
0.223292	1400
0.223292	1400
0.223292	1400
0.223292	1400
0.223292	1400
0.223292	1400
0.223292	1400
0.223292	1400
0.223292	1400
0.223921	1400
0.223921	1400
0.223921	1400
0.226454	1400
0.226454	1400
0.226454	1400
0.226454	1400
0.226454	1400
0.226454	1400
0.227996	1400
0.227996	1400
0.227996	1400
0.227996	1400
0.227996	1400
0.227996	1400
0.227996	1400
0.227996	1400
0.227996	1400
0.227996	1400
0.227996	1400
0.228096	1400
0.228096	1400
0.228096	1400
0.228096	1400
0.228096	1400
0.228096	1400
0.228096	1400
0.228096	1400
0.228096	1400
0.228096	1400
0.228096	1400
0.228096	1400
0.228192	1400
0.228192	1400
0.228192	1400
0.228192	1400
0.228192	1400
0.228192	1400
0.228192	1400
0.228192	1400
0.228192	1400
0.228192	1400
0.228192	1400
0.228829	1400
0.228829	1400
0.228829	1400
0.228829	1400
0.23145	1400
0.23145	1400
0.23145	1400
0.23145	1400
0.23145	1400
0.231508	1400
0.233196	1400
0.233196	1400
0.233196	1400
0.233196	1400
0.233196	1400
0.233196	1400
0.233196	1400
0.233196	1400
0.233196	1400
0.233196	1400
0.233196	1400
0.233196	1400
0.233196	1400
0.233292	1400
0.233292	1400
0.233292	1400
0.233292	1400
0.233292	1400
0.233292	1400
0.233292	1400
0.233292	1400
0.233292	1400
0.233292	1400
0.233292	1400
0.233292	1400
0.233371	1400
0.233371	1400
0.233371	1400
0.233371	1400
0.233371	1400
0.233371	1400
0.233371	1400
0.233371	1400
0.233371	1400
0.233733	1400
0.233733	1400
0.233733	1400
0.233733	1400
0.233733	1400
0.23635	1400
0.23635	1400
0.23635	1400
0.23635	1400
0.23635	1400
0.236408	1400
0.238396	1400
0.238396	1400
0.238396	1400
0.238396	1400
0.238396	1400
0.238396	1400
0.238396	1400
0.238396	1400
0.238396	1400
0.238396	1400
0.238396	1400
0.23845	1400
0.23845	1400
0.23845	1400
0.23845	1400
0.23845	1400
0.23845	1400
0.23855	1400
0.23855	1400
0.23855	1400
0.23855	1400
0.23855	1400
0.23865	1400
0.23865	1400
0.23865	1400
0.23865	1400
0.23865	1400
0.23865	1400
0.238775	1400
0.238775	1400
0.238775	1400
0.238775	1400
0.238775	1400
0.238775	1400
0.238775	1400
0.238775	1400
0.238775	1400
0.238825	1400
0.238825	1400
0.239208	1400
0.241254	1400
0.241254	1400
0.241254	1400
0.241254	1400
0.241254	1400
0.241254	1400
0.24325	1400
0.24325	1400
0.24325	1400
0.24325	1400
0.24325	1400
0.24335	1400
0.24335	1400
0.24335	1400
0.24335	1400
0.24335	1400
0.24335	1400
0.24345	1400
0.24345	1400
0.24345	1400
0.24345	1400
0.24345	1400
0.24345	1400
0.24355	1400
0.24355	1400
0.24355	1400
0.24355	1400
0.24355	1400
0.24355	1400
0.24365	1400
0.24365	1400
0.24365	1400
0.24365	1400
0.24365	1400
0.24365	1400
0.243779	1400
0.243779	1400
0.243779	1400
0.243779	1400
0.243779	1400
0.243779	1400
0.243779	1400
0.243779	1400
0.243779	1400
0.243812	1400
0.244012	1400
0.244012	1400
0.248196	1400
0.248196	1400
0.248196	1400
0.248196	1400
0.248196	1400
0.248196	1400
0.248196	1400
0.248196	1400
0.248196	1400
0.248196	1400
0.248196	1400
0.24825	1400
0.24825	1400
0.24825	1400
0.24825	1400
0.24825	1400
0.24825	1400
0.24835	1400
0.24835	1400
0.24835	1400
0.24835	1400
0.24835	1400
0.24845	1400
0.24845	1400
0.24845	1400
0.24845	1400
0.24845	1400
0.24845	1400
0.24855	1400
0.24855	1400
0.24855	1400
0.24855	1400
0.24855	1400
0.24855	1400
0.248642	1400
0.248642	1400
0.248642	1400
0.248642	1400
0.248642	1400
0.248771	1400
0.248771	1400
0.248771	1400
0.248771	1400
0.248771	1400
0.248771	1400
0.248771	1400
0.248771	1400
0.249008	1400
0.253029	1400
0.253029	1400
0.253196	1400
0.253196	1400
0.253196	1400
0.253196	1400
0.253196	1400
0.253196	1400
0.253196	1400
0.253196	1400
0.253196	1400
0.253196	1400
0.253196	1400
0.253196	1400
0.253196	1400
0.253196	1400
0.253242	1400
0.253242	1400
0.253242	1400
0.253242	1400
0.253242	1400
0.253337	1400
0.253337	1400
0.253337	1400
0.253337	1400
0.253337	1400
0.253496	1400
0.253496	1400
0.253496	1400
0.253496	1400
0.253554	1400
0.253554	1400
0.253554	1400
0.253554	1400
0.25365	1400
0.25365	1400
0.25365	1400
0.25365	1400
0.254142	1400
0.254142	1400
0.254142	1400
0.254142	1400
0.254142	1400
0.254142	1400
0.254229	1400
0.254229	1400
0.254229	1400
0.254229	1400
0.254229	1400
0.258296	1400
0.258296	1400
0.258296	1400
0.258296	1400
0.258296	1400
0.258296	1400
0.258396	1400
0.258396	1400
0.258396	1400
0.258396	1400
0.258396	1400
0.258396	1400
0.258396	1400
0.258492	1400
0.258492	1400
0.258492	1400
0.258492	1400
0.258492	1400
0.258492	1400
0.25855	1400
0.25855	1400
0.25855	1400
0.25855	1400
0.25855	1400
0.25855	1400
0.258642	1400
0.258642	1400
0.258642	1400
0.258642	1400
0.258642	1400
0.258762	1400
0.258762	1400
0.258762	1400
0.258762	1400
0.258762	1400
0.258762	1400
0.258762	1400
0.258762	1400
0.259808	1400
0.260796	1400
0.260796	1400
0.260796	1400
0.260796	1400
0.260796	1400
0.260796	1400
0.260796	1400
0.260829	1400
0.260829	1400
0.260829	1400
0.262708	1400
0.263454	1400
0.263454	1400
0.263454	1400
0.263454	1400
0.263454	1400
0.263454	1400
0.263592	1400
0.263592	1400
0.263592	1400
0.263592	1400
0.263592	1400
0.263592	1400
0.263592	1400
0.263592	1400
0.263592	1400
0.263592	1400
0.263592	1400
0.263687	1400
0.263687	1400
0.263687	1400
0.263687	1400
0.263687	1400
0.263687	1400
0.263687	1400
0.263687	1400
0.263687	1400
0.263687	1400
0.263687	1400
0.266096	1400
0.266096	1400
0.266096	1400
0.266096	1400
0.266096	1400
0.266096	1400
0.266096	1400
0.266096	1400
0.266096	1400
0.266096	1400
0.266096	1400
0.266096	1400
0.266096	1400
0.266096	1400
0.26615	1400
0.26615	1400
0.26615	1400
0.26615	1400
0.26615	1400
0.26615	1400
0.266217	1400
0.267208	1400
0.267612	1400
0.268396	1400
0.268396	1400
0.268396	1400
0.268396	1400
0.268396	1400
0.268396	1400
0.268396	1400
0.268396	1400
0.268396	1400
0.268396	1400
0.268396	1400
0.268492	1400
0.268492	1400
0.268492	1400
0.268492	1400
0.268492	1400
0.268492	1400
0.268492	1400
0.268492	1400
0.268492	1400
0.268492	1400
0.268492	1400
0.268554	1400
0.268554	1400
0.268554	1400
0.268554	1400
0.268554	1400
0.268554	1400
0.270408	1400
0.271296	1400
0.271296	1400
0.271296	1400
0.271296	1400
0.271296	1400
0.271296	1400
0.271296	1400
0.271296	1400
0.271296	1400
0.271296	1400
0.271296	1400
0.271296	1400
0.271296	1400
0.271362	1400
0.271362	1400
0.271362	1400
0.271362	1400
0.271362	1400
0.271362	1400
0.271362	1400
0.272821	1400
0.272821	1400
0.272821	1400
0.273292	1400
0.273292	1400
0.273292	1400
0.273292	1400
0.273292	1400
0.273292	1400
0.273292	1400
0.273292	1400
0.273292	1400
0.273292	1400
0.273292	1400
0.273342	1400
0.273342	1400
0.273342	1400
0.273342	1400
0.273537	1400
0.273537	1400
0.273537	1400
0.273537	1400
0.273537	1400
0.273629	1400
0.273629	1400
0.273629	1400
0.275354	1400
0.275354	1400
0.275354	1400
0.275354	1400
0.275354	1400
0.275354	1400
0.275354	1400
0.276492	1400
0.276492	1400
0.276492	1400
0.276492	1400
0.276492	1400
0.276492	1400
0.276492	1400
0.276492	1400
0.276492	1400
0.276492	1400
0.276492	1400
0.276575	1400
0.276575	1400
0.276575	1400
0.276575	1400
0.276575	1400
0.276575	1400
0.276575	1400
0.276575	1400
0.277729	1400
0.277729	1400
0.277729	1400
0.277729	1400
0.278196	1400
0.278196	1400
0.278196	1400
0.278196	1400
0.278196	1400
0.278196	1400
0.278196	1400
0.278196	1400
0.278196	1400
0.278196	1400
0.278196	1400
0.278196	1400
0.278262	1400
0.278262	1400
0.278262	1400
0.278262	1400
0.278262	1400
0.278262	1400
0.278262	1400
0.278262	1400
0.278429	1400
0.278429	1400
0.278429	1400
0.278429	1400
0.280262	1400
0.280262	1400
0.280262	1400
0.280262	1400
0.280262	1400
0.280262	1400
0.280262	1400
0.281496	1400
0.281496	1400
0.281496	1400
0.281496	1400
0.281496	1400
0.281496	1400
0.281496	1400
0.281496	1400
0.281496	1400
0.281496	1400
0.281496	1400
0.281562	1400
0.281562	1400
0.281562	1400
0.281562	1400
0.281562	1400
0.281562	1400
0.281562	1400
0.282933	1400
0.282933	1400
0.282933	1400
0.282933	1400
0.282933	1400
0.283496	1400
0.283496	1400
0.283496	1400
0.283496	1400
0.283496	1400
0.283496	1400
0.283496	1400
0.283496	1400
0.283496	1400
0.283496	1400
0.283496	1400
0.283496	1400
0.283496	1400
0.283496	1400
0.283496	1400
0.283496	1400
0.283496	1400
0.283496	1400
0.283496	1400
0.283496	1400
0.283496	1400
0.283496	1400
0.283496	1400
0.283496	1400
0.284308	1400
0.285554	1400
0.285554	1400
0.285554	1400
0.285554	1400
0.285554	1400
0.285554	1400
0.285554	1400
0.286396	1400
0.286396	1400
0.286396	1400
0.286396	1400
0.286396	1400
0.286396	1400
0.286396	1400
0.286396	1400
0.286396	1400
0.286396	1400
0.286396	1400
0.286454	1400
0.286454	1400
0.286454	1400
0.286454	1400
0.286454	1400
0.286454	1400
0.286454	1400
0.287946	1400
0.287946	1400
0.287946	1400
0.287946	1400
0.287946	1400
0.288383	1400
0.288383	1400
0.288383	1400
0.288383	1400
0.288383	1400
0.288383	1400
0.288383	1400
0.288383	1400
0.288383	1400
0.288383	1400
0.288442	1400
0.288442	1400
0.288442	1400
0.288442	1400
0.288579	1400
0.288579	1400
0.288579	1400
0.288579	1400
0.288579	1400
0.288579	1400
0.288579	1400
0.288579	1400
0.288579	1400
0.288579	1400
0.289212	1400
0.289212	1400
0.291296	1400
0.291296	1400
0.291296	1400
0.291296	1400
0.291296	1400
0.291296	1400
0.291296	1400
0.291296	1400
0.291296	1400
0.291296	1400
0.291296	1400
0.291396	1400
0.291396	1400
0.291396	1400
0.291396	1400
0.291396	1400
0.291396	1400
0.291396	1400
0.291396	1400
0.291396	1400
0.291396	1400
0.291396	1400
0.291396	1400
0.291417	1400
0.292408	1400
0.292829	1400
0.292829	1400
0.292829	1400
0.292921	1400
0.292921	1400
0.293592	1400
0.293592	1400
0.293592	1400
0.293592	1400
0.293592	1400
0.293675	1400
0.293675	1400
0.293675	1400
0.293675	1400
0.293675	1400
0.293675	1400
0.293675	1400
0.293675	1400
0.293675	1400
0.293758	1400
0.293758	1400
0.293758	1400
0.293758	1400
0.293758	1400
0.293758	1400
0.293758	1400
0.29415	1400
0.29415	1400
0.29415	1400
0.29415	1400
0.29415	1400
0.29415	1400
0.296496	1400
0.296496	1400
0.296496	1400
0.296496	1400
0.296496	1400
0.296496	1400
0.296496	1400
0.296496	1400
0.296496	1400
0.296496	1400
0.296496	1400
0.296587	1400
0.296587	1400
0.296587	1400
0.296587	1400
0.296587	1400
0.296587	1400
0.296587	1400
0.296587	1400
0.296587	1400
0.296587	1400
0.296587	1400
0.296621	1400
0.297308	1400
0.297729	1400
0.297729	1400
0.297729	1400
0.297829	1400
0.297829	1400
0.297829	1400
0.298492	1400
0.298492	1400
0.298492	1400
0.298492	1400
0.298492	1400
0.298492	1400
0.298492	1400
0.298492	1400
0.298492	1400
0.298492	1400
0.298492	1400
0.298592	1400
0.298592	1400
0.298592	1400
0.298592	1400
0.298592	1400
0.298592	1400
0.298592	1400
0.298592	1400
0.298592	1400
0.298592	1400
0.299029	1400
0.299029	1400
0.299029	1400
0.299029	1400
0.299129	1400
0.299129	1400
0.299129	1400
0.301492	1400
0.301492	1400
0.301492	1400
0.301492	1400
0.301492	1400
0.301492	1400
0.301492	1400
0.301492	1400
0.301492	1400
0.301492	1400
0.301492	1400
0.301492	1400
0.301579	1400
0.301579	1400
0.301579	1400
0.301579	1400
0.301579	1400
0.301579	1400
0.301579	1400
0.301579	1400
0.301579	1400
0.301579	1400
0.302396	1400
0.302554	1400
0.302554	1400
0.302554	1400
0.302554	1400
0.302554	1400
0.302554	1400
0.302554	1400
0.303892	1400
0.303892	1400
0.303892	1400
0.303892	1400
0.303892	1400
0.303892	1400
0.303892	1400
0.303892	1400
0.303892	1400
0.303892	1400
0.303892	1400
0.303892	1400
0.303892	1400
0.303892	1400
0.303892	1400
0.303892	1400
0.303892	1400
0.303892	1400
0.303892	1400
0.303892	1400
0.303892	1400
0.303962	1400
0.303962	1400
0.303962	1400
0.303962	1400
0.303962	1400
0.303962	1400
0.303962	1400
0.304508	1400
0.306392	1400
0.306392	1400
0.306392	1400
0.306392	1400
0.306392	1400
0.306392	1400
0.306392	1400
0.306392	1400
0.306392	1400
0.306392	1400
0.306392	1400
0.306492	1400
0.306492	1400
0.306492	1400
0.306492	1400
0.306492	1400
0.306492	1400
0.306492	1400
0.306492	1400
0.306492	1400
0.306492	1400
0.307296	1400
0.307296	1400
0.307296	1400
0.307296	1400
0.307296	1400
0.307296	1400
0.307396	1400
0.307396	1400
0.308592	1400
0.308592	1400
0.308592	1400
0.308592	1400
0.308592	1400
0.308592	1400
0.308592	1400
0.308592	1400
0.308592	1400
0.308592	1400
0.308592	1400
0.308592	1400
0.308629	1400
0.308629	1400
0.30875	1400
0.30875	1400
0.30875	1400
0.30875	1400
0.30875	1400
0.30875	1400
0.30885	1400
0.30885	1400
0.30885	1400
0.30885	1400
0.30885	1400
0.30885	1400
0.308933	1400
0.308933	1400
0.308933	1400
0.309412	1400
0.309412	1400
0.311292	1400
0.311292	1400
0.311292	1400
0.311292	1400
0.311292	1400
0.311292	1400
0.311292	1400
0.311292	1400
0.311292	1400
0.311292	1400
0.311292	1400
0.311383	1400
0.311383	1400
0.311383	1400
0.311383	1400
0.311383	1400
0.311383	1400
0.311383	1400
0.311383	1400
0.311383	1400
0.312396	1400
0.312396	1400
0.312396	1400
0.313492	1400
0.313492	1400
0.313492	1400
0.313492	1400
0.313492	1400
0.313492	1400
0.313492	1400
0.313492	1400
0.313492	1400
0.313492	1400
0.313492	1400
0.313562	1400
0.313562	1400
0.313562	1400
0.313562	1400
0.313562	1400
0.313562	1400
0.313562	1400
0.31365	1400
0.31365	1400
0.31365	1400
0.31365	1400
0.31365	1400
0.31365	1400
0.31375	1400
0.31375	1400
0.31375	1400
0.31375	1400
0.31375	1400
0.31375	1400
0.31385	1400
0.31385	1400
0.31385	1400
0.31385	1400
0.31385	1400
0.314321	1400
0.314321	1400
0.314321	1400
0.316192	1400
0.316192	1400
0.316192	1400
0.316192	1400
0.316192	1400
0.316192	1400
0.316192	1400
0.316192	1400
0.316192	1400
0.316192	1400
0.316192	1400
0.316275	1400
0.316275	1400
0.316275	1400
0.316275	1400
0.316275	1400
0.316275	1400
0.316275	1400
0.316275	1400
0.318208	1400
0.318392	1400
0.318392	1400
0.318392	1400
0.318392	1400
0.318392	1400
0.318392	1400
0.318392	1400
0.318392	1400
0.318392	1400
0.318392	1400
0.318392	1400
0.318458	1400
0.318458	1400
0.318458	1400
0.318458	1400
0.318458	1400
0.318458	1400
0.318458	1400
0.31855	1400
0.31855	1400
0.31855	1400
0.31855	1400
0.31855	1400
0.31865	1400
0.31865	1400
0.31865	1400
0.31865	1400
0.31865	1400
0.31865	1400
0.318779	1400
0.318779	1400
0.318779	1400
0.318779	1400
0.318779	1400
0.318779	1400
0.318779	1400
0.318779	1400
0.318779	1400
0.320729	1400
0.320729	1400
0.320729	1400
0.320729	1400
0.321092	1400
0.321092	1400
0.321092	1400
0.321092	1400
0.321092	1400
0.321092	1400
0.321092	1400
0.321092	1400
0.321092	1400
0.321092	1400
0.321092	1400
0.321167	1400
0.321167	1400
0.321167	1400
0.321167	1400
0.321167	1400
0.321167	1400
0.321167	1400
0.321967	1400
0.323154	1400
0.323154	1400
0.323154	1400
0.323154	1400
0.323154	1400
0.323154	1400
0.323292	1400
0.323292	1400
0.323292	1400
0.323292	1400
0.323292	1400
0.323292	1400
0.323292	1400
0.323292	1400
0.323292	1400
0.323292	1400
0.323292	1400
0.323362	1400
0.323362	1400
0.323362	1400
0.323362	1400
0.323362	1400
0.323362	1400
0.323362	1400
0.32345	1400
0.32345	1400
0.32345	1400
0.32345	1400
0.32345	1400
0.32345	1400
0.32355	1400
0.32355	1400
0.32355	1400
0.32355	1400
0.32355	1400
0.32355	1400
0.323633	1400
0.323633	1400
0.323633	1400
0.324208	1400
0.325637	1400
0.325637	1400
0.325637	1400
0.325637	1400
0.325992	1400
0.325992	1400
0.325992	1400
0.325992	1400
0.325992	1400
0.325992	1400
0.325992	1400
0.325992	1400
0.325992	1400
0.325992	1400
0.325992	1400
0.326058	1400
0.326058	1400
0.326058	1400
0.326058	1400
0.326058	1400
0.326058	1400
0.326058	1400
0.328492	1400
0.328492	1400
0.328492	1400
0.328492	1400
0.328492	1400
0.328492	1400
0.328492	1400
0.328492	1400
0.328492	1400
0.328492	1400
0.328492	1400
0.328596	1400
0.328596	1400
0.328596	1400
0.328596	1400
0.328596	1400
0.328596	1400
0.328596	1400
0.328596	1400
0.328596	1400
0.328596	1400
0.328596	1400
0.328662	1400
0.328662	1400
0.328662	1400
0.328662	1400
0.328662	1400
0.328662	1400
0.328662	1400
0.328662	1400
0.328662	1400
0.328662	1400
0.328662	1400
0.328662	1400
0.328742	1400
0.328742	1400
0.328742	1400
0.328742	1400
0.328829	1400
0.328829	1400
0.329108	1400
0.330554	1400
0.330554	1400
0.330554	1400
0.330554	1400
0.330554	1400
0.330892	1400
0.330892	1400
0.330892	1400
0.330892	1400
0.330892	1400
0.330892	1400
0.330892	1400
0.330892	1400
0.330983	1400
0.330983	1400
0.330983	1400
0.330983	1400
0.330983	1400
0.330983	1400
0.330983	1400
0.330983	1400
0.331017	1400
0.331017	1400
0.333396	1400
0.333396	1400
0.333396	1400
0.333396	1400
0.333396	1400
0.333396	1400
0.333396	1400
0.333396	1400
0.333396	1400
0.333492	1400
0.333492	1400
0.333492	1400
0.333492	1400
0.333492	1400
0.333492	1400
0.333492	1400
0.333492	1400
0.333492	1400
0.333592	1400
0.333592	1400
0.333592	1400
0.333592	1400
0.333683	1400
0.333683	1400
0.333683	1400
0.333683	1400
0.33375	1400
0.33375	1400
0.33375	1400
0.33375	1400
0.33375	1400
0.333879	1400
0.333879	1400
0.333879	1400
0.333879	1400
0.333879	1400
0.333879	1400
0.333879	1400
0.333929	1400
0.333929	1400
0.334208	1400
0.335483	1400
0.335483	1400
0.335483	1400
0.335596	1400
0.335596	1400
0.335792	1400
0.335792	1400
0.335792	1400
0.335792	1400
0.335792	1400
0.335896	1400
0.335896	1400
0.335896	1400
0.335896	1400
0.335896	1400
0.335896	1400
0.335896	1400
0.335896	1400
0.335896	1400
0.33595	1400
0.33595	1400
0.33595	1400
0.33595	1400
0.33595	1400
0.338492	1400
0.338492	1400
0.338492	1400
0.338492	1400
0.338492	1400
0.338542	1400
0.338542	1400
0.338542	1400
0.338542	1400
0.338542	1400
0.338654	1400
0.338654	1400
0.338654	1400
0.338654	1400
0.338654	1400
0.338654	1400
0.338792	1400
0.338792	1400
0.338792	1400
0.338792	1400
0.338792	1400
0.338792	1400
0.338792	1400
0.338792	1400
0.338792	1400
0.338792	1400
0.338792	1400
0.338892	1400
0.338892	1400
0.338892	1400
0.338892	1400
0.338892	1400
0.338892	1400
0.338892	1400
0.338892	1400
0.338892	1400
0.338892	1400
0.338892	1400
0.338921	1400
0.338921	1400
0.339308	1400
0.340692	1400
0.340692	1400
0.340692	1400
0.340692	1400
0.340692	1400
0.340692	1400
0.340692	1400
0.340692	1400
0.340692	1400
0.340692	1400
0.340692	1400
0.340792	1400
0.340792	1400
0.340792	1400
0.340792	1400
0.340792	1400
0.340792	1400
0.340792	1400
0.340792	1400
0.340792	1400
0.340792	1400
0.340792	1400
0.340829	1400
0.340829	1400
0.342708	1400
0.34335	1400
0.34335	1400
0.34335	1400
0.34335	1400
0.34335	1400
0.343442	1400
0.343442	1400
0.343442	1400
0.343442	1400
0.343442	1400
0.343562	1400
0.343562	1400
0.343562	1400
0.343562	1400
0.343562	1400
0.343562	1400
0.343562	1400
0.343562	1400
0.343662	1400
0.343662	1400
0.343662	1400
0.343662	1400
0.343662	1400
0.343662	1400
0.343875	1400
0.343875	1400
0.343875	1400
0.343875	1400
0.343875	1400
0.343875	1400
0.343875	1400
0.343875	1400
0.343875	1400
0.343875	1400
0.343962	1400
0.343962	1400
0.343962	1400
0.343962	1400
0.343962	1400
0.343962	1400
0.344112	1400
0.344112	1400
0.345592	1400
0.345592	1400
0.345592	1400
0.345592	1400
0.345592	1400
0.345592	1400
0.345592	1400
0.345592	1400
0.345592	1400
0.345592	1400
0.345592	1400
0.345637	1400
0.345637	1400
0.345637	1400
0.345637	1400
0.345775	1400
0.345775	1400
0.345775	1400
0.345775	1400
0.345775	1400
0.345775	1400
0.345775	1400
0.345775	1400
0.347612	1400
0.347612	1400
0.348254	1400
0.348254	1400
0.348254	1400
0.348254	1400
0.348254	1400
0.348254	1400
0.348342	1400
0.348342	1400
0.348342	1400
0.348342	1400
0.34845	1400
0.34845	1400
0.34845	1400
0.34845	1400
0.34845	1400
0.34845	1400
0.348571	1400
0.348571	1400
0.348571	1400
0.348571	1400
0.348571	1400
0.348571	1400
0.348571	1400
0.348571	1400
0.348571	1400
0.348887	1400
0.348887	1400
0.348887	1400
0.348887	1400
0.348887	1400
0.348887	1400
0.348887	1400
0.348887	1400
0.348887	1400
0.348887	1400
0.348962	1400
0.348962	1400
0.348962	1400
0.348962	1400
0.348962	1400
0.348962	1400
0.348962	1400
0.349708	1400
0.350492	1400
0.350492	1400
0.350492	1400
0.350492	1400
0.350492	1400
0.350492	1400
0.350492	1400
0.350492	1400
0.350492	1400
0.350492	1400
0.350492	1400
0.350537	1400
0.350537	1400
0.350537	1400
0.350537	1400
0.350671	1400
0.350671	1400
0.350671	1400
0.350671	1400
0.350671	1400
0.350671	1400
0.350671	1400
0.351321	1400
0.352521	1400
0.352521	1400
0.353496	1400
0.353496	1400
0.353496	1400
0.353496	1400
0.353496	1400
0.353496	1400
0.353496	1400
0.353496	1400
0.353496	1400
0.353496	1400
0.353496	1400
0.353625	1400
0.353625	1400
0.353625	1400
0.353796	1400
0.353796	1400
0.353796	1400
0.353796	1400
0.353796	1400
0.353796	1400
0.353796	1400
0.353796	1400
0.353796	1400
0.353796	1400
0.353796	1400
0.353887	1400
0.353887	1400
0.353887	1400
0.353887	1400
0.353887	1400
0.353887	1400
0.353887	1400
0.353887	1400
0.353887	1400
0.353887	1400
0.353887	1400
0.353942	1400
0.353942	1400
0.353942	1400
0.353942	1400
0.353942	1400
0.354017	1400
0.354612	1400
0.354612	1400
0.355342	1400
0.355342	1400
0.355342	1400
0.355342	1400
0.355442	1400
0.355442	1400
0.355442	1400
0.355442	1400
0.355442	1400
0.35555	1400
0.35555	1400
0.35555	1400
0.35555	1400
0.35555	1400
0.35555	1400
0.355712	1400
0.356262	1400
0.356262	1400
0.356262	1400
0.356262	1400
0.356262	1400
0.356262	1400
0.356262	1400
0.357421	1400
0.357421	1400
0.358329	1400
0.358329	1400
0.358329	1400
0.358483	1400
0.358483	1400
0.358483	1400
0.358483	1400
0.358483	1400
0.358483	1400
0.358483	1400
0.358483	1400
0.358483	1400
0.358583	1400
0.358583	1400
0.358583	1400
0.358583	1400
0.358583	1400
0.358583	1400
0.358583	1400
0.358583	1400
0.358583	1400
0.358583	1400
0.358583	1400
0.358696	1400
0.358696	1400
0.358696	1400
0.358696	1400
0.358696	1400
0.358696	1400
0.358696	1400
0.358696	1400
0.358696	1400
0.358696	1400
0.358696	1400
0.358762	1400
0.358762	1400
0.358762	1400
0.358762	1400
0.358762	1400
0.358762	1400
0.358762	1400
0.358812	1400
0.358812	1400
0.360696	1400
0.360696	1400
0.360696	1400
0.360696	1400
0.360696	1400
0.360696	1400
0.360696	1400
0.360696	1400
0.360696	1400
0.360696	1400
0.360696	1400
0.360696	1400
0.36075	1400
0.36075	1400
0.36075	1400
0.36075	1400
0.36075	1400
0.361154	1400
0.361154	1400
0.361154	1400
0.361154	1400
0.361154	1400
0.361154	1400
0.361154	1400
0.361212	1400
0.363292	1400
0.363292	1400
0.363292	1400
0.363292	1400
0.363292	1400
0.363292	1400
0.363292	1400
0.363292	1400
0.363292	1400
0.363292	1400
0.363454	1400
0.363454	1400
0.363454	1400
0.363454	1400
0.363454	1400
0.363454	1400
0.363454	1400
0.363596	1400
0.363596	1400
0.363596	1400
0.363596	1400
0.363596	1400
0.363596	1400
0.363596	1400
0.363596	1400
0.363596	1400
0.363596	1400
0.363696	1400
0.363696	1400
0.363696	1400
0.363696	1400
0.363696	1400
0.363696	1400
0.363696	1400
0.363696	1400
0.363696	1400
0.363696	1400
0.363696	1400
0.363742	1400
0.363742	1400
0.363742	1400
0.363742	1400
0.363742	1400
0.363825	1400
0.363825	1400
0.364308	1400
0.365596	1400
0.365596	1400
0.365596	1400
0.365596	1400
0.365596	1400
0.365596	1400
0.365596	1400
0.365596	1400
0.365596	1400
0.365596	1400
0.365596	1400
0.365646	1400
0.365646	1400
0.365646	1400
0.365646	1400
0.365646	1400
0.366033	1400
0.366033	1400
0.366033	1400
0.366033	1400
0.366146	1400
0.366146	1400
0.366146	1400
0.366146	1400
0.366146	1400
0.368129	1400
0.368129	1400
0.368129	1400
0.368283	1400
0.368283	1400
0.368283	1400
0.368283	1400
0.368283	1400
0.368283	1400
0.368283	1400
0.368283	1400
0.368283	1400
0.368329	1400
0.368329	1400
0.368329	1400
0.368329	1400
0.368496	1400
0.368496	1400
0.368496	1400
0.368496	1400
0.368496	1400
0.368596	1400
0.368596	1400
0.368596	1400
0.368596	1400
0.368596	1400
0.368596	1400
0.368596	1400
0.368596	1400
0.368692	1400
0.368692	1400
0.368692	1400
0.368692	1400
0.368692	1400
0.368692	1400
0.368692	1400
0.368692	1400
0.368692	1400
0.368692	1400
0.368692	1400
0.368692	1400
0.368742	1400
0.368742	1400
0.368742	1400
0.368742	1400
0.369008	1400
0.370892	1400
0.370892	1400
0.370892	1400
0.370892	1400
0.370892	1400
0.370892	1400
0.370892	1400
0.370892	1400
0.370892	1400
0.370892	1400
0.370892	1400
0.37095	1400
0.37095	1400
0.37095	1400
0.37095	1400
0.37095	1400
0.370996	1400
0.370996	1400
0.370996	1400
0.370996	1400
0.370996	1400
0.37105	1400
0.37105	1400
0.37105	1400
0.37105	1400
0.371792	1400
0.373037	1400
0.373037	1400
0.373037	1400
0.373196	1400
0.373196	1400
0.373196	1400
0.373196	1400
0.373196	1400
0.373196	1400
0.373196	1400
0.373196	1400
0.373196	1400
0.373296	1400
0.373296	1400
0.373296	1400
0.373296	1400
0.373296	1400
0.373296	1400
0.373296	1400
0.373296	1400
0.373296	1400
0.37335	1400
0.37335	1400
0.37335	1400
0.37335	1400
0.37335	1400
0.373483	1400
0.373483	1400
0.373483	1400
0.373483	1400
0.373483	1400
0.373483	1400
0.373483	1400
0.373483	1400
0.373592	1400
0.373592	1400
0.373592	1400
0.373592	1400
0.373592	1400
0.373592	1400
0.373592	1400
0.373592	1400
0.373592	1400
0.373633	1400
0.373633	1400
0.373917	1400
0.373917	1400
0.375796	1400
0.375796	1400
0.375796	1400
0.375796	1400
0.375896	1400
0.375896	1400
0.375896	1400
0.375896	1400
0.375896	1400
0.375996	1400
0.375996	1400
0.375996	1400
0.375996	1400
0.375996	1400
0.376092	1400
0.376092	1400
0.376092	1400
0.376092	1400
0.376092	1400
0.376187	1400
0.376187	1400
0.376187	1400
0.37625	1400
0.37625	1400
0.376667	1400
0.376667	1400
0.377937	1400
0.377937	1400
0.377937	1400
0.378496	1400
0.378496	1400
0.378496	1400
0.378496	1400
0.378496	1400
0.378496	1400
0.378496	1400
0.378496	1400
0.378496	1400
0.378596	1400
0.378596	1400
0.378596	1400
0.378596	1400
0.378596	1400
0.378596	1400
0.378596	1400
0.378596	1400
0.378596	1400
0.378596	1400
0.378596	1400
0.378596	1400
0.378596	1400
0.378596	1400
0.378596	1400
0.378596	1400
0.378596	1400
0.378596	1400
0.378596	1400
0.378692	1400
0.378692	1400
0.378692	1400
0.378692	1400
0.378692	1400
0.378692	1400
0.378692	1400
0.378787	1400
0.378787	1400
0.378787	1400
0.378787	1400
0.378787	1400
0.378787	1400
0.378846	1400
0.378846	1400
0.378846	1400
0.378846	1400
0.380692	1400
0.380692	1400
0.380692	1400
0.380692	1400
0.380692	1400
0.380692	1400
0.380796	1400
0.380796	1400
0.380796	1400
0.380796	1400
0.380796	1400
0.380796	1400
0.380796	1400
0.380796	1400
0.380896	1400
0.380896	1400
0.380896	1400
0.380896	1400
0.380896	1400
0.380896	1400
0.380896	1400
0.380933	1400
0.380933	1400
0.380933	1400
0.381525	1400
0.381525	1400
0.383037	1400
0.383037	1400
0.383037	1400
0.383167	1400
0.383167	1400
0.383167	1400
0.383167	1400
0.383167	1400
0.383167	1400
0.38325	1400
0.38325	1400
0.38325	1400
0.38325	1400
0.383387	1400
0.383387	1400
0.383387	1400
0.383387	1400
0.383387	1400
0.383387	1400
0.383387	1400
0.383387	1400
0.383387	1400
0.383496	1400
0.383496	1400
0.383496	1400
0.383496	1400
0.383496	1400
0.383496	1400
0.383496	1400
0.383496	1400
0.383496	1400
0.383592	1400
0.383592	1400
0.383592	1400
0.383592	1400
0.383592	1400
0.383592	1400
0.383592	1400
0.383592	1400
0.383592	1400
0.383692	1400
0.383692	1400
0.383692	1400
0.383692	1400
0.383692	1400
0.383692	1400
0.383692	1400
0.383692	1400
0.384183	1400
0.385896	1400
0.385896	1400
0.385896	1400
0.385896	1400
0.385896	1400
0.385896	1400
0.385896	1400
0.385896	1400
0.385896	1400
0.38595	1400
0.38595	1400
0.38595	1400
0.38595	1400
0.38595	1400
0.38605	1400
0.38605	1400
0.38605	1400
0.38605	1400
0.386192	1400
0.386192	1400
0.386192	1400
0.386296	1400
0.386296	1400
0.386325	1400
0.386325	1400
0.386325	1400
0.387937	1400
0.387937	1400
0.387937	1400
0.388096	1400
0.388096	1400
0.388096	1400
0.388096	1400
0.388096	1400
0.388096	1400
0.388096	1400
0.388096	1400
0.388096	1400
0.388192	1400
0.388192	1400
0.388192	1400
0.388192	1400
0.388192	1400
0.388192	1400
0.388192	1400
0.388192	1400
0.388192	1400
0.388296	1400
0.388296	1400
0.388296	1400
0.388296	1400
0.388296	1400
0.388296	1400
0.388296	1400
0.388296	1400
0.388296	1400
0.388396	1400
0.388396	1400
0.388396	1400
0.388396	1400
0.388396	1400
0.388396	1400
0.388396	1400
0.388396	1400
0.388396	1400
0.388396	1400
0.388492	1400
0.388492	1400
0.388492	1400
0.388492	1400
0.388492	1400
0.388492	1400
0.388492	1400
0.388492	1400
0.388808	1400
0.390537	1400
0.390537	1400
0.390537	1400
0.390675	1400
0.390675	1400
0.390675	1400
0.390675	1400
0.390675	1400
0.390675	1400
0.390675	1400
0.390796	1400
0.390796	1400
0.390796	1400
0.390796	1400
0.390796	1400
0.390796	1400
0.390796	1400
0.390796	1400
0.390837	1400
0.390837	1400
0.390837	1400
0.390837	1400
0.391071	1400
0.391071	1400
0.391071	1400
0.391192	1400
0.391192	1400
0.392837	1400
0.392837	1400
0.392837	1400
0.392996	1400
0.392996	1400
0.392996	1400
0.392996	1400
0.392996	1400
0.392996	1400
0.392996	1400
0.392996	1400
0.392996	1400
0.393092	1400
0.393092	1400
0.393092	1400
0.393092	1400
0.393092	1400
0.393092	1400
0.393092	1400
0.393092	1400
0.393092	1400
0.393196	1400
0.393196	1400
0.393196	1400
0.393196	1400
0.393196	1400
0.393196	1400
0.393196	1400
0.393196	1400
0.393196	1400
0.393296	1400
0.393296	1400
0.393296	1400
0.393296	1400
0.393296	1400
0.393296	1400
0.393296	1400
0.393296	1400
0.393296	1400
0.393296	1400
0.393387	1400
0.393387	1400
0.393387	1400
0.393387	1400
0.393387	1400
0.393387	1400
0.393387	1400
0.393387	1400
0.393617	1400
0.393617	1400
0.395467	1400
0.395467	1400
0.395467	1400
0.395467	1400
0.395467	1400
0.395467	1400
0.395592	1400
0.395592	1400
0.395592	1400
0.395592	1400
0.395592	1400
0.395592	1400
0.395592	1400
0.395592	1400
0.395675	1400
0.395675	1400
0.395675	1400
0.395675	1400
0.395675	1400
0.395675	1400
0.395675	1400
0.395737	1400
0.395737	1400
0.395737	1400
0.395737	1400
0.395825	1400
0.395825	1400
0.397767	1400
0.397767	1400
0.397767	1400
0.397767	1400
0.397767	1400
0.397767	1400
0.397896	1400
0.397896	1400
0.397896	1400
0.397896	1400
0.397896	1400
0.397896	1400
0.397896	1400
0.397896	1400
0.397896	1400
0.397992	1400
0.397992	1400
0.397992	1400
0.397992	1400
0.397992	1400
0.397992	1400
0.397992	1400
0.397992	1400
0.397992	1400
0.398096	1400
0.398096	1400
0.398096	1400
0.398096	1400
0.398096	1400
0.398096	1400
0.398096	1400
0.398096	1400
0.398096	1400
0.398196	1400
0.398196	1400
0.398196	1400
0.398196	1400
0.398196	1400
0.398196	1400
0.398196	1400
0.398196	1400
0.398196	1400
0.398196	1400
0.398267	1400
0.398267	1400
0.398267	1400
0.398267	1400
0.398267	1400
0.398525	1400
0.398525	1400
0.398525	1400
0.400337	1400
0.400337	1400
0.400337	1400
0.400496	1400
0.400496	1400
0.400496	1400
0.400496	1400
0.400496	1400
0.400496	1400
0.400496	1400
0.400496	1400
0.400496	1400
0.400533	1400
0.400533	1400
0.400533	1400
0.400654	1400
0.400654	1400
0.400654	1400
0.400654	1400
0.400654	1400
0.400771	1400
0.400771	1400
0.400771	1400
0.400771	1400
0.400771	1400
0.400771	1400
0.401408	1400
0.402692	1400
0.402692	1400
0.402692	1400
0.402692	1400
0.402692	1400
0.402692	1400
0.402692	1400
0.402692	1400
0.402796	1400
0.402796	1400
0.402796	1400
0.402796	1400
0.402796	1400
0.402796	1400
0.402796	1400
0.402796	1400
0.402796	1400
0.402796	1400
0.402892	1400
0.402892	1400
0.402892	1400
0.402892	1400
0.402892	1400
0.402892	1400
0.402892	1400
0.402892	1400
0.402892	1400
0.402971	1400
0.402971	1400
0.402971	1400
0.402971	1400
0.402971	1400
0.402971	1400
0.403187	1400
0.403187	1400
0.403187	1400
0.403187	1400
0.403187	1400
0.403187	1400
0.403187	1400
0.403187	1400
0.403187	1400
0.403283	1400
0.403283	1400
0.403283	1400
0.403283	1400
0.403283	1400
0.403283	1400
0.403283	1400
0.403283	1400
0.403321	1400
0.403508	1400
0.405296	1400
0.405296	1400
0.405296	1400
0.405296	1400
0.405296	1400
0.405296	1400
0.405296	1400
0.405296	1400
0.405296	1400
0.405371	1400
0.405371	1400
0.405371	1400
0.405371	1400
0.405371	1400
0.405371	1400
0.405371	1400
0.405454	1400
0.405454	1400
0.405454	1400
0.405454	1400
0.405454	1400
0.405567	1400
0.405567	1400
0.405567	1400
0.405617	1400
0.406312	1400
0.407554	1400
0.407554	1400
0.407554	1400
0.407554	1400
0.407554	1400
0.407554	1400
0.407671	1400
0.407671	1400
0.407671	1400
0.407671	1400
0.407671	1400
0.407671	1400
0.407671	1400
0.407792	1400
0.407792	1400
0.407792	1400
0.407792	1400
0.407792	1400
0.407792	1400
0.407792	1400
0.407792	1400
0.407792	1400
0.407792	1400
0.407792	1400
0.407792	1400
0.407892	1400
0.407892	1400
0.407892	1400
0.407892	1400
0.407892	1400
0.407892	1400
0.407892	1400
0.407892	1400
0.407892	1400
0.407892	1400
0.407892	1400
0.407996	1400
0.407996	1400
0.407996	1400
0.407996	1400
0.407996	1400
0.407996	1400
0.407996	1400
0.407996	1400
0.407996	1400
0.407996	1400
0.407996	1400
0.407996	1400
0.408037	1400
0.408037	1400
0.408037	1400
0.408112	1400
0.408112	1400
0.408212	1400
0.410192	1400
0.410192	1400
0.410192	1400
0.410192	1400
0.410192	1400
0.410192	1400
0.410192	1400
0.410192	1400
0.410192	1400
0.410192	1400
0.410192	1400
0.410267	1400
0.410267	1400
0.410267	1400
0.410267	1400
0.410267	1400
0.410267	1400
0.410267	1400
0.41035	1400
0.41035	1400
0.41035	1400
0.41035	1400
0.41035	1400
0.41035	1400
0.410408	1400
0.412496	1400
0.412496	1400
0.412496	1400
0.412496	1400
0.412496	1400
0.412496	1400
0.412496	1400
0.412496	1400
0.412496	1400
0.412496	1400
0.412496	1400
0.412596	1400
0.412596	1400
0.412596	1400
0.412596	1400
0.412596	1400
0.412596	1400
0.412596	1400
0.412596	1400
0.412596	1400
0.412596	1400
0.412596	1400
0.412596	1400
0.412692	1400
0.412692	1400
0.412692	1400
0.412692	1400
0.412692	1400
0.412692	1400
0.412692	1400
0.412692	1400
0.412692	1400
0.412692	1400
0.412692	1400
0.412792	1400
0.412792	1400
0.412792	1400
0.412792	1400
0.412792	1400
0.412792	1400
0.412792	1400
0.412792	1400
0.412792	1400
0.412896	1400
0.412896	1400
0.412896	1400
0.412896	1400
0.412896	1400
0.412896	1400
0.412896	1400
0.412896	1400
0.412896	1400
0.412896	1400
0.412896	1400
0.412912	1400
0.412912	1400
0.415492	1400
0.415492	1400
0.415492	1400
0.415492	1400
0.415492	1400
0.415492	1400
0.415492	1400
0.415492	1400
0.415492	1400
0.415492	1400
0.415492	1400
0.415525	1400
0.415525	1400
0.416383	1400
0.416383	1400
0.416383	1400
0.416383	1400
0.416383	1400
0.416383	1400
0.416383	1400
0.416383	1400
0.416383	1400
0.416383	1400
0.416417	1400
0.417171	1400
0.417454	1400
0.417454	1400
0.417454	1400
0.417454	1400
0.417454	1400
0.417562	1400
0.417562	1400
0.417562	1400
0.417562	1400
0.417654	1400
0.417654	1400
0.417654	1400
0.417792	1400
0.417792	1400
0.417792	1400
0.417792	1400
0.417792	1400
0.417792	1400
0.41785	1400
0.41785	1400
0.41785	1400
0.41785	1400
0.41785	1400
0.417929	1400
0.417929	1400
0.417929	1400
0.417929	1400
0.418042	1400
0.418042	1400
0.418042	1400
0.418042	1400
0.418142	1400
0.418142	1400
0.418142	1400
0.418142	1400
0.418142	1400
0.418242	1400
0.418242	1400
0.418242	1400
0.418242	1400
0.418242	1400
0.418467	1400
0.418467	1400
0.418467	1400
0.418467	1400
0.418467	1400
0.418467	1400
0.418467	1400
0.419671	1400
0.419671	1400
0.419671	1400
0.419671	1400
0.419671	1400
0.419671	1400
0.419671	1400
0.419671	1400
0.420396	1400
0.420396	1400
0.420396	1400
0.420396	1400
0.420396	1400
0.420396	1400
0.420396	1400
0.420396	1400
0.420396	1400
0.420396	1400
0.420396	1400
0.420396	1400
0.420417	1400
0.420417	1400
0.421287	1400
0.421287	1400
0.421287	1400
0.421287	1400
0.421287	1400
0.421287	1400
0.421287	1400
0.421329	1400
0.421329	1400
0.421329	1400
0.422012	1400
0.422012	1400
0.422392	1400
0.422392	1400
0.422392	1400
0.422392	1400
0.422392	1400
0.422392	1400
0.422392	1400
0.422392	1400
0.422392	1400
0.422392	1400
0.422392	1400
0.422867	1400
0.422867	1400
0.422867	1400
0.422867	1400
0.422867	1400
0.422867	1400
0.422867	1400
0.422867	1400
0.422867	1400
0.422867	1400
0.422867	1400
0.422867	1400
0.422867	1400
0.422867	1400
0.422867	1400
0.422867	1400
0.422867	1400
0.422867	1400
0.422867	1400
0.422867	1400
0.422867	1400
0.422996	1400
0.422996	1400
0.422996	1400
0.422996	1400
0.422996	1400
0.422996	1400
0.422996	1400
0.422996	1400
0.422996	1400
0.423708	1400
0.425629	1400
0.425629	1400
0.425629	1400
0.425792	1400
0.425792	1400
0.425792	1400
0.425792	1400
0.425792	1400
0.425792	1400
0.425792	1400
0.425792	1400
0.425792	1400
0.425792	1400
0.425792	1400
0.425846	1400
0.425846	1400
0.425846	1400
0.425846	1400
0.425846	1400
0.425846	1400
0.425846	1400
0.425846	1400
0.425846	1400
0.425846	1400
0.425846	1400
0.425846	1400
0.425846	1400
0.425967	1400
0.426467	1400
0.426467	1400
0.426467	1400
0.426467	1400
0.426467	1400
0.426467	1400
0.426467	1400
0.426546	1400
0.426546	1400
0.426546	1400
0.426546	1400
0.426925	1400
0.426925	1400
0.427292	1400
0.427292	1400
0.427292	1400
0.427292	1400
0.427292	1400
0.427292	1400
0.427292	1400
0.427292	1400
0.427337	1400
0.427337	1400
0.427337	1400
0.427792	1400
0.427792	1400
0.427792	1400
0.427792	1400
0.427792	1400
0.427792	1400
0.427792	1400
0.427792	1400
0.427792	1400
0.427887	1400
0.427887	1400
0.427887	1400
0.427887	1400
0.427887	1400
0.427887	1400
0.427887	1400
0.427887	1400
0.427887	1400
0.427996	1400
0.427996	1400
0.427996	1400
0.427996	1400
0.427996	1400
0.427996	1400
0.427996	1400
0.427996	1400
0.427996	1400
0.428037	1400
0.428037	1400
0.428037	1400
0.428617	1400
0.428617	1400
0.430492	1400
0.430492	1400
0.430492	1400
0.430492	1400
0.430492	1400
0.430492	1400
0.430492	1400
0.430492	1400
0.430546	1400
0.430546	1400
0.430546	1400
0.430546	1400
0.430546	1400
0.430696	1400
0.430696	1400
0.430696	1400
0.430696	1400
0.430696	1400
0.430696	1400
0.430696	1400
0.430696	1400
0.430696	1400
0.430762	1400
0.430762	1400
0.430762	1400
0.430762	1400
0.430762	1400
0.430762	1400
0.431579	1400
0.431579	1400
0.431579	1400
0.431579	1400
0.431579	1400
0.431579	1400
0.431579	1400
0.431579	1400
0.431629	1400
0.431629	1400
0.431837	1400
0.431837	1400
0.431837	1400
0.431837	1400
0.432137	1400
0.432137	1400
0.432137	1400
0.432283	1400
0.432283	1400
0.432283	1400
0.432283	1400
0.432283	1400
0.432283	1400
0.432283	1400
0.432529	1400
0.432692	1400
0.432692	1400
0.432692	1400
0.432692	1400
0.432692	1400
0.432692	1400
0.432692	1400
0.432692	1400
0.432792	1400
0.432792	1400
0.432792	1400
0.432792	1400
0.432792	1400
0.432792	1400
0.432792	1400
0.432792	1400
0.432792	1400
0.432896	1400
0.432896	1400
0.432896	1400
0.432896	1400
0.432896	1400
0.432896	1400
0.432896	1400
0.432896	1400
0.432896	1400
0.432896	1400
0.432933	1400
0.432933	1400
0.434933	1400
0.434933	1400
0.434933	1400
0.435346	1400
0.435346	1400
0.435346	1400
0.435492	1400
0.435492	1400
0.435492	1400
0.435492	1400
0.435492	1400
0.435492	1400
0.435596	1400
0.435596	1400
0.435596	1400
0.435596	1400
0.435596	1400
0.435596	1400
0.435596	1400
0.435596	1400
0.43565	1400
0.43565	1400
0.43565	1400
0.435767	1400
0.435767	1400
0.435767	1400
0.435767	1400
0.435767	1400
0.435837	1400
0.435837	1400
0.436108	1400
0.436542	1400
0.436542	1400
0.436542	1400
0.436646	1400
0.436646	1400
0.436646	1400
0.436646	1400
0.436646	1400
0.43675	1400
0.43675	1400
0.43675	1400
0.43675	1400
0.436829	1400
0.436829	1400
0.436829	1400
0.437037	1400
0.437037	1400
0.437037	1400
0.437342	1400
0.437342	1400
0.437342	1400
0.437429	1400
0.437429	1400
0.437429	1400
0.437537	1400
0.437537	1400
0.437537	1400
0.437696	1400
0.437696	1400
0.437696	1400
0.437696	1400
0.437696	1400
0.437742	1400
0.437742	1400
0.437742	1400
0.437846	1400
0.437846	1400
0.437846	1400
0.437846	1400
0.437846	1400
0.437942	1400
0.437942	1400
0.437942	1400
0.438042	1400
0.438042	1400
0.438042	1400
0.438042	1400
0.438242	1400
0.438242	1400
0.438242	1400
0.438242	1400
0.438317	1400
0.439733	1400
0.439733	1400
0.439733	1400
0.439837	1400
0.439837	1400
0.439837	1400
0.440167	1400
0.440167	1400
0.440167	1400
0.440167	1400
0.440167	1400
0.440167	1400
0.440237	1400
0.440237	1400
0.440237	1400
0.440387	1400
0.440387	1400
0.440387	1400
0.440387	1400
0.440387	1400
0.440387	1400
0.440387	1400
0.440387	1400
0.440458	1400
0.440458	1400
0.440458	1400
0.440458	1400
0.440458	1400
0.440458	1400
0.440525	1400
0.440525	1400
0.44065	1400
0.44065	1400
0.441446	1400
0.441446	1400
0.441446	1400
0.441446	1400
0.44155	1400
0.44155	1400
0.44155	1400
0.44155	1400
0.441646	1400
0.441646	1400
0.441646	1400
0.441646	1400
0.441646	1400
0.441775	1400
0.441775	1400
0.441775	1400
0.441775	1400
0.441775	1400
0.441775	1400
0.441775	1400
0.442137	1400
0.442137	1400
0.442137	1400
0.442237	1400
0.442237	1400
0.442237	1400
0.44235	1400
0.44235	1400
0.44235	1400
0.44235	1400
0.442496	1400
0.442496	1400
0.442496	1400
0.442983	1400
0.442983	1400
0.442983	1400
0.442983	1400
0.442983	1400
0.442983	1400
0.442983	1400
0.442983	1400
0.442983	1400
0.442983	1400
0.442983	1400
0.442983	1400
0.442983	1400
0.442983	1400
0.442983	1400
0.442983	1400
0.444742	1400
0.444742	1400
0.445096	1400
0.445096	1400
0.445096	1400
0.445096	1400
0.445096	1400
0.445096	1400
0.445096	1400
0.445196	1400
0.445196	1400
0.445196	1400
0.445196	1400
0.445196	1400
0.445196	1400
0.445196	1400
0.445196	1400
0.445292	1400
0.445292	1400
0.445292	1400
0.445292	1400
0.445292	1400
0.445292	1400
0.445292	1400
0.445392	1400
0.445392	1400
0.445392	1400
0.445392	1400
0.445392	1400
0.445392	1400
0.445496	1400
0.445496	1400
0.445496	1400
0.445496	1400
0.445496	1400
0.445496	1400
0.445496	1400
0.445925	1400
0.446367	1400
0.446367	1400
0.446429	1400
0.446429	1400
0.446537	1400
0.446537	1400
0.446646	1400
0.446646	1400
0.446646	1400
0.446646	1400
0.44675	1400
0.44675	1400
0.44675	1400
0.44675	1400
0.447267	1400
0.447267	1400
0.447267	1400
0.447267	1400
0.447267	1400
0.447267	1400
0.447267	1400
0.447267	1400
0.447267	1400
0.447267	1400
0.447267	1400
0.447267	1400
0.447267	1400
0.447267	1400
0.447267	1400
0.447267	1400
0.447342	1400
0.447342	1400
0.447342	1400
0.447696	1400
0.447696	1400
0.447696	1400
0.447696	1400
0.447696	1400
0.447696	1400
0.447696	1400
0.447696	1400
0.447696	1400
0.447696	1400
0.447733	1400
0.447733	1400
0.447846	1400
0.447846	1400
0.447846	1400
0.447846	1400
0.447846	1400
0.449625	1400
0.449625	1400
0.449992	1400
0.449992	1400
0.449992	1400
0.449992	1400
0.449992	1400
0.449992	1400
0.449992	1400
0.449992	1400
0.450096	1400
0.450096	1400
0.450096	1400
0.450096	1400
0.450096	1400
0.450096	1400
0.450096	1400
0.450096	1400
0.450096	1400
0.450096	1400
0.450192	1400
0.450192	1400
0.450192	1400
0.450192	1400
0.450192	1400
0.450192	1400
0.450192	1400
0.450192	1400
0.450192	1400
0.450275	1400
0.450275	1400
0.450275	1400
0.450275	1400
0.450275	1400
0.450275	1400
0.450275	1400
0.450808	1400
0.451192	1400
0.451192	1400
0.451192	1400
0.451192	1400
0.451212	1400
0.451342	1400
0.451342	1400
0.451342	1400
0.45145	1400
0.45145	1400
0.45145	1400
0.45145	1400
0.45145	1400
0.45155	1400
0.45155	1400
0.452008	1400
0.45215	1400
0.45215	1400
0.45215	1400
0.45215	1400
0.452296	1400
0.452296	1400
0.452296	1400
0.452296	1400
0.452296	1400
0.452392	1400
0.452392	1400
0.452392	1400
0.452392	1400
0.452458	1400
0.452458	1400
0.452458	1400
0.452458	1400
0.452458	1400
0.452592	1400
0.452592	1400
0.452592	1400
0.452592	1400
0.452592	1400
0.452592	1400
0.452592	1400
0.452592	1400
0.452592	1400
0.452683	1400
0.452683	1400
0.452683	1400
0.452683	1400
0.452683	1400
0.452683	1400
0.452683	1400
0.452683	1400
0.453108	1400
0.454525	1400
0.454525	1400
0.454892	1400
0.454892	1400
0.454892	1400
0.454892	1400
0.454892	1400
0.454892	1400
0.454892	1400
0.454892	1400
0.45495	1400
0.45495	1400
0.45495	1400
0.45495	1400
0.455237	1400
0.455237	1400
0.455237	1400
0.455237	1400
0.455392	1400
0.455392	1400
0.455392	1400
0.455392	1400
0.455392	1400
0.455392	1400
0.455392	1400
0.455392	1400
0.455492	1400
0.455492	1400
0.455492	1400
0.455492	1400
0.455492	1400
0.455492	1400
0.455492	1400
0.455492	1400
0.455492	1400
0.45605	1400
0.45605	1400
0.45605	1400
0.45605	1400
0.45605	1400
0.45615	1400
0.45615	1400
0.45615	1400
0.45615	1400
0.45625	1400
0.45625	1400
0.45625	1400
0.45625	1400
0.45625	1400
0.456396	1400
0.456396	1400
0.456396	1400
0.456937	1400
0.456937	1400
0.456937	1400
0.456937	1400
0.457058	1400
0.457058	1400
0.457058	1400
0.457058	1400
0.457058	1400
0.457196	1400
0.457196	1400
0.457196	1400
0.457196	1400
0.457196	1400
0.457296	1400
0.457296	1400
0.457296	1400
0.457296	1400
0.457396	1400
0.457396	1400
0.457396	1400
0.457396	1400
0.457396	1400
0.457487	1400
0.457487	1400
0.457487	1400
0.457487	1400
0.457487	1400
0.457487	1400
0.457487	1400
0.457487	1400
0.457487	1400
0.457542	1400
0.457542	1400
0.457542	1400
0.457542	1400
0.458021	1400
0.459475	1400
0.459475	1400
0.459475	1400
0.459742	1400
0.459742	1400
0.459742	1400
0.459892	1400
0.459892	1400
0.459892	1400
0.459892	1400
0.459892	1400
0.459892	1400
0.459892	1400
0.459892	1400
0.460042	1400
0.460042	1400
0.460042	1400
0.460042	1400
0.460042	1400
0.460133	1400
0.460133	1400
0.460133	1400
0.460233	1400
0.460233	1400
0.460233	1400
0.460233	1400
0.460379	1400
0.460379	1400
0.460379	1400
0.460379	1400
0.460379	1400
0.460379	1400
0.460379	1400
0.460379	1400
0.460379	1400
0.460633	1400
0.46135	1400
0.46135	1400
0.46135	1400
0.46135	1400
0.46135	1400
0.46135	1400
0.46135	1400
0.46135	1400
0.46135	1400
0.46135	1400
0.46135	1400
0.461525	1400
0.461525	1400
0.461525	1400
0.461525	1400
0.461525	1400
0.461525	1400
0.461525	1400
0.461858	1400
0.461858	1400
0.461858	1400
0.461858	1400
0.461858	1400
0.461858	1400
0.461954	1400
0.461954	1400
0.461954	1400
0.461954	1400
0.461954	1400
0.461954	1400
0.462087	1400
0.462087	1400
0.462087	1400
0.462087	1400
0.462087	1400
0.462192	1400
0.462192	1400
0.462192	1400
0.462192	1400
0.462192	1400
0.46225	1400
0.46225	1400
0.46225	1400
0.46225	1400
0.46225	1400
0.46225	1400
0.462767	1400
0.462767	1400
0.462767	1400
0.462767	1400
0.462767	1400
0.462767	1400
0.462767	1400
0.462908	1400
0.464337	1400
0.464337	1400
0.464337	1400
0.464337	1400
0.464637	1400
0.464637	1400
0.464637	1400
0.464775	1400
0.464775	1400
0.464775	1400
0.464775	1400
0.464775	1400
0.464775	1400
0.464775	1400
0.464892	1400
0.464892	1400
0.464892	1400
0.464892	1400
0.464892	1400
0.464992	1400
0.464992	1400
0.464992	1400
0.464992	1400
0.464992	1400
0.465079	1400
0.465079	1400
0.465079	1400
0.465079	1400
0.465079	1400
0.465079	1400
0.465079	1400
0.46515	1400
0.46515	1400
0.46515	1400
0.46515	1400
0.465508	1400
0.466283	1400
0.466283	1400
0.466283	1400
0.466283	1400
0.466283	1400
0.466283	1400
0.466283	1400
0.466283	1400
0.466387	1400
0.466387	1400
0.466387	1400
0.466387	1400
0.466387	1400
0.466387	1400
0.466387	1400
0.466387	1400
0.466442	1400
0.466442	1400
0.466442	1400
0.466767	1400
0.466767	1400
0.466767	1400
0.466767	1400
0.466767	1400
0.466767	1400
0.466767	1400
0.466842	1400
0.466842	1400
0.466842	1400
0.466942	1400
0.466942	1400
0.466942	1400
0.466942	1400
0.46705	1400
0.46705	1400
0.46705	1400
0.46705	1400
0.46705	1400
0.467158	1400
0.467158	1400
0.467158	1400
0.467158	1400
0.467158	1400
0.467246	1400
0.467246	1400
0.467246	1400
0.467246	1400
0.467683	1400
0.467683	1400
0.467683	1400
0.467683	1400
0.467683	1400
0.467683	1400
0.467683	1400
0.467683	1400
0.467808	1400
0.469237	1400
0.469237	1400
0.469237	1400
0.469317	1400
0.469596	1400
0.469596	1400
0.469596	1400
0.469596	1400
0.469596	1400
0.469596	1400
0.469596	1400
0.469596	1400
0.469596	1400
0.469633	1400
0.469633	1400
0.469742	1400
0.469742	1400
0.469742	1400
0.469742	1400
0.469871	1400
0.469871	1400
0.469871	1400
0.469871	1400
0.469871	1400
0.469871	1400
0.469871	1400
0.469987	1400
0.469987	1400
0.469987	1400
0.469987	1400
0.469987	1400
0.469987	1400
0.469987	1400
0.469987	1400
0.470408	1400
0.471183	1400
0.471183	1400
0.471183	1400
0.471183	1400
0.471183	1400
0.471183	1400
0.471183	1400
0.471183	1400
0.471283	1400
0.471283	1400
0.471283	1400
0.471283	1400
0.471283	1400
0.471283	1400
0.471283	1400
0.471354	1400
0.471354	1400
0.471354	1400
0.471354	1400
0.471354	1400
0.471354	1400
0.471537	1400
0.471537	1400
0.471537	1400
0.471692	1400
0.471692	1400
0.471692	1400
0.471692	1400
0.471692	1400
0.471692	1400
0.471692	1400
0.471692	1400
0.471729	1400
0.471729	1400
0.471842	1400
0.471842	1400
0.471842	1400
0.471842	1400
0.471992	1400
0.471992	1400
0.471992	1400
0.471992	1400
0.471992	1400
0.472062	1400
0.472062	1400
0.472062	1400
0.472062	1400
0.472062	1400
0.472062	1400
0.474787	1400
0.474787	1400
0.474787	1400
0.474787	1400
0.474787	1400
0.474787	1400
0.474787	1400
0.474787	1400
0.474896	1400
0.474896	1400
0.474896	1400
0.474896	1400
0.474896	1400
0.474896	1400
0.474896	1400
0.474896	1400
0.474896	1400
0.474996	1400
0.474996	1400
0.474996	1400
0.474996	1400
0.474996	1400
0.474996	1400
0.474996	1400
0.474996	1400
0.474996	1400
0.474996	1400
0.475087	1400
0.475087	1400
0.475087	1400
0.475087	1400
0.475087	1400
0.475087	1400
0.475087	1400
0.475087	1400
0.475179	1400
0.475179	1400
0.475179	1400
0.475179	1400
0.475179	1400
0.475179	1400
0.475179	1400
0.475692	1400
0.476037	1400
0.476037	1400
0.476037	1400
0.476142	1400
0.476142	1400
0.476142	1400
0.476246	1400
0.476246	1400
0.476246	1400
0.476246	1400
0.476246	1400
0.476346	1400
0.476346	1400
0.476346	1400
0.476346	1400
0.476483	1400
0.476483	1400
0.476483	1400
0.476483	1400
0.476483	1400
0.476592	1400
0.476592	1400
0.476592	1400
0.476592	1400
0.476592	1400
0.476592	1400
0.476592	1400
0.476592	1400
0.476592	1400
0.476742	1400
0.476742	1400
0.476742	1400
0.476742	1400
0.47685	1400
0.47685	1400
0.47685	1400
0.47685	1400
0.47685	1400
0.476992	1400
0.476992	1400
0.476992	1400
0.476992	1400
0.476992	1400
0.477075	1400
0.477075	1400
0.477075	1400
0.477075	1400
0.477075	1400
0.477075	1400
0.477075	1400
0.477808	1400
0.479633	1400
0.479633	1400
0.479729	1400
0.479729	1400
0.479729	1400
0.479879	1400
0.479879	1400
0.479879	1400
0.479879	1400
0.479879	1400
0.479879	1400
0.479879	1400
0.479879	1400
0.479983	1400
0.479983	1400
0.479983	1400
0.479983	1400
0.479983	1400
0.479983	1400
0.479983	1400
0.480087	1400
0.480087	1400
0.480087	1400
0.480087	1400
0.480087	1400
0.480087	1400
0.480087	1400
0.480087	1400
0.480183	1400
0.480183	1400
0.480183	1400
0.480183	1400
0.480183	1400
0.480183	1400
0.480183	1400
0.480183	1400
0.480258	1400
0.480258	1400
0.480258	1400
0.480258	1400
0.480258	1400
0.480517	1400
0.480517	1400
0.480825	1400
0.480825	1400
0.480929	1400
0.480929	1400
0.481042	1400
0.481042	1400
0.481042	1400
0.481042	1400
0.481146	1400
0.481146	1400
0.481146	1400
0.481146	1400
0.481237	1400
0.481237	1400
0.481237	1400
0.481237	1400
0.481371	1400
0.481371	1400
0.481371	1400
0.481371	1400
0.481371	1400
0.481371	1400
0.481475	1400
0.481475	1400
0.481475	1400
0.481475	1400
0.481475	1400
0.481475	1400
0.481475	1400
0.48165	1400
0.48165	1400
0.48165	1400
0.48165	1400
0.48165	1400
0.481792	1400
0.481792	1400
0.481792	1400
0.481792	1400
0.481792	1400
0.481879	1400
0.481879	1400
0.481879	1400
0.481879	1400
0.481879	1400
0.481879	1400
0.481879	1400
0.481879	1400
0.481942	1400
0.481942	1400
0.481942	1400
0.483808	1400
0.484537	1400
0.484537	1400
0.484537	1400
0.484687	1400
0.484687	1400
0.484687	1400
0.484687	1400
0.484687	1400
0.484687	1400
0.484687	1400
0.484687	1400
0.484792	1400
0.484792	1400
0.484792	1400
0.484792	1400
0.484792	1400
0.484792	1400
0.484792	1400
0.484792	1400
0.484792	1400
0.484983	1400
0.484983	1400
0.484983	1400
0.484983	1400
0.484983	1400
0.484983	1400
0.484983	1400
0.484983	1400
0.485083	1400
0.485083	1400
0.485083	1400
0.485083	1400
0.485083	1400
0.485083	1400
0.485083	1400
0.485083	1400
0.485158	1400
0.485158	1400
0.485158	1400
0.485158	1400
0.485158	1400
0.485325	1400
0.485325	1400
0.485325	1400
0.485642	1400
0.485642	1400
0.485642	1400
0.485708	1400
0.48595	1400
0.48595	1400
0.48595	1400
0.48595	1400
0.486087	1400
0.486087	1400
0.486087	1400
0.486087	1400
0.486087	1400
0.486183	1400
0.486183	1400
0.486183	1400
0.486183	1400
0.486287	1400
0.486287	1400
0.486287	1400
0.486287	1400
0.486287	1400
0.486396	1400
0.486396	1400
0.486396	1400
0.486396	1400
0.486396	1400
0.486442	1400
0.486442	1400
0.486442	1400
0.486442	1400
0.48655	1400
0.48655	1400
0.48655	1400
0.48655	1400
0.486687	1400
0.486687	1400
0.486687	1400
0.486687	1400
0.487008	1400
0.488792	1400
0.488792	1400
0.488792	1400
0.488792	1400
0.488792	1400
0.488792	1400
0.488792	1400
0.488792	1400
0.488837	1400
0.488837	1400
0.488837	1400
0.489437	1400
0.489437	1400
0.489437	1400
0.489437	1400
0.489596	1400
0.489596	1400
0.489596	1400
0.489696	1400
0.489696	1400
0.489696	1400
0.489696	1400
0.489696	1400
0.489696	1400
0.489867	1400
0.489867	1400
0.489867	1400
0.489867	1400
0.489867	1400
0.489867	1400
0.489867	1400
0.490383	1400
0.490383	1400
0.490383	1400
0.490383	1400
0.490383	1400
0.490383	1400
0.490383	1400
0.490383	1400
0.490383	1400
0.490383	1400
0.490383	1400
0.490383	1400
0.490383	1400
0.490383	1400
0.490383	1400
0.490383	1400
0.490383	1400
0.490383	1400
0.490383	1400
0.490383	1400
0.490383	1400
0.490383	1400
0.490383	1400
0.490383	1400
0.490937	1400
0.490937	1400
0.490937	1400
0.490937	1400
0.490937	1400
0.491046	1400
0.491046	1400
0.491046	1400
0.491046	1400
0.491146	1400
0.491146	1400
0.491146	1400
0.491146	1400
0.491679	1400
0.491679	1400
0.491679	1400
0.491679	1400
0.491679	1400
0.491679	1400
0.491679	1400
0.491679	1400
0.491679	1400
0.491679	1400
0.491679	1400
0.491679	1400
0.491679	1400
0.491679	1400
0.491679	1400
0.491679	1400
0.491942	1400
0.491942	1400
0.491942	1400
0.491942	1400
0.491942	1400
0.491942	1400
0.491942	1400
0.491942	1400
0.491942	1400
0.491942	1400
0.491942	1400
0.492508	1400
0.493692	1400
0.493692	1400
0.493692	1400
0.493692	1400
0.493692	1400
0.493692	1400
0.493692	1400
0.493692	1400
0.493737	1400
0.493737	1400
0.493737	1400
0.494233	1400
0.494233	1400
0.494233	1400
0.494392	1400
0.494392	1400
0.494392	1400
0.494437	1400
0.494437	1400
0.494437	1400
0.494437	1400
0.494612	1400
0.495296	1400
0.495296	1400
0.495296	1400
0.495296	1400
0.495296	1400
0.495296	1400
0.495296	1400
0.495296	1400
0.495296	1400
0.49535	1400
0.49535	1400
0.49535	1400
0.49535	1400
0.49535	1400
0.49545	1400
0.49545	1400
0.49545	1400
0.49545	1400
0.495642	1400
0.495642	1400
0.495642	1400
0.495642	1400
0.495742	1400
0.495742	1400
0.495742	1400
0.495742	1400
0.495842	1400
0.495842	1400
0.495842	1400
0.495842	1400
0.495942	1400
0.495942	1400
0.495942	1400
0.496042	1400
0.496042	1400
0.496042	1400
0.496042	1400
0.496142	1400
0.496142	1400
0.496142	1400
0.496142	1400
0.496229	1400
0.496229	1400
0.496229	1400
0.496329	1400
0.496329	1400
0.496417	1400
0.496658	1400
0.496658	1400
0.496658	1400
0.496658	1400
0.496658	1400
0.496658	1400
0.496787	1400
0.496787	1400
0.496787	1400
0.496787	1400
0.496862	1400
0.496862	1400
0.496862	1400
0.496862	1400
0.497487	1400
0.497487	1400
0.497487	1400
0.497487	1400
0.497487	1400
0.497487	1400
0.497487	1400
0.497487	1400
0.497487	1400
0.498696	1400
0.498696	1400
0.498696	1400
0.498696	1400
0.498696	1400
0.498796	1400
0.498796	1400
0.498796	1400
0.498796	1400
0.498796	1400
0.498896	1400
0.498896	1400
0.498896	1400
0.498925	1400
0.498925	1400
0.499033	1400
0.499033	1400
0.499033	1400
0.499146	1400
0.499146	1400
0.499146	1400
0.499237	1400
0.499337	1400
0.499337	1400
0.499454	1400
0.499454	1400
0.500154	1400
0.500237	1400
0.500237	1400
0.500337	1400
0.500337	1400
0.500437	1400
0.500642	1400
0.500642	1400
0.500742	1400
0.500854	1400
0.500854	1400
0.500954	1400
0.501042	1400
0.501042	1400
0.501142	1400
0.501242	1400
0.501342	1400
0.501442	1400
0.501442	1400
0.501642	1400
0.501762	1400
0.501817	1400
0.501917	1400
0.502017	1400
0.502017	1400
0.502129	1400
0.502229	1400
0.502329	1400
0.502437	1400
0.502437	1400
0.502646	1400
0.502646	1400
0.502754	1400
0.502754	1400
0.502754	1400
0.502854	1400
0.502854	1400
0.502933	1400
0.502933	1400
0.503029	1400
0.503029	1400
0.503029	1400
0.503142	1400
0.503142	1400
0.503142	1400
0.503242	1400
0.503242	1400
0.503242	1400
0.503242	1400
0.503342	1400
0.503342	1400
0.503342	1400
0.503342	1400
0.503437	1400
0.503437	1400
0.503437	1400
0.503642	1400
0.503642	1400
0.503642	1400
0.503642	1400
0.503787	1400
0.503787	1400
0.503787	1400
0.503787	1400
0.503787	1400
0.503787	1400
0.503787	1400
0.503787	1400
0.503787	1400
0.503887	1400
0.503887	1400
0.503887	1400
0.503887	1400
0.503887	1400
0.503887	1400
0.503887	1400
0.503887	1400
0.503983	1400
0.503983	1400
0.503983	1400
0.503983	1400
0.503983	1400
0.503983	1400
0.503983	1400
0.503983	1400
0.504054	1400
0.504054	1400
0.504054	1400
0.504162	1400
0.504162	1400
0.504162	1400
0.504254	1400
0.504254	1400
0.504254	1400
0.504358	1400
0.504358	1400
0.504425	1400
0.504425	1400
0.504612	1400
0.505054	1400
0.505054	1400
0.505054	1400
0.505054	1400
0.505054	1400
0.505183	1400
0.505925	1400
0.505925	1400
0.506058	1400
0.506125	1400
0.506125	1400
0.506217	1400
0.506317	1400
0.506421	1400
0.506517	1400
0.506517	1400
0.506746	1400
0.506746	1400
0.506746	1400
0.506746	1400
0.506983	1400
0.506983	1400
0.506983	1400
0.506983	1400
0.507029	1400
0.507029	1400
0.507162	1400
0.507162	1400
0.507162	1400
0.507162	1400
0.507758	1400
0.507758	1400
0.507758	1400
0.507758	1400
0.507758	1400
0.508092	1400
0.508092	1400
0.508092	1400
0.508092	1400
0.508092	1400
0.508092	1400
0.508192	1400
0.508192	1400
0.508192	1400
0.508192	1400
0.508192	1400
0.508479	1400
0.508479	1400
0.508479	1400
0.508479	1400
0.508479	1400
0.508479	1400
0.508479	1400
0.508537	1400
0.508537	1400
0.508537	1400
0.508537	1400
0.508667	1400
0.508667	1400
0.508667	1400
0.508667	1400
0.508667	1400
0.508667	1400
0.508787	1400
0.508787	1400
0.508787	1400
0.508787	1400
0.508787	1400
0.508787	1400
0.508787	1400
0.508787	1400
0.508937	1400
0.508937	1400
0.508937	1400
0.50905	1400
0.50905	1400
0.50905	1400
0.50905	1400
0.50905	1400
0.509133	1400
0.509133	1400
0.509133	1400
0.509233	1400
0.509233	1400
0.509233	1400
0.509375	1400
0.509375	1400
0.509375	1400
0.509375	1400
0.509375	1400
0.509375	1400
0.509375	1400
0.509479	1400
0.509479	1400
0.509479	1400
0.509479	1400
0.509479	1400
0.509479	1400
0.509479	1400
0.509917	1400
0.511187	1400
0.511187	1400
0.511187	1400
0.511187	1400
0.511187	1400
0.511187	1400
0.511187	1400
0.511187	1400
0.511187	1400
0.511187	1400
0.511187	1400
0.511187	1400
0.511187	1400
0.511237	1400
0.511237	1400
0.511237	1400
0.511458	1400
0.511458	1400
0.511458	1400
0.511458	1400
0.511887	1400
0.511887	1400
0.511887	1400
0.511887	1400
0.511887	1400
0.511887	1400
0.511887	1400
0.511887	1400
0.513071	1400
0.513071	1400
0.513071	1400
0.513071	1400
0.513071	1400
0.513071	1400
0.513071	1400
0.513387	1400
0.513387	1400
0.513387	1400
0.513387	1400
0.513387	1400
0.513387	1400
0.513387	1400
0.513387	1400
0.513496	1400
0.513496	1400
0.513496	1400
0.513496	1400
0.513496	1400
0.513496	1400
0.513496	1400
0.513496	1400
0.513496	1400
0.513583	1400
0.513583	1400
0.513583	1400
0.513583	1400
0.513583	1400
0.513583	1400
0.513583	1400
0.513583	1400
0.513692	1400
0.513692	1400
0.513692	1400
0.513692	1400
0.513692	1400
0.513692	1400
0.513692	1400
0.513775	1400
0.513775	1400
0.513775	1400
0.513775	1400
0.513775	1400
0.513775	1400
0.513775	1400
0.513871	1400
0.513871	1400
0.513871	1400
0.513871	1400
0.513871	1400
0.513871	1400
0.513871	1400
0.513987	1400
0.514167	1400
0.514167	1400
0.514167	1400
0.514167	1400
0.514167	1400
0.514167	1400
0.514167	1400
0.514267	1400
0.514267	1400
0.514267	1400
0.514267	1400
0.514267	1400
0.514267	1400
0.514425	1400
0.514854	1400
0.514854	1400
0.514854	1400
0.514854	1400
0.514854	1400
0.515875	1400
0.515875	1400
0.515875	1400
0.515875	1400
0.515875	1400
0.515875	1400
0.515875	1400
0.515992	1400
0.515992	1400
0.515992	1400
0.515992	1400
0.515992	1400
0.516096	1400
0.516096	1400
0.516096	1400
0.516196	1400
0.516271	1400
0.516271	1400
0.516271	1400
0.516271	1400
0.517996	1400
0.517996	1400
0.517996	1400
0.517996	1400
0.517996	1400
0.517996	1400
0.517996	1400
0.517996	1400
0.517996	1400
0.518037	1400
0.518037	1400
0.518037	1400
0.518129	1400
0.518129	1400
0.518129	1400
0.518237	1400
0.518237	1400
0.518237	1400
0.518396	1400
0.518396	1400
0.518396	1400
0.518396	1400
0.518396	1400
0.518396	1400
0.518396	1400
0.518396	1400
0.518396	1400
0.518479	1400
0.518479	1400
0.518479	1400
0.518479	1400
0.518479	1400
0.518479	1400
0.518479	1400
0.518479	1400
0.518587	1400
0.518587	1400
0.518587	1400
0.518587	1400
0.518587	1400
0.518587	1400
0.518587	1400
0.518587	1400
0.518679	1400
0.518679	1400
0.518679	1400
0.518679	1400
0.518679	1400
0.518679	1400
0.518679	1400
0.518679	1400
0.518779	1400
0.518779	1400
0.518779	1400
0.518779	1400
0.518779	1400
0.518779	1400
0.518779	1400
0.518887	1400
0.518887	1400
0.518887	1400
0.518887	1400
0.518887	1400
0.519079	1400
0.519187	1400
0.519187	1400
0.519187	1400
0.519187	1400
0.519187	1400
0.519187	1400
0.519187	1400
0.519187	1400
0.519187	1400
0.519242	1400
0.519242	1400
0.519242	1400
0.519729	1400
0.519729	1400
0.519729	1400
0.519829	1400
0.519829	1400
0.519829	1400
0.520733	1400
0.520733	1400
0.520829	1400
0.520829	1400
0.520829	1400
0.520933	1400
0.520933	1400
0.520933	1400
0.521125	1400
0.521125	1400
0.521229	1400
0.521229	1400
0.521229	1400
0.521333	1400
0.521333	1400
0.521333	1400
0.521425	1400
0.522262	1400
0.522262	1400
0.522262	1400
0.522896	1400
0.522896	1400
0.522896	1400
0.522896	1400
0.522896	1400
0.522896	1400
0.522896	1400
0.522896	1400
0.522896	1400
0.522942	1400
0.522942	1400
0.522942	1400
0.522942	1400
0.523042	1400
0.523042	1400
0.523042	1400
0.52315	1400
0.52315	1400
0.52315	1400
0.52315	1400
0.52315	1400
0.523383	1400
0.523383	1400
0.523383	1400
0.523487	1400
0.523487	1400
0.523487	1400
0.523587	1400
0.523587	1400
0.523587	1400
0.523587	1400
0.523642	1400
0.523642	1400
0.523642	1400
0.523642	1400
0.523746	1400
0.523746	1400
0.523746	1400
0.523746	1400
0.523883	1400
0.523883	1400
0.523883	1400
0.523883	1400
0.523883	1400
0.523883	1400
0.523883	1400
0.523983	1400
0.523983	1400
0.523983	1400
0.523983	1400
0.524083	1400
0.524083	1400
0.524083	1400
0.524083	1400
0.524083	1400
0.524083	1400
0.524083	1400
0.524083	1400
0.524187	1400
0.524187	1400
0.524187	1400
0.524187	1400
0.524187	1400
0.524187	1400
0.524187	1400
0.524187	1400
0.524187	1400
0.524317	1400
0.52465	1400
0.52465	1400
0.52465	1400
0.52465	1400
0.52465	1400
0.524742	1400
0.524742	1400
0.524742	1400
0.524742	1400
0.52485	1400
0.52485	1400
0.52485	1400
0.52485	1400
0.52485	1400
0.525408	1400
0.525671	1400
0.525671	1400
0.525671	1400
0.525671	1400
0.525671	1400
0.525671	1400
0.525796	1400
0.525958	1400
0.525958	1400
0.525958	1400
0.525958	1400
0.52605	1400
0.52605	1400
0.52605	1400
0.52605	1400
0.52605	1400
0.526217	1400
0.527137	1400
0.527137	1400
0.527137	1400
0.527737	1400
0.527737	1400
0.527737	1400
0.527892	1400
0.527892	1400
0.527892	1400
0.527892	1400
0.527892	1400
0.527892	1400
0.527892	1400
0.527892	1400
0.527992	1400
0.527992	1400
0.527992	1400
0.527992	1400
0.527992	1400
0.527992	1400
0.527992	1400
0.527992	1400
0.527992	1400
0.528037	1400
0.528037	1400
0.528037	1400
0.528037	1400
0.528342	1400
0.528342	1400
0.528342	1400
0.528442	1400
0.528442	1400
0.528442	1400
0.528442	1400
0.528571	1400
0.528571	1400
0.528571	1400
0.528571	1400
0.528571	1400
0.528571	1400
0.528571	1400
0.52865	1400
0.52865	1400
0.52865	1400
0.52865	1400
0.52865	1400
0.528837	1400
0.528837	1400
0.528837	1400
0.528967	1400
0.528967	1400
0.528967	1400
0.528967	1400
0.528967	1400
0.528967	1400
0.529087	1400
0.529087	1400
0.529087	1400
0.529087	1400
0.529087	1400
0.529087	1400
0.529087	1400
0.529087	1400
0.529087	1400
0.529171	1400
0.529171	1400
0.529171	1400
0.529171	1400
0.529171	1400
0.529492	1400
0.529492	1400
0.529492	1400
0.529492	1400
0.529492	1400
0.529492	1400
0.529492	1400
0.529492	1400
0.529492	1400
0.529517	1400
0.529642	1400
0.529642	1400
0.529642	1400
0.529642	1400
0.530387	1400
0.530387	1400
0.530387	1400
0.530387	1400
0.530387	1400
0.530387	1400
0.530387	1400
0.530387	1400
0.530417	1400
0.530417	1400
0.530683	1400
0.530683	1400
0.530683	1400
0.530683	1400
0.530962	1400
0.530962	1400
0.530962	1400
0.530962	1400
0.530962	1400
0.530962	1400
0.532037	1400
0.532037	1400
0.532037	1400
0.532696	1400
0.532696	1400
0.532696	1400
0.532696	1400
0.532696	1400
0.532696	1400
0.532696	1400
0.532696	1400
0.532696	1400
0.532762	1400
0.532762	1400
0.532762	1400
0.532762	1400
0.532762	1400
0.532762	1400
0.532892	1400
0.532892	1400
0.532892	1400
0.532892	1400
0.532892	1400
0.532892	1400
0.532892	1400
0.532892	1400
0.532917	1400
0.532917	1400
0.533137	1400
0.533137	1400
0.533137	1400
0.533242	1400
0.533242	1400
0.533242	1400
0.533342	1400
0.533342	1400
0.533342	1400
0.533342	1400
0.533442	1400
0.533442	1400
0.533442	1400
0.533442	1400
0.533533	1400
0.533533	1400
0.533533	1400
0.533671	1400
0.533779	1400
0.533779	1400
0.533779	1400
0.533879	1400
0.533879	1400
0.533879	1400
0.534083	1400
0.534083	1400
0.534083	1400
0.534175	1400
0.534175	1400
0.534175	1400
0.534175	1400
0.534175	1400
0.534279	1400
0.534279	1400
0.534279	1400
0.534279	1400
0.534279	1400
0.534279	1400
0.534279	1400
0.534279	1400
0.534342	1400
0.534342	1400
0.534342	1400
0.534342	1400
0.534437	1400
0.534437	1400
0.534437	1400
0.534542	1400
0.534542	1400
0.534542	1400
0.534542	1400
0.534679	1400
0.534679	1400
0.534679	1400
0.534679	1400
0.535008	1400
0.535283	1400
0.535283	1400
0.535283	1400
0.535283	1400
0.535283	1400
0.535283	1400
0.535283	1400
0.535283	1400
0.535325	1400
0.535887	1400
0.535887	1400
0.535887	1400
0.535887	1400
0.535887	1400
0.535887	1400
0.535887	1400
0.535887	1400
0.535887	1400
0.535921	1400
0.536108	1400
0.536937	1400
0.536937	1400
0.536937	1400
0.537537	1400
0.537537	1400
0.537537	1400
0.537692	1400
0.537692	1400
0.537692	1400
0.537692	1400
0.537692	1400
0.537692	1400
0.537692	1400
0.537692	1400
0.537796	1400
0.537796	1400
0.537796	1400
0.537796	1400
0.537796	1400
0.537796	1400
0.537796	1400
0.537796	1400
0.537796	1400
0.537796	1400
0.537883	1400
0.537883	1400
0.537883	1400
0.537883	1400
0.537883	1400
0.537883	1400
0.537883	1400
0.538071	1400
0.538071	1400
0.538071	1400
0.538071	1400
0.538071	1400
0.538071	1400
0.538071	1400
0.538146	1400
0.538146	1400
0.538146	1400
0.538146	1400
0.538146	1400
0.538237	1400
0.538237	1400
0.538237	1400
0.538417	1400
0.538858	1400
0.538858	1400
0.538979	1400
0.538979	1400
0.538979	1400
0.538979	1400
0.539092	1400
0.539092	1400
0.539092	1400
0.539092	1400
0.539142	1400
0.539142	1400
0.539142	1400
0.539142	1400
0.539242	1400
0.539242	1400
0.539242	1400
0.539242	1400
0.539337	1400
0.539337	1400
0.539337	1400
0.539442	1400
0.539442	1400
0.539442	1400
0.539442	1400
0.539529	1400
0.539529	1400
0.539529	1400
0.539629	1400
0.539629	1400
0.539854	1400
0.539854	1400
0.539854	1400
0.539946	1400
0.540154	1400
0.540154	1400
0.540254	1400
0.540254	1400
0.540254	1400
0.540337	1400
0.540337	1400
0.540442	1400
0.540442	1400
0.540537	1400
0.540537	1400
0.540637	1400
0.540842	1400
0.540842	1400
0.540942	1400
0.541037	1400
0.541154	1400
0.541154	1400
0.541154	1400
0.541258	1400
0.541258	1400
0.541346	1400
0.541346	1400
0.541837	1400
0.541837	1400
0.541837	1400
0.541925	1400
0.542425	1400
0.542546	1400
0.542546	1400
0.542646	1400
0.542646	1400
0.542754	1400
0.542754	1400
0.542971	1400
0.542971	1400
0.543071	1400
0.543071	1400
0.543171	1400
0.543171	1400
0.543271	1400
0.543271	1400
0.543371	1400
0.543371	1400
0.543467	1400
0.543567	1400
0.543667	1400
0.543767	1400
0.543767	1400
0.543967	1400
0.544067	1400
0.544167	1400
0.544254	1400
0.544254	1400
0.544367	1400
0.544367	1400
0.544454	1400
0.544454	1400
0.544554	1400
0.544683	1400
0.544683	1400
0.544683	1400
0.544683	1400
0.544779	1400
0.544779	1400
0.544779	1400
0.544779	1400
0.544942	1400
0.544942	1400
0.544942	1400
0.544942	1400
0.545062	1400
0.545062	1400
0.545062	1400
0.54515	1400
0.54515	1400
0.54515	1400
0.545237	1400
0.545237	1400
0.545237	1400
0.545392	1400
0.545392	1400
0.545392	1400
0.545433	1400
0.545433	1400
0.545433	1400
0.545583	1400
0.545583	1400
0.545583	1400
0.545675	1400
0.545675	1400
0.545675	1400
0.545779	1400
0.545779	1400
0.545779	1400
0.545942	1400
0.545942	1400
0.545942	1400
0.545942	1400
0.546037	1400
0.546037	1400
0.546037	1400
0.546142	1400
0.546142	1400
0.546142	1400
0.546142	1400
0.546229	1400
0.546229	1400
0.546229	1400
0.546342	1400
0.546342	1400
0.546342	1400
0.546442	1400
0.546442	1400
0.546442	1400
0.546442	1400
0.546542	1400
0.546542	1400
0.546542	1400
0.546542	1400
0.546687	1400
0.546687	1400
0.546687	1400
0.546687	1400
0.546687	1400
0.546687	1400
0.546687	1400
0.546687	1400
0.546746	1400
0.546746	1400
0.546746	1400
0.546746	1400
0.546746	1400
0.547237	1400
0.547237	1400
0.547237	1400
0.547437	1400
0.547437	1400
0.547437	1400
0.547571	1400
0.547737	1400
0.547737	1400
0.547737	1400
0.547837	1400
0.547837	1400
0.547837	1400
0.548496	1400
0.548496	1400
0.548496	1400
0.548496	1400
0.548592	1400
0.548592	1400
0.548592	1400
0.548592	1400
0.548592	1400
0.548679	1400
0.548679	1400
0.548717	1400
0.548954	1400
0.548954	1400
0.548954	1400
0.549254	1400
0.549254	1400
0.549254	1400
0.549254	1400
0.549254	1400
0.549596	1400
0.549596	1400
0.549596	1400
0.549596	1400
0.549692	1400
0.549692	1400
0.549692	1400
0.549837	1400
0.549837	1400
0.549837	1400
0.549837	1400
0.549954	1400
0.549954	1400
0.549954	1400
0.549954	1400
0.549954	1400
0.550121	1400
0.550246	1400
0.550246	1400
0.550246	1400
0.550246	1400
0.550342	1400
0.550342	1400
0.550342	1400
0.550342	1400
0.550462	1400
0.550462	1400
0.550462	1400
0.550571	1400
0.550571	1400
0.550571	1400
0.550571	1400
0.550571	1400
0.550571	1400
0.550571	1400
0.550746	1400
0.550746	1400
0.550746	1400
0.550746	1400
0.550746	1400
0.550875	1400
0.550875	1400
0.550875	1400
0.550875	1400
0.550987	1400
0.550987	1400
0.550987	1400
0.551183	1400
0.551183	1400
0.551183	1400
0.551183	1400
0.551267	1400
0.551267	1400
0.551267	1400
0.551267	1400
0.551267	1400
0.551592	1400
0.551592	1400
0.551592	1400
0.551592	1400
0.551592	1400
0.551592	1400
0.551592	1400
0.551692	1400
0.551692	1400
0.551692	1400
0.551692	1400
0.551692	1400
0.551692	1400
0.551692	1400
0.551692	1400
0.551692	1400
0.551721	1400
0.552167	1400
0.552167	1400
0.552167	1400
0.552167	1400
0.552167	1400
0.552167	1400
0.552167	1400
0.552217	1400
0.552437	1400
0.552437	1400
0.552437	1400
0.552546	1400
0.552546	1400
0.552546	1400
0.552546	1400
0.553396	1400
0.553396	1400
0.553396	1400
0.553396	1400
0.553442	1400
0.553442	1400
0.553442	1400
0.553442	1400
0.553533	1400
0.553533	1400
0.553646	1400
0.553646	1400
0.553646	1400
0.553646	1400
0.553646	1400
0.554154	1400
0.554154	1400
0.554154	1400
0.554154	1400
0.554154	1400
0.554537	1400
0.554537	1400
0.554537	1400
0.554642	1400
0.554642	1400
0.554642	1400
0.55475	1400
0.55475	1400
0.55475	1400
0.55475	1400
0.55475	1400
0.55485	1400
0.55485	1400
0.55485	1400
0.55485	1400
0.555183	1400
0.555183	1400
0.555183	1400
0.555183	1400
0.555183	1400
0.555279	1400
0.555279	1400
0.555387	1400
0.555387	1400
0.555387	1400
0.555387	1400
0.555387	1400
0.555446	1400
0.555446	1400
0.555446	1400
0.555446	1400
0.555687	1400
0.555687	1400
0.555687	1400
0.555687	1400
0.555783	1400
0.555783	1400
0.555783	1400
0.555783	1400
0.555783	1400
0.555883	1400
0.555883	1400
0.555883	1400
0.555992	1400
0.555992	1400
0.555992	1400
0.555992	1400
0.556042	1400
0.556042	1400
0.556042	1400
0.556042	1400
0.556142	1400
0.556142	1400
0.556142	1400
0.556142	1400
0.556212	1400
0.556387	1400
0.556387	1400
0.556387	1400
0.556387	1400
0.556387	1400
0.556387	1400
0.556387	1400
0.556387	1400
0.556442	1400
0.556442	1400
0.556442	1400
0.556712	1400
0.557096	1400
0.557096	1400
0.557096	1400
0.557096	1400
0.557096	1400
0.557096	1400
0.557096	1400
0.557096	1400
0.557096	1400
0.557171	1400
0.557171	1400
0.557171	1400
0.557171	1400
0.557171	1400
0.557171	1400
0.557171	1400
0.557354	1400
0.557354	1400
0.557354	1400
0.557354	1400
0.557354	1400
0.55825	1400
0.55825	1400
0.55825	1400
0.55825	1400
0.558358	1400
0.558358	1400
0.558358	1400
0.558358	1400
0.558358	1400
0.558358	1400
0.558454	1400
0.558454	1400
0.558454	1400
0.558454	1400
0.559037	1400
0.559037	1400
0.559037	1400
0.559037	1400
0.559125	1400
0.559125	1400
0.559642	1400
0.559642	1400
0.559642	1400
0.559729	1400
0.559729	1400
0.559729	1400
0.55985	1400
0.55985	1400
0.55985	1400
0.55985	1400
0.55995	1400
0.55995	1400
0.55995	1400
0.55995	1400
0.55995	1400
0.560137	1400
0.560137	1400
0.560137	1400
0.560242	1400
0.560242	1400
0.560242	1400
0.560242	1400
0.560383	1400
0.560383	1400
0.560383	1400
0.560383	1400
0.560475	1400
0.560475	1400
0.560475	1400
0.560583	1400
0.560583	1400
0.560583	1400
0.560583	1400
0.560683	1400
0.560683	1400
0.560787	1400
0.560787	1400
0.560787	1400
0.560829	1400
0.560829	1400
0.560929	1400
0.560929	1400
0.560929	1400
0.561129	1400
0.561129	1400
0.561225	1400
0.561225	1400
0.561225	1400
0.561325	1400
0.561325	1400
0.561421	1400
0.561521	1400
0.561521	1400
0.561621	1400
0.561621	1400
0.561721	1400
0.561821	1400
0.561821	1400
0.561929	1400
0.561929	1400
0.561929	1400
0.562154	1400
0.562154	1400
0.562267	1400
0.562267	1400
0.562379	1400
0.562379	1400
0.562379	1400
0.562437	1400
0.562437	1400
0.562437	1400
0.562533	1400
0.562533	1400
0.562533	1400
0.562629	1400
0.562629	1400
0.562629	1400
0.562729	1400
0.562729	1400
0.562833	1400
0.562833	1400
0.562833	1400
0.562979	1400
0.562979	1400
0.562979	1400
0.563129	1400
0.563129	1400
0.563229	1400
0.563229	1400
0.563229	1400
0.563337	1400
0.563337	1400
0.563337	1400
0.563442	1400
0.563442	1400
0.563442	1400
0.563442	1400
0.563567	1400
0.563567	1400
0.563567	1400
0.563567	1400
0.563567	1400
0.563567	1400
0.563937	1400
0.563937	1400
0.563937	1400
0.563937	1400
0.564596	1400
0.564596	1400
0.564596	1400
0.564596	1400
0.564696	1400
0.564696	1400
0.564696	1400
0.564696	1400
0.564696	1400
0.564796	1400
0.564796	1400
0.564796	1400
0.564796	1400
0.564796	1400
0.564896	1400
0.564896	1400
0.564896	1400
0.564896	1400
0.564958	1400
0.564958	1400
0.564958	1400
0.565154	1400
0.565154	1400
0.565242	1400
0.565242	1400
0.565242	1400
0.565242	1400
0.565383	1400
0.565383	1400
0.565383	1400
0.565383	1400
0.565383	1400
0.565467	1400
0.565467	1400
0.565467	1400
0.565467	1400
0.565517	1400
0.565687	1400
0.565687	1400
0.565687	1400
0.565687	1400
0.565687	1400
0.565687	1400
0.565687	1400
0.565687	1400
0.565825	1400
0.565825	1400
0.565825	1400
0.565925	1400
0.565925	1400
0.566137	1400
0.566137	1400
0.566137	1400
0.566229	1400
0.566229	1400
0.566229	1400
0.566492	1400
0.566521	1400
0.566521	1400
0.566754	1400
0.566754	1400
0.566754	1400
0.566754	1400
0.566754	1400
0.567279	1400
0.567279	1400
0.567279	1400
0.567279	1400
0.567279	1400
0.567279	1400
0.567279	1400
0.567387	1400
0.567387	1400
0.567387	1400
0.567387	1400
0.567387	1400
0.567387	1400
0.567387	1400
0.567387	1400
0.567679	1400
0.567679	1400
0.567679	1400
0.567679	1400
0.567679	1400
0.567679	1400
0.567679	1400
0.567679	1400
0.567767	1400
0.567825	1400
0.567825	1400
0.567825	1400
0.568287	1400
0.568287	1400
0.568287	1400
0.568287	1400
0.568287	1400
0.568287	1400
0.568287	1400
0.568287	1400
0.568321	1400
0.568567	1400
0.568567	1400
0.568567	1400
0.568567	1400
0.568567	1400
0.568567	1400
0.568567	1400
0.568787	1400
0.568787	1400
0.568787	1400
0.568787	1400
0.569496	1400
0.56955	1400
0.56955	1400
0.56955	1400
0.56955	1400
0.56965	1400
0.56965	1400
0.56965	1400
0.56965	1400
0.56965	1400
0.569742	1400
0.569742	1400
0.569742	1400
0.569742	1400
0.569833	1400
0.569833	1400
0.569833	1400
0.569929	1400
0.569929	1400
0.570042	1400
0.570042	1400
0.570042	1400
0.570042	1400
0.570137	1400
0.570137	1400
0.570137	1400
0.570379	1400
0.570379	1400
0.570379	1400
0.570379	1400
0.570379	1400
0.570379	1400
0.570379	1400
0.570379	1400
0.570487	1400
0.570487	1400
0.570487	1400
0.570487	1400
0.570487	1400
0.570487	1400
0.570487	1400
0.570487	1400
0.570558	1400
0.570558	1400
0.570558	1400
0.570558	1400
0.570558	1400
0.570558	1400
0.570625	1400
0.570625	1400
0.570837	1400
0.570837	1400
0.570837	1400
0.571146	1400
0.571146	1400
0.571146	1400
0.571146	1400
0.571362	1400
0.571362	1400
0.571467	1400
0.571467	1400
0.571525	1400
0.571525	1400
0.571525	1400
0.572196	1400
0.572196	1400
0.572196	1400
0.572196	1400
0.572196	1400
0.572196	1400
0.572196	1400
0.572196	1400
0.572196	1400
0.572262	1400
0.572262	1400
0.572262	1400
0.572262	1400
0.572262	1400
0.572262	1400
0.572587	1400
0.572587	1400
0.572587	1400
0.572587	1400
0.572587	1400
0.572587	1400
0.572587	1400
0.572587	1400
0.57265	1400
0.57265	1400
0.57265	1400
0.57265	1400
0.573296	1400
0.573296	1400
0.573296	1400
0.573296	1400
0.573296	1400
0.573296	1400
0.573296	1400
0.573296	1400
0.573296	1400
0.573296	1400
0.573392	1400
0.573392	1400
0.573492	1400
0.573492	1400
0.573492	1400
0.573492	1400
0.573492	1400
0.573492	1400
0.573492	1400
0.573492	1400
0.574108	1400
0.574392	1400
0.574392	1400
0.574392	1400
0.574392	1400
0.57445	1400
0.57445	1400
0.57445	1400
0.57445	1400
0.574537	1400
0.574537	1400
0.574537	1400
0.574537	1400
0.574633	1400
0.574633	1400
0.574633	1400
0.574792	1400
0.574792	1400
0.574792	1400
0.574829	1400
0.574829	1400
0.574929	1400
0.574929	1400
0.574929	1400
0.575029	1400
0.575029	1400
0.57525	1400
0.57525	1400
0.57525	1400
0.57525	1400
0.57525	1400
0.575383	1400
0.575383	1400
0.575383	1400
0.575383	1400
0.575383	1400
0.575383	1400
0.575383	1400
0.575771	1400
0.575771	1400
0.575771	1400
0.575771	1400
0.575771	1400
0.575771	1400
0.575771	1400
0.575887	1400
0.575887	1400
0.575887	1400
0.575887	1400
0.575887	1400
0.575887	1400
0.575887	1400
0.575887	1400
0.576067	1400
0.576067	1400
0.576067	1400
0.576067	1400
0.576067	1400
0.576067	1400
0.576067	1400
0.57625	1400
0.57625	1400
0.57625	1400
0.57625	1400
0.576308	1400
0.577096	1400
0.577096	1400
0.577096	1400
0.577096	1400
0.577096	1400
0.577096	1400
0.577187	1400
0.577187	1400
0.577187	1400
0.577187	1400
0.577187	1400
0.577187	1400
0.577187	1400
0.577187	1400
0.577487	1400
0.577487	1400
0.577487	1400
0.577487	1400
0.577487	1400
0.577487	1400
0.577487	1400
0.577487	1400
0.577487	1400
0.57755	1400
0.57755	1400
0.57755	1400
0.57755	1400
0.578192	1400
0.578192	1400
0.578192	1400
0.578192	1400
0.578192	1400
0.578192	1400
0.578192	1400
0.578192	1400
0.578192	1400
0.57825	1400
0.57825	1400
0.57825	1400
0.57825	1400
0.57825	1400
0.578396	1400
0.578396	1400
0.578396	1400
0.578396	1400
0.578396	1400
0.579054	1400
0.579054	1400
0.579054	1400
0.579054	1400
0.579054	1400
0.57915	1400
0.57915	1400
0.579242	1400
0.579242	1400
0.579242	1400
0.579337	1400
0.579337	1400
0.579337	1400
0.579337	1400
0.579579	1400
0.579579	1400
0.579692	1400
0.579692	1400
0.579692	1400
0.579779	1400
0.579779	1400
0.579779	1400
0.579879	1400
0.579879	1400
0.579979	1400
0.579979	1400
0.579979	1400
0.580071	1400
0.580071	1400
0.580071	1400
0.580179	1400
0.580179	1400
0.580179	1400
0.580179	1400
0.580262	1400
0.580262	1400
0.580262	1400
0.580262	1400
0.580262	1400
0.580592	1400
0.580592	1400
0.580592	1400
0.580592	1400
0.580592	1400
0.580633	1400
0.580633	1400
0.580633	1400
0.580787	1400
0.580787	1400
0.580787	1400
0.580787	1400
0.580892	1400
0.580892	1400
0.580892	1400
0.580892	1400
0.580892	1400
0.580983	1400
0.580983	1400
0.580983	1400
0.580983	1400
0.581087	1400
0.581087	1400
0.581087	1400
0.581162	1400
0.581162	1400
0.581162	1400
0.581621	1400
0.581996	1400
0.581996	1400
0.582046	1400
0.582046	1400
0.582129	1400
0.582237	1400
0.582237	1400
0.582337	1400
0.582437	1400
0.582437	1400
0.582537	1400
0.582537	1400
0.582729	1400
0.582837	1400
0.582837	1400
0.582937	1400
0.583033	1400
0.583033	1400
0.583125	1400
0.583125	1400
0.583233	1400
0.583233	1400
0.583333	1400
0.583437	1400
0.583437	1400
0.583537	1400
0.583537	1400
0.583737	1400
0.583837	1400
0.583837	1400
0.583937	1400
0.584054	1400
0.584054	1400
0.584217	1400
0.584217	1400
0.584317	1400
0.584417	1400
0.584542	1400
0.584737	1400
0.584737	1400
0.584842	1400
0.584942	1400
0.584942	1400
0.585042	1400
0.585142	1400
0.585242	1400
0.585354	1400
0.585354	1400
0.585442	1400
0.585542	1400
0.585542	1400
0.585737	1400
0.585837	1400
0.585837	1400
0.585954	1400
0.585954	1400
0.586067	1400
0.586067	1400
0.586142	1400
