Rx 0.0219286 1 1 1 8 4714285
Rx 0.0229286 1 2 1 8 4714285
Rx 0.0239286 1 3 1 8 4714285
Rx 0.0239286 1 1 1 8 0
Rx 0.0249286 1 2 1 8 0
Rx 0.0249286 1 4 1 8 4714285
Rx 0.0259286 1 3 1 8 0
Rx 0.0259286 1 5 1 8 4714285
Rx 0.0259286 1 1 1 8 0
Rx 0.0269286 1 6 1 8 4714285
Rx 0.0269286 1 2 1 8 0
Rx 0.0269286 1 4 1 8 0
Rx 0.0279286 1 3 1 8 0
Rx 0.0279286 1 5 1 8 0
Rx 0.0279286 1 1 1 8 0
Rx 0.0289286 1 6 1 8 0
Rx 0.0289286 1 2 1 8 0
Rx 0.0289286 1 4 1 8 0
Rx 0.0292083 2 1 1 8 204160
Rx 0.0292125 2 2 1 8 208320
Rx 0.0292166 2 3 1 8 212480
Rx 0.0299286 1 3 1 8 0
Rx 0.0299286 1 5 1 8 0
Rx 0.0309286 1 6 1 8 0
Rx 0.0309286 1 4 1 8 0
Rx 0.0319286 1 5 1 8 0
Rx 0.0329286 1 6 1 8 0
Rx 0.0342083 2 4 1 8 204160
Rx 0.0342125 2 5 1 8 208320
Rx 0.0342166 2 6 1 8 212480
Rx 0.0409286 1 2 1 11 4714285
Rx 0.0409286 1 3 1 11 4714285
Rx 0.0409286 1 1 1 11 4714285
Rx 0.0429286 1 2 1 11 0
Rx 0.0429286 1 3 1 11 0
Rx 0.0429286 1 1 1 11 0
Rx 0.0449286 1 2 1 11 0
Rx 0.0449286 1 3 1 11 0
Rx 0.0449286 1 1 1 2 0
Rx 0.0449286 1 1 1 7 4714285
Rx 0.0459286 1 6 1 11 4714285
Rx 0.0459286 1 5 1 11 4714285
Rx 0.0459286 1 4 1 11 4714285
Rx 0.0469286 1 2 1 2 0
Rx 0.0469286 1 2 1 7 4714285
Rx 0.0469286 1 3 1 2 0
Rx 0.0469286 1 3 1 7 4714285
Rx 0.0469286 1 1 1 11 0
Rx 0.0469286 1 1 1 11 0
Rx 0.0479286 1 6 1 11 0
Rx 0.0479286 1 5 1 11 0
Rx 0.0479286 1 4 1 2 0
Rx 0.0479286 1 4 1 7 4714285
Rx 0.0499286 1 6 1 2 0
Rx 0.0499286 1 6 1 7 4714285
Rx 0.0499286 1 5 1 2 0
Rx 0.0499286 1 5 1 7 4714285
Rx 0.0499286 1 4 1 11 0
Rx 0.0499286 1 4 1 11 0
Rx 0.0519286 1 6 1 11 0
Rx 0.0519286 1 6 1 11 0
Rx 0.0519286 1 5 1 11 0
Rx 0.0519286 1 5 1 11 0
Rx 0.0519286 1 4 1 7 0
Rx 0.0519286 1 4 1 7 0
Rx 0.0519286 1 1 1 7 0
Rx 0.0519286 1 1 1 7 0
Rx 0.0529286 1 2 1 7 0
Rx 0.0529286 1 2 1 7 0
Rx 0.0539286 1 3 1 7 0
Rx 0.0539286 1 3 1 7 0
Rx 0.0549286 1 4 1 7 0
Rx 0.0549286 1 4 1 7 0
Rx 0.0559286 1 5 1 7 0
Rx 0.0559286 1 5 1 7 0
Rx 0.0559286 1 1 1 7 0
Rx 0.0559286 1 1 1 7 0
Rx 0.0569286 1 6 1 7 0
Rx 0.0569286 1 6 1 7 0
Rx 0.0569286 1 2 1 7 0
Rx 0.0569286 1 2 1 7 0
Rx 0.0569286 1 3 1 7 0
Rx 0.0569286 1 3 1 7 0
Rx 0.0589286 1 4 1 7 0
Rx 0.0589286 1 4 1 7 0
Rx 0.0599286 1 5 1 7 0
Rx 0.0599286 1 5 1 7 0
Rx 0.0609286 1 6 1 7 0
Rx 0.0609286 1 6 1 7 0
Rx 0.0819286 1 1 1 2 0
Rx 0.0819286 1 1 1 2 0
Rx 0.0819286 1 1 1 7 4714285
Rx 0.0819286 1 1 1 7 4714285
Rx 0.0839286 1 1 1 7 0
Rx 0.0839286 1 1 1 7 0
Rx 0.0849286 1 4 1 2 0
Rx 0.0849286 1 4 1 2 0
Rx 0.0849286 1 4 1 7 4714285
Rx 0.0849286 1 4 1 7 4714285
Rx 0.0859286 1 5 1 2 0
Rx 0.0859286 1 5 1 2 0
Rx 0.0859286 1 5 1 7 4714285
Rx 0.0859286 1 5 1 7 4714285
Rx 0.0859286 1 1 1 7 0
Rx 0.0859286 1 1 1 7 0
Rx 0.0869286 1 6 1 2 0
Rx 0.0869286 1 6 1 2 0
Rx 0.0869286 1 6 1 7 4714285
Rx 0.0869286 1 6 1 7 4714285
Rx 0.0869286 1 4 1 7 0
Rx 0.0869286 1 4 1 7 0
Rx 0.0879286 1 2 1 2 0
Rx 0.0879286 1 2 1 2 0
Rx 0.0879286 1 2 1 7 4714285
Rx 0.0879286 1 2 1 7 4714285
Rx 0.0879286 1 5 1 7 0
Rx 0.0879286 1 5 1 7 0
Rx 0.0879286 1 1 1 2 0
Rx 0.0879286 1 1 1 2 0
Rx 0.0879286 1 1 1 7 0
Rx 0.0879286 1 1 1 7 0
Rx 0.0889286 1 6 1 7 0
Rx 0.0889286 1 6 1 7 0
Rx 0.0889286 1 4 1 7 0
Rx 0.0889286 1 4 1 7 0
Rx 0.0899286 1 3 1 2 0
Rx 0.0899286 1 3 1 2 0
Rx 0.0899286 1 3 1 7 4714285
Rx 0.0899286 1 3 1 7 4714285
Rx 0.0899286 1 5 1 7 0
Rx 0.0899286 1 5 1 7 0
Rx 0.0909286 1 6 1 7 0
Rx 0.0909286 1 6 1 7 0
Rx 0.0909286 1 2 1 7 0
Rx 0.0909286 1 2 1 7 0
Rx 0.0909286 1 4 1 2 0
Rx 0.0909286 1 4 1 2 0
Rx 0.0909286 1 4 1 7 0
Rx 0.0909286 1 4 1 7 0
Rx 0.0919286 1 3 1 7 0
Rx 0.0919286 1 3 1 7 0
Rx 0.0919286 1 5 1 2 0
Rx 0.0919286 1 5 1 2 0
Rx 0.0919286 1 5 1 7 0
Rx 0.0919286 1 5 1 7 0
Rx 0.0929286 1 6 1 2 0
Rx 0.0929286 1 6 1 2 0
Rx 0.0929286 1 6 1 7 0
Rx 0.0929286 1 6 1 7 0
Rx 0.0929286 1 2 1 7 0
Rx 0.0929286 1 2 1 7 0
Rx 0.0939286 1 3 1 7 0
Rx 0.0939286 1 3 1 7 0
Rx 0.0949286 1 2 1 2 0
Rx 0.0949286 1 2 1 2 0
Rx 0.0949286 1 2 1 7 0
Rx 0.0949286 1 2 1 7 0
Rx 0.0959286 1 3 1 2 0
Rx 0.0959286 1 3 1 2 0
Rx 0.0959286 1 3 1 7 0
Rx 0.0959286 1 3 1 7 0
Rx 0.0979286 1 2 1 7 0
Rx 0.0979286 1 2 1 7 0
Rx 0.102912 2 4 3 2 0
Rx 0.102912 2 4 3 62 208320
Rx 0.107808 2 4 3 2 0
Rx 0.107808 2 4 3 58 204160
Rx 0.112708 2 4 3 2 0
Rx 0.112708 2 4 3 114 204160
Rx 0.117608 2 4 3 2 0
Rx 0.117608 2 4 3 225 204160
Rx 0.122508 2 4 3 2 0
Rx 0.122508 2 4 3 391 204160
Rx 0.122917 2 2 3 2 0
Rx 0.122917 2 2 3 62 212480
Rx 0.123408 2 4 3 58 204160
Rx 0.125408 2 4 3 2 0
Rx 0.127408 2 4 3 2 0
Rx 0.127408 2 4 3 724 204160
Rx 0.128208 2 2 3 2 0
Rx 0.128208 2 2 3 58 204160
Rx 0.128308 2 4 3 169 204160
Rx 0.130308 2 4 3 2 0
Rx 0.130912 2 1 3 2 0
Rx 0.130912 2 1 3 62 208320
Rx 0.132308 2 4 3 2 0
Rx 0.132308 2 4 3 613 204160
Rx 0.133108 2 2 3 2 0
Rx 0.133108 2 2 3 114 204160
Rx 0.133208 2 4 3 225 204160
Rx 0.135208 2 4 3 2 0
Rx 0.137208 2 4 3 2 0
Rx 0.137208 2 4 3 613 204160
Rx 0.138108 2 4 3 280 204160
Rx 0.138708 2 2 3 2 0
Rx 0.138708 2 2 3 225 504160
Rx 0.140108 2 4 3 2 0
Rx 0.142108 2 4 3 2 0
Rx 0.142108 2 4 3 613 204160
Rx 0.142912 2 6 3 2 0
Rx 0.142912 2 6 3 62 208320
Rx 0.143008 2 4 3 391 204160
Rx 0.143608 2 2 3 2 0
Rx 0.143608 2 2 3 391 204160
Rx 0.144529 2 2 3 58 224960
Rx 0.145008 2 4 3 2 0
Rx 0.146546 2 2 3 2 0
Rx 0.147008 2 4 3 2 0
Rx 0.147008 2 4 3 558 204160
Rx 0.147808 2 6 3 2 0
Rx 0.147808 2 6 3 58 204160
Rx 0.147908 2 4 3 447 204160
Rx 0.148608 2 2 3 2 0
Rx 0.148933 2 2 3 724 229120
Rx 0.149412 2 2 3 169 208320
Rx 0.149908 2 4 3 2 0
Rx 0.149908 2 4 3 58 204160
Rx 0.150996 2 5 3 2 0
Rx 0.150996 2 5 3 62 291520
Rx 0.151446 2 2 3 2 0
Rx 0.151908 2 4 3 2 0
Rx 0.151908 2 4 3 502 204160
Rx 0.152708 2 6 3 2 0
Rx 0.152708 2 6 3 114 204160
Rx 0.152808 2 4 3 502 204160
Rx 0.153708 2 4 3 2 0
Rx 0.153708 2 4 3 58 204160
Rx 0.153858 2 2 3 2 0
Rx 0.153858 2 2 3 688 254080
Rx 0.153912 2 2 3 706 208320
Rx 0.154312 2 2 3 391 208320
Rx 0.154808 2 4 3 2 0
Rx 0.156342 2 2 3 2 0
Rx 0.156808 2 4 3 2 0
Rx 0.156808 2 4 3 502 204160
Rx 0.157608 2 6 3 2 0
Rx 0.157608 2 6 3 225 204160
Rx 0.157708 2 4 3 558 204160
Rx 0.158679 2 4 3 2 0
Rx 0.158679 2 4 3 114 274880
Rx 0.159108 2 2 3 2 0
Rx 0.159108 2 2 3 760 204160
Rx 0.159212 2 2 3 801 208320
Rx 0.160008 2 2 3 58 204160
Rx 0.161708 2 4 3 2 0
Rx 0.161708 2 4 3 447 204160
Rx 0.162308 2 2 3 2 0
Rx 0.162508 2 6 3 2 0
Rx 0.162508 2 6 3 391 204160
Rx 0.162608 2 4 3 613 204160
Rx 0.163408 2 6 3 58 204160
Rx 0.163596 2 4 3 2 0
Rx 0.163596 2 4 3 169 291520
Rx 0.164012 2 2 3 2 0
Rx 0.164012 2 2 3 760 208320
Rx 0.164112 2 2 3 801 208320
Rx 0.164912 2 2 3 114 208320
Rx 0.165408 2 6 3 2 0
Rx 0.166608 2 4 3 2 0
Rx 0.166608 2 4 3 391 204160
Rx 0.166996 2 2 3 2 0
Rx 0.167408 2 6 3 2 0
Rx 0.167408 2 6 3 724 204160
Rx 0.167512 2 4 3 669 208320
Rx 0.168308 2 6 3 169 204160
Rx 0.168496 2 4 3 2 0
Rx 0.168496 2 4 3 225 291520
Rx 0.168908 2 2 3 2 0
Rx 0.168908 2 2 3 760 204160
Rx 0.169012 2 2 3 801 208320
Rx 0.169825 2 2 3 225 220800
Rx 0.170308 2 6 3 2 0
Rx 0.170912 2 3 3 2 0
Rx 0.170912 2 3 3 62 208320
Rx 0.171508 2 4 3 2 0
Rx 0.171508 2 4 3 391 204160
Rx 0.171892 2 1 3 2 0
Rx 0.171892 2 1 3 41 287360
Rx 0.171896 2 2 3 2 0
Rx 0.171971 2 1 3 21 266560
Rx 0.172308 2 6 3 2 0
Rx 0.172308 2 6 3 613 204160
Rx 0.172412 2 4 3 669 208320
Rx 0.173208 2 6 3 225 204160
Rx 0.173396 2 4 3 2 0
Rx 0.173396 2 4 3 225 291520
Rx 0.173908 2 2 3 2 0
Rx 0.174008 2 2 3 764 204160
Rx 0.174267 2 2 3 742 262400
Rx 0.174271 2 1 3 21 0
Rx 0.174733 2 2 3 336 229120
Rx 0.175208 2 6 3 2 0
Rx 0.175408 2 4 3 2 0
Rx 0.175408 2 4 3 58 204160
Rx 0.176796 2 2 3 2 0
Rx 0.177208 2 6 3 2 0
Rx 0.177208 2 6 3 613 204160
Rx 0.177312 2 4 3 2 0
Rx 0.177312 2 4 3 1057 208320
Rx 0.178108 2 6 3 280 204160
Rx 0.178208 2 4 3 280 204160
Rx 0.178908 2 2 3 2 0
Rx 0.178908 2 2 3 760 204160
Rx 0.179008 2 2 3 690 204160
Rx 0.179642 2 2 3 447 237440
Rx 0.180108 2 6 3 2 0
Rx 0.180308 2 4 3 2 0
Rx 0.180308 2 4 3 58 204160
Rx 0.181808 2 2 3 2 0
Rx 0.182108 2 6 3 2 0
Rx 0.182108 2 6 3 613 204160
Rx 0.182212 2 4 3 2 0
Rx 0.182212 2 4 3 1057 208320
Rx 0.183008 2 6 3 391 204160
Rx 0.183108 2 4 3 336 204160
Rx 0.184079 2 2 3 2 0
Rx 0.184079 2 2 3 613 274880
Rx 0.184208 2 2 3 764 204160
Rx 0.184312 2 2 3 520 208320
Rx 0.184808 2 2 3 58 204160
Rx 0.185008 2 6 3 2 0
Rx 0.185108 2 4 3 2 0
Rx 0.185108 2 4 3 58 204160
Rx 0.186908 2 2 3 2 0
Rx 0.187008 2 6 3 2 0
Rx 0.187008 2 6 3 558 204160
Rx 0.187112 2 4 3 2 0
Rx 0.187112 2 4 3 1057 208320
Rx 0.187908 2 6 3 447 204160
Rx 0.188008 2 4 3 391 204160
Rx 0.188908 2 2 3 2 0
Rx 0.188908 2 2 3 760 204160
Rx 0.189112 2 2 3 1134 208320
Rx 0.189708 2 2 3 114 204160
Rx 0.189908 2 6 3 2 0
Rx 0.189908 2 6 3 58 204160
Rx 0.190008 2 4 3 2 0
Rx 0.190008 2 4 3 58 204160
Rx 0.191708 2 2 3 2 0
Rx 0.191808 2 5 3 2 0
Rx 0.191808 2 5 3 41 204160
Rx 0.191908 2 5 3 21 204160
Rx 0.191912 2 6 3 2 0
Rx 0.191912 2 6 3 502 208320
Rx 0.192021 2 4 3 2 0
Rx 0.192021 2 4 3 1057 216640
Rx 0.192808 2 6 3 502 204160
Rx 0.192908 2 4 3 391 204160
Rx 0.193708 2 6 3 2 0
Rx 0.193708 2 6 3 58 204160
Rx 0.193808 2 2 3 2 0
Rx 0.193808 2 2 3 760 204160
Rx 0.193812 2 4 3 2 0
Rx 0.193812 2 4 3 58 208320
Rx 0.193908 2 2 3 764 204160
Rx 0.194012 2 2 3 374 208320
Rx 0.194212 2 5 3 21 0
Rx 0.194612 2 2 3 169 208320
Rx 0.194808 2 6 3 2 0
Rx 0.194908 2 4 3 2 0
Rx 0.196608 2 2 3 2 0
Rx 0.196808 2 6 3 2 0
Rx 0.196808 2 6 3 502 204160
Rx 0.196908 2 4 3 2 0
Rx 0.196908 2 4 3 1113 204160
Rx 0.197708 2 6 3 558 204160
Rx 0.197808 2 4 3 391 204160
Rx 0.198608 2 6 3 2 0
Rx 0.198608 2 6 3 114 204160
Rx 0.198708 2 2 3 2 0
Rx 0.198708 2 2 3 760 204160
Rx 0.198712 2 4 3 2 0
Rx 0.198712 2 4 3 114 208320
Rx 0.198812 2 2 3 1134 208320
Rx 0.199508 2 2 3 225 204160
Rx 0.201508 2 2 3 2 0
Rx 0.201708 2 6 3 2 0
Rx 0.201708 2 6 3 447 204160
Rx 0.201808 2 4 3 2 0
Rx 0.201808 2 4 3 1113 204160
Rx 0.202608 2 6 3 613 204160
Rx 0.202708 2 4 3 391 204160
Rx 0.203608 2 2 3 2 0
Rx 0.203608 2 2 3 760 204160
Rx 0.203612 2 4 3 2 0
Rx 0.203612 2 4 3 169 208320
Rx 0.203712 2 2 3 1134 208320
Rx 0.203942 2 6 3 2 0
Rx 0.203942 2 6 3 169 237440
Rx 0.204408 2 2 3 280 204160
Rx 0.206408 2 2 3 2 0
Rx 0.206608 2 6 3 2 0
Rx 0.206608 2 6 3 391 204160
Rx 0.206708 2 4 3 2 0
Rx 0.206708 2 4 3 1113 204160
Rx 0.207508 2 6 3 669 204160
Rx 0.207608 2 4 3 391 204160
Rx 0.208512 2 4 3 2 0
Rx 0.208512 2 4 3 225 208320
Rx 0.208846 2 2 3 2 0
Rx 0.208846 2 2 3 818 541600
Rx 0.208858 2 6 3 2 0
Rx 0.208858 2 6 3 225 254080
Rx 0.208917 2 2 3 1076 512480
Rx 0.209708 2 2 3 2 0
Rx 0.211183 2 6 3 225 0
Rx 0.211442 2 6 3 2 0
Rx 0.211442 2 6 3 391 237440
Rx 0.211608 2 4 3 2 0
Rx 0.211608 2 4 3 1113 204160
Rx 0.211708 2 2 3 336 204160
Rx 0.211808 2 3 3 2 0
Rx 0.211808 2 3 3 41 204160
Rx 0.211996 2 3 3 21 291520
Rx 0.212496 2 6 3 2 0
Rx 0.212571 2 4 3 391 266560
Rx 0.212808 2 1 3 2 0
Rx 0.212808 2 1 3 41 204160
Rx 0.212929 2 1 3 77 224960
Rx 0.213496 2 4 3 2 0
Rx 0.213496 2 4 3 280 291520
Rx 0.213708 2 2 3 2 0
Rx 0.213708 2 2 3 818 204160
Rx 0.213817 2 2 3 1076 212480
Rx 0.214012 2 6 3 2 0
Rx 0.214012 2 6 3 891 508320
Rx 0.214208 2 3 3 21 0
Rx 0.214612 2 2 3 58 208320
Rx 0.214908 2 6 3 2 0
Rx 0.215208 2 1 3 77 0
Rx 0.216308 2 6 3 2 0
Rx 0.216308 2 6 3 447 204160
Rx 0.216508 2 4 3 2 0
Rx 0.216508 2 4 3 1113 204160
Rx 0.216933 2 2 3 2 0
Rx 0.216933 2 2 3 336 529120
Rx 0.217408 2 4 3 391 204160
Rx 0.218396 2 4 3 2 0
Rx 0.218396 2 4 3 225 291520
Rx 0.218608 2 2 3 2 0
Rx 0.218608 2 2 3 760 204160
Rx 0.218712 2 2 3 1134 208320
Rx 0.218908 2 6 3 2 0
Rx 0.218908 2 6 3 688 204160
Rx 0.219021 2 6 3 207 216640
Rx 0.219508 2 2 3 114 204160
Rx 0.219808 2 6 3 58 204160
Rx 0.220412 2 4 3 2 0
Rx 0.220412 2 4 3 114 208320
Rx 0.221208 2 6 3 2 0
Rx 0.221208 2 6 3 391 204160
Rx 0.221896 2 2 3 2 0
Rx 0.221917 2 2 3 336 212480
Rx 0.222108 2 6 3 58 204160
Rx 0.222312 2 4 3 2 0
Rx 0.222312 2 4 3 1501 208320
Rx 0.223296 2 4 3 280 291520
Rx 0.223508 2 2 3 2 0
Rx 0.223508 2 2 3 760 204160
Rx 0.223612 2 2 3 1134 208320
Rx 0.224221 2 6 3 2 0
Rx 0.224221 2 6 3 760 216640
Rx 0.224312 2 6 3 191 208320
Rx 0.224408 2 2 3 169 204160
Rx 0.224708 2 6 3 58 204160
Rx 0.225308 2 4 3 2 0
Rx 0.225308 2 4 3 114 204160
Rx 0.226458 2 2 3 2 0
Rx 0.226908 2 2 3 336 204160
Rx 0.227008 2 6 3 2 0
Rx 0.227008 2 6 3 447 204160
Rx 0.227208 2 4 3 2 0
Rx 0.227208 2 4 3 1501 204160
Rx 0.228196 2 4 3 225 291520
Rx 0.228771 2 2 3 2 0
Rx 0.228771 2 2 3 818 566560
Rx 0.228837 2 2 3 1076 533280
Rx 0.229121 2 6 3 2 0
Rx 0.229121 2 6 3 760 216640
Rx 0.229212 2 6 3 191 208320
Rx 0.229308 2 2 3 225 204160
Rx 0.229617 2 6 3 114 212480
Rx 0.230108 2 4 3 2 0
Rx 0.230108 2 4 3 225 204160
Rx 0.231333 2 2 3 2 0
Rx 0.231696 2 6 3 2 0
Rx 0.231908 2 2 3 336 204160
Rx 0.231912 2 6 3 391 208320
Rx 0.232108 2 4 3 2 0
Rx 0.232108 2 4 3 1501 204160
Rx 0.232808 2 5 3 2 0
Rx 0.232808 2 5 3 41 204160
Rx 0.232812 2 6 3 2 0
Rx 0.232912 2 5 3 77 208320
Rx 0.233021 2 4 3 225 216640
Rx 0.233908 2 2 3 2 0
Rx 0.233908 2 2 3 857 504160
Rx 0.234029 2 2 3 1037 524960
Rx 0.234033 2 6 3 2 0
Rx 0.234033 2 6 3 760 229120
Rx 0.234125 2 6 3 302 220800
Rx 0.234208 2 2 3 280 204160
Rx 0.234529 2 6 3 114 224960
Rx 0.235008 2 4 3 2 0
Rx 0.235008 2 4 3 336 204160
Rx 0.235208 2 5 3 77 0
Rx 0.236208 2 2 3 2 0
Rx 0.236596 2 6 3 2 0
Rx 0.236808 2 2 3 336 204160
Rx 0.236812 2 6 3 336 208320
Rx 0.237008 2 4 3 2 0
Rx 0.237008 2 4 3 1446 204160
Rx 0.237708 2 6 3 2 0
Rx 0.237908 2 4 3 280 204160
Rx 0.238829 2 2 3 2 0
Rx 0.238829 2 2 3 857 224960
Rx 0.238925 2 2 3 704 220800
Rx 0.238929 2 6 3 2 0
Rx 0.238929 2 6 3 760 224960
Rx 0.239017 2 2 3 502 212480
Rx 0.239021 2 6 3 357 216640
Rx 0.239117 2 2 3 114 212480
Rx 0.239217 2 6 3 114 212480
Rx 0.239317 2 6 3 58 212480
Rx 0.239608 2 2 3 58 204160
Rx 0.239908 2 4 3 2 0
Rx 0.239908 2 4 3 391 204160
Rx 0.241508 2 6 3 2 0
Rx 0.241908 2 4 3 2 0
Rx 0.241908 2 4 3 1390 204160
Rx 0.242008 2 2 3 2 0
Rx 0.242008 2 2 3 336 504160
Rx 0.242808 2 4 3 336 204160
Rx 0.243792 2 2 3 2 0
Rx 0.243792 2 2 3 760 287360
Rx 0.243796 2 6 3 2 0
Rx 0.243796 2 6 3 760 291520
Rx 0.243817 2 6 3 524 212480
Rx 0.243821 2 2 3 524 216640
Rx 0.243917 2 6 3 336 212480
Rx 0.243925 2 2 3 336 220800
Rx 0.244017 2 6 3 58 212480
Rx 0.244021 2 2 3 502 216640
Rx 0.244212 2 2 3 58 208320
Rx 0.244337 2 2 3 114 233280
Rx 0.244808 2 4 3 2 0
Rx 0.244808 2 4 3 391 204160
Rx 0.246208 2 6 3 2 0
Rx 0.246808 2 2 3 2 0
Rx 0.246812 2 4 3 2 0
Rx 0.246812 2 4 3 1390 208320
Rx 0.247708 2 4 3 391 204160
Rx 0.248696 2 2 3 2 0
Rx 0.248696 2 2 3 760 291520
Rx 0.248792 2 2 3 801 287360
Rx 0.248796 2 6 3 2 0
Rx 0.248796 2 6 3 760 291520
Rx 0.248812 2 6 3 524 208320
Rx 0.248821 2 2 3 336 216640
Rx 0.248912 2 6 3 336 208320
Rx 0.248917 2 2 3 280 212480
Rx 0.249012 2 2 3 447 208320
Rx 0.249017 2 6 3 58 212480
Rx 0.249508 2 6 3 58 204160
Rx 0.249512 2 2 3 58 208320
Rx 0.249708 2 4 3 2 0
Rx 0.249708 2 4 3 391 204160
Rx 0.250608 2 4 3 58 204160
Rx 0.251508 2 2 3 2 0
Rx 0.251608 2 6 3 2 0
Rx 0.251708 2 4 3 2 0
Rx 0.251708 2 4 3 1335 204160
Rx 0.252608 2 4 3 391 204160
Rx 0.252808 2 3 3 2 0
Rx 0.252808 2 3 3 41 204160
Rx 0.252912 2 3 3 77 208320
Rx 0.253592 2 4 3 2 0
Rx 0.253592 2 4 3 58 287360
Rx 0.253792 2 6 3 2 0
Rx 0.253792 2 6 3 760 287360
Rx 0.253858 2 2 3 2 0
Rx 0.253858 2 2 3 857 554080
Rx 0.253867 2 6 3 246 262400
Rx 0.253871 2 1 3 2 0
Rx 0.253929 2 2 3 593 524960
Rx 0.253933 2 1 3 45 229120
Rx 0.254012 2 2 3 225 508320
Rx 0.254021 2 6 3 558 216640
Rx 0.254025 2 1 3 45 220800
Rx 0.254179 2 1 3 143 274880
Rx 0.254233 2 6 3 225 229120
Rx 0.254317 2 2 3 447 512480
Rx 0.254608 2 2 3 2 0
Rx 0.254612 2 4 3 2 0
Rx 0.255208 2 3 3 77 0
Rx 0.255508 2 4 3 502 204160
Rx 0.256192 2 1 3 2 0
Rx 0.256308 2 2 3 613 204160
Rx 0.256408 2 6 3 2 0
Rx 0.256608 2 4 3 2 0
Rx 0.256608 2 4 3 1279 204160
Rx 0.257508 2 4 3 391 204160
Rx 0.258496 2 4 3 2 0
Rx 0.258496 2 4 3 169 291520
Rx 0.258679 2 6 3 2 0
Rx 0.258679 2 6 3 760 274880
Rx 0.258767 2 6 3 524 262400
Rx 0.258812 2 6 3 280 208320
Rx 0.259012 2 2 3 2 0
Rx 0.259012 2 2 3 857 508320
Rx 0.259017 2 2 3 447 212480
Rx 0.259021 2 6 3 280 216640
Rx 0.259108 2 2 3 538 504160
Rx 0.259212 2 2 3 280 508320
Rx 0.260308 2 2 3 2 0
Rx 0.260308 2 2 3 58 204160
Rx 0.260408 2 4 3 2 0
Rx 0.260408 2 4 3 447 204160
Rx 0.261108 2 6 3 2 0
Rx 0.261208 2 2 3 558 204160
Rx 0.261312 2 4 3 1279 208320
Rx 0.262408 2 4 3 2 0
Rx 0.262408 2 4 3 391 204160
Rx 0.263254 2 2 3 2 0
Rx 0.263254 2 2 3 58 249920
Rx 0.263308 2 4 3 225 204160
Rx 0.263596 2 6 3 2 0
Rx 0.263596 2 6 3 760 291520
Rx 0.263696 2 6 3 857 291520
Rx 0.263796 2 6 3 280 291520
Rx 0.263912 2 2 3 959 208320
Rx 0.264012 2 2 3 602 208320
Rx 0.265308 2 4 3 2 0
Rx 0.265308 2 4 3 447 204160
Rx 0.265908 2 6 3 2 0
Rx 0.266221 2 4 3 780 216640
Rx 0.266867 2 2 3 2 0
Rx 0.266867 2 2 3 857 562400
Rx 0.266912 2 2 3 316 508320
Rx 0.267783 2 2 3 2 0
Rx 0.268096 2 2 3 114 291520
Rx 0.268283 2 4 3 2 0
Rx 0.268283 2 4 3 1168 279040
Rx 0.268496 2 6 3 2 0
Rx 0.268496 2 6 3 760 291520
Rx 0.268562 2 6 3 1134 258240
Rx 0.268812 2 2 3 2 0
Rx 0.268812 2 2 3 818 208320
Rx 0.268912 2 2 3 743 208320
Rx 0.269108 2 4 3 58 204160
Rx 0.269308 2 6 3 58 204160
Rx 0.270212 2 4 3 2 0
Rx 0.270212 2 4 3 391 208320
Rx 0.270908 2 2 3 2 0
Rx 0.270908 2 2 3 58 204160
Rx 0.271108 2 4 3 780 204160
Rx 0.271367 2 6 3 2 0
Rx 0.272008 2 2 3 822 504160
Rx 0.272012 2 4 3 2 0
Rx 0.272012 2 4 3 58 208320
Rx 0.272112 2 2 3 295 508320
Rx 0.273179 2 4 3 2 0
Rx 0.273387 2 2 3 2 0
Rx 0.273387 2 2 3 169 283200
Rx 0.273392 2 6 3 2 0
Rx 0.273392 2 6 3 760 287360
Rx 0.273496 2 6 3 1134 291520
Rx 0.273729 2 2 3 764 224960
Rx 0.273812 2 2 3 353 208320
Rx 0.273817 2 5 3 2 0
Rx 0.273817 2 5 3 41 212480
Rx 0.273908 2 5 3 45 204160
Rx 0.274012 2 5 3 97 208320
Rx 0.274017 2 2 3 169 212480
Rx 0.274021 2 4 3 1279 216640
Rx 0.274112 2 5 3 54 208320
Rx 0.274212 2 6 3 169 208320
Rx 0.275108 2 4 3 2 0
Rx 0.275108 2 4 3 391 204160
Rx 0.275808 2 2 3 2 0
Rx 0.275808 2 2 3 391 204160
Rx 0.276008 2 4 3 724 204160
Rx 0.276108 2 5 3 2 0
Rx 0.276208 2 6 3 2 0
Rx 0.276912 2 4 3 2 0
Rx 0.276912 2 4 3 114 208320
Rx 0.277012 2 2 3 1057 208320
Rx 0.277208 2 2 3 2 0
Rx 0.278271 2 6 3 2 0
Rx 0.278271 2 6 3 760 266560
Rx 0.278312 2 6 3 1079 208320
Rx 0.278537 2 2 3 2 0
Rx 0.278537 2 2 3 225 533280
Rx 0.278642 2 2 3 764 237440
Rx 0.278712 2 2 3 575 208320
Rx 0.278912 2 4 3 2 0
Rx 0.278912 2 4 3 1279 208320
Rx 0.279108 2 6 3 280 204160
Rx 0.279808 2 4 3 447 204160
Rx 0.280708 2 2 3 2 0
Rx 0.280708 2 2 3 391 204160
Rx 0.280908 2 4 3 2 0
Rx 0.280908 2 4 3 669 204160
Rx 0.281108 2 6 3 2 0
Rx 0.281808 2 4 3 169 204160
Rx 0.281908 2 2 3 2 0
Rx 0.281908 2 2 3 857 204160
Rx 0.282012 2 2 3 149 208320
Rx 0.283196 2 6 3 2 0
Rx 0.283196 2 6 3 760 291520
Rx 0.283212 2 6 3 1023 208320
Rx 0.283562 2 2 3 2 0
Rx 0.283562 2 2 3 280 258240
Rx 0.283808 2 4 3 2 0
Rx 0.283808 2 4 3 1279 204160
Rx 0.283912 2 2 3 1335 208320
Rx 0.284012 2 6 3 391 208320
Rx 0.284708 2 4 3 447 204160
Rx 0.284808 2 2 3 2 0
Rx 0.284808 2 2 3 58 204160
Rx 0.285808 2 4 3 2 0
Rx 0.285808 2 4 3 669 204160
Rx 0.286008 2 2 3 2 0
Rx 0.286012 2 6 3 2 0
Rx 0.286708 2 4 3 225 204160
Rx 0.286812 2 2 3 1390 208320
Rx 0.288008 2 6 3 2 0
Rx 0.288008 2 6 3 760 204160
Rx 0.288112 2 6 3 968 208320
Rx 0.288496 2 2 3 2 0
Rx 0.288496 2 2 3 280 291520
Rx 0.288617 2 4 3 2 0
Rx 0.288617 2 4 3 1279 212480
Rx 0.288908 2 2 3 558 204160
Rx 0.288912 2 6 3 447 208320
Rx 0.289012 2 2 3 780 508320
Rx 0.289508 2 4 3 447 204160
Rx 0.289708 2 2 3 2 0
Rx 0.289708 2 2 3 114 204160
Rx 0.290708 2 4 3 2 0
Rx 0.290708 2 4 3 669 204160
Rx 0.290908 2 6 3 2 0
Rx 0.290908 2 6 3 58 204160
Rx 0.291608 2 4 3 280 204160
Rx 0.292012 2 2 3 2 0
Rx 0.292012 2 2 3 818 508320
Rx 0.292112 2 2 3 521 508320
Rx 0.292925 2 2 3 2 0
Rx 0.292929 2 6 3 2 0
Rx 0.292929 2 6 3 760 224960
Rx 0.293096 2 6 3 912 291520
Rx 0.293396 2 2 3 336 291520
Rx 0.293596 2 4 3 2 0
Rx 0.293596 2 4 3 1279 291520
Rx 0.293808 2 3 3 2 0
Rx 0.293812 2 6 3 336 208320
Rx 0.293937 2 3 3 45 233280
Rx 0.294008 2 2 3 2 0
Rx 0.294008 2 2 3 760 204160
Rx 0.294158 2 2 3 413 254080
Rx 0.294162 2 3 3 184 258240
Rx 0.294496 2 4 3 447 291520
Rx 0.294696 2 2 3 336 291520
Rx 0.294908 2 1 3 2 0
Rx 0.294908 2 1 3 41 204160
Rx 0.295012 2 1 3 97 208320
Rx 0.295158 2 1 3 148 254080
Rx 0.295208 2 1 3 117 204160
Rx 0.295629 2 4 3 2 0
Rx 0.295629 2 4 3 669 224960
Rx 0.295808 2 1 3 58 204160
Rx 0.295812 2 6 3 2 0
Rx 0.295812 2 6 3 280 208320
Rx 0.296154 2 3 3 2 0
Rx 0.296596 2 4 3 336 291520
Rx 0.296625 2 2 3 2 0
Rx 0.296912 2 2 3 764 208320
Rx 0.297012 2 2 3 520 208320
Rx 0.297833 2 2 3 2 0
Rx 0.297837 2 6 3 2 0
Rx 0.297837 2 6 3 760 233280
Rx 0.297842 2 1 3 2 0
Rx 0.297925 2 6 3 857 220800
Rx 0.298117 2 2 3 391 212480
Rx 0.298496 2 4 3 2 0
Rx 0.298496 2 4 3 1279 291520
Rx 0.298708 2 6 3 391 204160
Rx 0.298929 2 2 3 2 0
Rx 0.299037 2 2 3 1168 233280
Rx 0.299308 2 4 3 502 204160
Rx 0.299508 2 2 3 391 204160
Rx 0.299612 2 6 3 2 0
Rx 0.299612 2 6 3 58 208320
Rx 0.300508 2 4 3 2 0
Rx 0.300508 2 4 3 613 204160
Rx 0.300708 2 6 3 2 0
Rx 0.301496 2 4 3 225 291520
Rx 0.301608 2 2 3 2 0
Rx 0.301908 2 2 3 764 204160
Rx 0.302012 2 2 3 464 208320
Rx 0.302712 2 6 3 2 0
Rx 0.302712 2 6 3 1535 208320
Rx 0.302837 2 6 3 304 233280
Rx 0.302842 2 2 3 2 0
Rx 0.302842 2 2 3 447 237440
Rx 0.303308 2 4 3 2 0
Rx 0.303308 2 4 3 1446 204160
Rx 0.304108 2 2 3 2 0
Rx 0.304108 2 2 3 760 204160
Rx 0.304208 2 4 3 502 204160
Rx 0.304308 2 6 3 2 0
Rx 0.304308 2 6 3 447 504160
Rx 0.304317 2 2 3 801 212480
Rx 0.304512 2 6 3 114 208320
Rx 0.305008 2 2 3 58 204160
Rx 0.305108 2 4 3 2 0
Rx 0.305108 2 4 3 58 204160
Rx 0.305408 2 4 3 558 204160
Rx 0.306396 2 4 3 2 0
Rx 0.306396 2 4 3 280 291520
Rx 0.306508 2 6 3 2 0
Rx 0.306808 2 2 3 2 0
Rx 0.306808 2 2 3 760 204160
Rx 0.306912 2 2 3 413 208320
Rx 0.307608 2 6 3 2 0
Rx 0.307608 2 6 3 688 204160
Rx 0.307792 2 6 3 984 287360
Rx 0.307796 2 2 3 447 291520
Rx 0.307825 2 6 3 114 220800
Rx 0.308208 2 4 3 2 0
Rx 0.308208 2 4 3 1446 204160
Rx 0.308596 2 6 3 58 291520
Rx 0.309008 2 2 3 2 0
Rx 0.309008 2 2 3 760 204160
Rx 0.309112 2 2 3 690 208320
Rx 0.309117 2 4 3 502 212480
Rx 0.309212 2 2 3 169 208320
Rx 0.309217 2 6 3 2 0
Rx 0.309217 2 6 3 613 212480
Rx 0.309908 2 2 3 114 204160
Rx 0.310008 2 4 3 2 0
Rx 0.310008 2 4 3 114 204160
Rx 0.310308 2 4 3 502 204160
Rx 0.311296 2 4 3 2 0
Rx 0.311296 2 4 3 336 291520
Rx 0.311708 2 2 3 2 0
Rx 0.311708 2 2 3 760 204160
Rx 0.311812 2 2 3 357 208320
Rx 0.312508 2 6 3 2 0
Rx 0.312508 2 6 3 688 204160
Rx 0.312696 2 6 3 928 291520
Rx 0.312725 2 6 3 114 220800
Rx 0.312817 2 2 3 2 0
Rx 0.313108 2 4 3 2 0
Rx 0.313108 2 4 3 1446 204160
Rx 0.313496 2 6 3 169 291520
Rx 0.313912 2 2 3 2 0
Rx 0.313912 2 2 3 1501 208320
Rx 0.314012 2 2 3 336 208320
Rx 0.314017 2 4 3 502 212480
Rx 0.314117 2 2 3 280 212480
Rx 0.314121 2 6 3 2 0
Rx 0.314121 2 6 3 558 216640
Rx 0.314808 2 2 3 169 204160
Rx 0.314812 2 5 3 2 0
Rx 0.314812 2 5 3 41 208320
Rx 0.314908 2 4 3 2 0
Rx 0.314908 2 4 3 169 204160
Rx 0.314917 2 5 3 97 212480
Rx 0.315012 2 5 3 95 208320
Rx 0.315017 2 6 3 58 212480
Rx 0.315108 2 5 3 225 204160
Rx 0.315212 2 4 3 447 208320
Rx 0.316196 2 4 3 2 0
Rx 0.316196 2 4 3 391 291520
Rx 0.316646 2 2 3 2 0
Rx 0.316646 2 2 3 760 241600
Rx 0.316712 2 2 3 302 208320
Rx 0.317067 2 6 3 2 0
Rx 0.317196 2 5 3 2 0
Rx 0.317408 2 6 3 692 204160
Rx 0.317596 2 6 3 980 291520
Rx 0.318008 2 4 3 2 0
Rx 0.318008 2 4 3 1446 204160
Rx 0.318396 2 6 3 2 0
Rx 0.318396 2 6 3 280 291520
Rx 0.318792 2 2 3 2 0
Rx 0.318792 2 2 3 760 287360
Rx 0.318808 2 2 3 579 204160
Rx 0.318912 2 2 3 336 208320
Rx 0.318917 2 4 3 502 212480
Rx 0.319008 2 2 3 502 204160
Rx 0.319012 2 6 3 502 208320
Rx 0.319808 2 4 3 2 0
Rx 0.319808 2 4 3 225 204160
Rx 0.319908 2 6 3 2 0
Rx 0.319908 2 6 3 114 204160
Rx 0.320108 2 4 3 391 204160
Rx 0.321096 2 4 3 2 0
Rx 0.321096 2 4 3 447 291520
Rx 0.321208 2 2 3 2 0
Rx 0.321208 2 2 3 225 204160
Rx 0.321508 2 2 3 822 204160
Rx 0.321612 2 2 3 184 208320
Rx 0.322154 2 6 3 2 0
Rx 0.322154 2 6 3 502 249920
Rx 0.322308 2 6 3 692 204160
Rx 0.322492 2 6 3 425 287360
Rx 0.322496 2 2 3 2 0
Rx 0.322908 2 4 3 2 0
Rx 0.322908 2 4 3 1446 204160
Rx 0.323296 2 6 3 2 0
Rx 0.323642 2 2 3 2 0
Rx 0.323642 2 2 3 760 237440
Rx 0.323712 2 2 3 968 208320
Rx 0.323817 2 2 3 336 212480
Rx 0.323821 2 4 3 502 216640
Rx 0.323912 2 2 3 169 208320
Rx 0.323917 2 6 3 692 212480
Rx 0.324012 2 6 3 147 208320
Rx 0.324725 2 4 3 2 0
Rx 0.324725 2 4 3 280 220800
Rx 0.324729 2 2 3 2 0
Rx 0.325008 2 4 3 391 204160
Rx 0.325208 2 6 3 2 0
Rx 0.325208 2 6 3 169 204160
Rx 0.325996 2 4 3 2 0
Rx 0.325996 2 4 3 447 291520
Rx 0.326108 2 2 3 2 0
Rx 0.326108 2 2 3 280 204160
Rx 0.326408 2 2 3 822 204160
Rx 0.326596 2 2 3 184 291520
Rx 0.327008 2 6 3 2 0
Rx 0.327008 2 6 3 688 204160
Rx 0.327108 2 6 3 692 204160
Rx 0.327212 2 6 3 240 208320
Rx 0.327808 2 4 3 2 0
Rx 0.327808 2 4 3 1446 204160
Rx 0.328683 2 2 3 2 0
Rx 0.328683 2 2 3 184 0
Rx 0.328792 2 2 3 613 287360
Rx 0.328796 2 4 3 502 291520
Rx 0.32885 2 2 3 613 245760
Rx 0.328854 2 6 3 2 0
Rx 0.328854 2 6 3 280 249920
Rx 0.328908 2 2 3 669 204160
Rx 0.329008 2 2 3 225 204160
Rx 0.329133 2 2 3 114 229120
Rx 0.329137 2 6 3 558 233280
Rx 0.329633 2 2 3 2 0
Rx 0.329637 2 4 3 2 0
Rx 0.329637 2 4 3 336 233280
Rx 0.329908 2 4 3 391 204160
Rx 0.330008 2 6 3 2 0
Rx 0.330008 2 6 3 225 204160
Rx 0.330896 2 4 3 2 0
Rx 0.330896 2 4 3 447 291520
Rx 0.331021 2 2 3 2 0
Rx 0.331021 2 2 3 336 216640
Rx 0.331308 2 2 3 764 204160
Rx 0.331496 2 2 3 242 291520
Rx 0.331908 2 6 3 2 0
Rx 0.331908 2 6 3 688 204160
Rx 0.332083 2 6 3 484 279040
Rx 0.332508 2 6 3 447 204160
Rx 0.332708 2 4 3 2 0
Rx 0.332708 2 4 3 1446 204160
Rx 0.333496 2 6 3 2 0
Rx 0.333496 2 6 3 58 291520
Rx 0.333596 2 2 3 2 0
Rx 0.333896 2 2 3 1224 291520
Rx 0.334067 2 2 3 502 262400
Rx 0.334071 2 6 3 692 266560
Rx 0.334108 2 2 3 391 204160
Rx 0.334217 2 6 3 92 212480
Rx 0.334333 2 2 3 114 229120
Rx 0.334596 2 4 3 2 0
Rx 0.334596 2 4 3 835 291520
Rx 0.334696 2 2 3 2 0
Rx 0.334896 2 4 3 391 291520
Rx 0.33495 2 6 3 2 0
Rx 0.33495 2 6 3 280 245760
Rx 0.335008 2 3 3 2 0
Rx 0.335008 2 3 3 41 204160
Rx 0.335112 2 3 3 97 208320
Rx 0.335229 2 3 3 148 224960
Rx 0.335333 2 3 3 117 229120
Rx 0.335496 2 4 3 58 291520
Rx 0.335796 2 4 3 2 0
Rx 0.335796 2 4 3 447 291520
Rx 0.335958 2 3 3 58 254080
Rx 0.335962 2 1 3 2 0
Rx 0.335962 2 1 3 41 258240
Rx 0.336008 2 1 3 45 204160
Rx 0.336012 2 2 3 280 208320
Rx 0.336117 2 1 3 97 212480
Rx 0.336217 2 2 3 2 0
Rx 0.336217 2 2 3 336 512480
Rx 0.336221 2 1 3 554 216640
Rx 0.336225 2 2 3 692 220800
Rx 0.336396 2 2 3 92 291520
Rx 0.336612 2 1 3 169 208320
Rx 0.336808 2 6 3 2 0
Rx 0.336808 2 6 3 688 204160
Rx 0.336996 2 6 3 429 291520
Rx 0.337496 2 6 3 502 291520
Rx 0.337608 2 4 3 2 0
Rx 0.337608 2 4 3 1446 204160
Rx 0.337996 2 3 3 2 0
Rx 0.33835 2 6 3 2 0
Rx 0.33835 2 6 3 114 245760
Rx 0.338496 2 2 3 2 0
Rx 0.338596 2 4 3 58 291520
Rx 0.338796 2 1 3 2 0
Rx 0.338937 2 2 3 692 233280
Rx 0.338942 2 6 3 764 237440
Rx 0.339054 2 2 3 692 249920
Rx 0.339267 2 2 3 114 262400
Rx 0.339421 2 2 3 736 516640
Rx 0.339425 2 4 3 2 0
Rx 0.339425 2 4 3 169 220800
Rx 0.339708 2 2 3 2 0
Rx 0.339708 2 2 3 58 204160
Rx 0.339712 2 4 3 1057 208320
Rx 0.339817 2 6 3 2 0
Rx 0.339817 2 6 3 298 212480
Rx 0.340308 2 4 3 58 204160
Rx 0.340696 2 4 3 2 0
Rx 0.340696 2 4 3 447 291520
Rx 0.341108 2 2 3 2 0
Rx 0.341108 2 2 3 688 204160
Rx 0.341296 2 2 3 651 291520
Rx 0.341708 2 6 3 2 0
Rx 0.341708 2 6 3 688 204160
Rx 0.341846 2 6 3 429 241600
Rx 0.342208 2 6 3 558 204160
Rx 0.342508 2 4 3 2 0
Rx 0.342508 2 4 3 1446 204160
Rx 0.343208 2 2 3 2 0
Rx 0.343208 2 2 3 58 204160
Rx 0.343212 2 6 3 2 0
Rx 0.343212 2 6 3 114 208320
Rx 0.343496 2 4 3 114 291520
Rx 0.343892 2 2 3 692 287360
Rx 0.343896 2 6 3 669 291520
Rx 0.343967 2 2 3 647 262400
Rx 0.344187 2 2 3 558 283200
Rx 0.344308 2 2 3 2 0
Rx 0.344312 2 4 3 2 0
Rx 0.344312 2 4 3 169 208320
Rx 0.344408 2 2 3 447 204160
Rx 0.344612 2 4 3 1002 208320
Rx 0.344712 2 6 3 2 0
Rx 0.344712 2 6 3 391 208320
Rx 0.345208 2 4 3 114 204160
Rx 0.345596 2 4 3 2 0
Rx 0.345596 2 4 3 447 291520
Rx 0.346008 2 2 3 2 0
Rx 0.346008 2 2 3 688 204160
Rx 0.346196 2 2 3 595 291520
Rx 0.346696 2 6 3 2 0
Rx 0.346696 2 6 3 688 291520
Rx 0.346733 2 6 3 373 229120
Rx 0.347108 2 6 3 613 204160
Rx 0.347408 2 4 3 2 0
Rx 0.347408 2 4 3 1446 204160
Rx 0.347908 2 6 3 2 0
Rx 0.347908 2 6 3 169 204160
Rx 0.348112 2 2 3 2 0
Rx 0.348112 2 2 3 114 208320
Rx 0.348396 2 4 3 169 291520
Rx 0.348892 2 2 3 631 287360
Rx 0.348896 2 6 3 502 291520
Rx 0.349071 2 2 3 764 566560
Rx 0.349217 2 4 3 2 0
Rx 0.349217 2 4 3 169 212480
Rx 0.349312 2 2 3 2 0
Rx 0.349312 2 2 3 946 208320
Rx 0.349508 2 4 3 946 204160
Rx 0.349617 2 6 3 2 0
Rx 0.349617 2 6 3 502 212480
Rx 0.350108 2 4 3 169 204160
Rx 0.350208 2 2 3 58 204160
Rx 0.350496 2 4 3 2 0
Rx 0.350496 2 4 3 447 291520
Rx 0.350546 2 6 3 58 241600
Rx 0.350908 2 2 3 2 0
Rx 0.350908 2 2 3 688 204160
Rx 0.351046 2 2 3 540 241600
Rx 0.351637 2 6 3 2 0
Rx 0.351637 2 6 3 688 233280
Rx 0.351892 2 6 3 558 287360
Rx 0.351896 2 2 3 58 291520
Rx 0.352012 2 6 3 318 508320
Rx 0.352021 2 6 3 114 216640
Rx 0.352342 2 4 3 2 0
Rx 0.352342 2 4 3 1446 237440
Rx 0.352721 2 6 3 2 0
Rx 0.353008 2 2 3 2 0
Rx 0.353008 2 2 3 114 204160
Rx 0.353242 2 4 3 225 237440
Rx 0.353896 2 6 3 2 0
Rx 0.353996 2 2 3 692 291520
Rx 0.354125 2 2 3 2 0
Rx 0.354125 2 2 3 1313 220800
Rx 0.354129 2 4 3 2 0
Rx 0.354129 2 4 3 169 224960
Rx 0.354221 2 2 3 280 216640
Rx 0.354408 2 2 3 58 204160
Rx 0.354412 2 4 3 891 208320
Rx 0.354529 2 6 3 1168 224960
Rx 0.355008 2 4 3 225 204160
Rx 0.355108 2 2 3 2 0
Rx 0.355396 2 4 3 2 0
Rx 0.355396 2 4 3 447 291520
Rx 0.355492 2 6 3 2 0
Rx 0.355492 2 6 3 114 287360
Rx 0.355808 2 2 3 692 204160
Rx 0.355812 2 5 3 2 0
Rx 0.355812 2 5 3 41 208320
Rx 0.355912 2 5 3 45 208320
Rx 0.356087 2 2 3 58 283200
Rx 0.356096 2 5 3 97 291520
Rx 0.356154 2 5 3 665 249920
Rx 0.356267 2 2 3 258 562400
Rx 0.356596 2 6 3 2 0
Rx 0.356792 2 2 3 2 0
Rx 0.356792 2 2 3 391 287360
Rx 0.356796 2 5 3 58 291520
Rx 0.356912 2 6 3 1539 208320
Rx 0.357017 2 6 3 133 212480
Rx 0.357208 2 4 3 2 0
Rx 0.357208 2 4 3 1446 204160
Rx 0.357808 2 6 3 2 0
Rx 0.357808 2 6 3 58 204160
Rx 0.357908 2 2 3 2 0
Rx 0.358108 2 4 3 280 204160
Rx 0.358767 2 5 3 2 0
Rx 0.358875 2 2 3 613 270720
Rx 0.358996 2 2 3 2 0
Rx 0.359092 2 2 3 1779 287360
Rx 0.359096 2 4 3 2 0
Rx 0.359096 2 4 3 169 291520
Rx 0.359167 2 2 3 114 262400
Rx 0.359308 2 4 3 835 204160
Rx 0.359425 2 6 3 2 0
Rx 0.359425 2 6 3 688 220800
Rx 0.359512 2 6 3 429 208320
Rx 0.359908 2 4 3 280 204160
Rx 0.360296 2 4 3 2 0
Rx 0.360296 2 4 3 447 291520
Rx 0.360321 2 6 3 169 216640
Rx 0.360808 2 2 3 2 0
Rx 0.361162 2 2 3 946 258240
Rx 0.361696 2 2 3 447 291520
Rx 0.362108 2 6 3 2 0
Rx 0.362108 2 6 3 760 504160
Rx 0.362117 2 4 3 2 0
Rx 0.362117 2 4 3 1446 212480
Rx 0.362221 2 6 3 912 516640
Rx 0.362708 2 6 3 114 204160
Rx 0.363008 2 4 3 336 204160
Rx 0.363796 2 2 3 2 0
Rx 0.363796 2 2 3 688 291520
Rx 0.363996 2 2 3 1386 291520
Rx 0.364062 2 2 3 324 258240
Rx 0.364067 2 4 3 2 0
Rx 0.364067 2 4 3 946 262400
Rx 0.364117 2 2 3 114 212480
Rx 0.364333 2 6 3 2 0
Rx 0.364333 2 6 3 688 229120
Rx 0.364412 2 6 3 373 208320
Rx 0.364808 2 4 3 336 204160
Rx 0.364812 2 2 3 2 0
Rx 0.365108 2 4 3 2 0
Rx 0.365212 2 6 3 225 208320
Rx 0.366042 2 2 3 2 0
Rx 0.366042 2 2 3 946 237440
Rx 0.366408 2 2 3 502 204160
Rx 0.367008 2 6 3 2 0
Rx 0.367008 2 6 3 688 204160
Rx 0.367017 2 4 3 2 0
Rx 0.367017 2 4 3 1890 212480
Rx 0.367129 2 6 3 692 224960
Rx 0.367212 2 6 3 296 208320
Rx 0.367433 2 6 3 169 229120
Rx 0.367908 2 4 3 391 204160
Rx 0.368696 2 2 3 2 0
Rx 0.368696 2 2 3 760 291520
Rx 0.368796 2 2 3 413 291520
Rx 0.368962 2 2 3 764 258240
Rx 0.368967 2 4 3 2 0
Rx 0.368967 2 4 3 891 262400
Rx 0.369012 2 2 3 575 208320
Rx 0.369233 2 6 3 2 0
Rx 0.369233 2 6 3 688 229120
Rx 0.369312 2 6 3 318 208320
Rx 0.369508 2 2 3 58 204160
Rx 0.369708 2 4 3 391 204160
Rx 0.370496 2 6 3 280 591520
Rx 0.371308 2 2 3 2 0
Rx 0.371308 2 2 3 760 204160
Rx 0.371496 2 2 3 635 291520
Rx 0.371796 2 4 3 2 0
Rx 0.371796 2 4 3 669 291520
Rx 0.371933 2 6 3 2 0
Rx 0.371933 2 6 3 611 229120
Rx 0.371937 2 4 3 1224 233280
Rx 0.372008 2 6 3 615 204160
Rx 0.372117 2 6 3 506 212480
Rx 0.372208 2 2 3 58 204160
Rx 0.372217 2 6 3 114 212480
Rx 0.372608 2 4 3 447 204160
Rx 0.372817 2 6 3 58 212480
Rx 0.373596 2 2 3 2 0
Rx 0.373596 2 2 3 760 291520
Rx 0.373687 2 2 3 690 283200
Rx 0.373796 2 2 3 447 291520
Rx 0.373854 2 2 3 502 249920
Rx 0.373858 2 4 3 2 0
Rx 0.373858 2 4 3 835 254080
Rx 0.374008 2 2 3 114 204160
Rx 0.374412 2 2 3 114 208320
Rx 0.374612 2 4 3 391 208320
Rx 0.374708 2 6 3 2 0
Rx 0.374708 2 6 3 946 804160
Rx 0.375308 2 6 3 2 0
Rx 0.375308 2 6 3 336 204160
Rx 0.375596 2 4 3 2 0
Rx 0.375596 2 4 3 58 291520
Rx 0.376096 2 3 3 2 0
Rx 0.376096 2 3 3 41 291520
Rx 0.376196 2 3 3 97 291520
Rx 0.376279 2 2 3 2 0
Rx 0.376279 2 2 3 760 274880
Rx 0.376287 2 3 3 95 283200
Rx 0.376371 2 2 3 302 266560
Rx 0.376392 2 3 3 169 287360
Rx 0.376479 2 2 3 169 274880
Rx 0.376496 2 3 3 114 291520
Rx 0.376592 2 2 3 114 287360
Rx 0.376596 2 3 3 58 291520
Rx 0.376687 2 4 3 2 0
Rx 0.376687 2 4 3 891 283200
Rx 0.376783 2 4 3 280 279040
Rx 0.376787 2 3 3 114 283200
Rx 0.376883 2 4 3 336 279040
Rx 0.376887 2 6 3 2 0
Rx 0.376887 2 6 3 280 283200
Rx 0.376892 2 3 3 58 287360
Rx 0.376987 2 4 3 280 283200
Rx 0.376992 2 6 3 114 287360
Rx 0.376996 2 1 3 2 0
Rx 0.377079 2 4 3 114 274880
Rx 0.377083 2 6 3 114 279040
Rx 0.377087 2 1 3 45 283200
Rx 0.377092 2 3 3 2 0
Rx 0.377183 2 6 3 169 279040
Rx 0.377187 2 1 3 45 283200
Rx 0.377192 2 2 3 114 287360
Rx 0.377292 2 1 3 1309 287360
Rx 0.377296 2 6 3 225 291520
Rx 0.377317 2 1 3 391 212480
Rx 0.377321 2 6 3 114 216640
Rx 0.377421 2 4 3 447 216640
Rx 0.377425 2 6 3 391 220800
Rx 0.377508 2 6 3 447 204160
Rx 0.377708 2 6 3 58 204160
Rx 0.378696 2 2 3 2 0
Rx 0.378696 2 2 3 169 291520
Rx 0.378792 2 2 3 502 287360
Rx 0.378796 2 4 3 2 0
Rx 0.378796 2 4 3 835 291520
Rx 0.378854 2 2 3 764 249920
Rx 0.378858 2 3 3 2 0
Rx 0.378858 2 3 3 169 254080
Rx 0.378908 2 2 3 686 204160
Rx 0.379096 2 2 3 336 291520
Rx 0.379196 2 2 3 225 291520
Rx 0.379508 2 1 3 2 0
Rx 0.379512 2 4 3 391 208320
Rx 0.379608 2 6 3 2 0
Rx 0.379608 2 6 3 688 204160
Rx 0.379775 2 6 3 262 270720
Rx 0.380208 2 6 3 391 204160
Rx 0.380408 2 4 3 2 0
Rx 0.380408 2 4 3 114 204160
Rx 0.381154 2 3 3 169 0
Rx 0.381429 2 2 3 2 0
Rx 0.381429 2 2 3 760 524960
Rx 0.381571 2 2 3 579 566560
Rx 0.381575 2 4 3 2 0
Rx 0.381575 2 4 3 1557 270720
Rx 0.38165 2 4 3 280 245760
Rx 0.381742 2 4 3 114 237440
Rx 0.381746 2 6 3 2 0
Rx 0.381746 2 6 3 447 241600
Rx 0.381892 2 6 3 169 287360
Rx 0.381996 2 2 3 114 291520
Rx 0.382033 2 6 3 391 229120
Rx 0.382308 2 6 3 613 204160
Rx 0.382312 2 4 3 391 208320
Rx 0.382412 2 6 3 58 208320
Rx 0.382508 2 6 3 58 204160
Rx 0.382612 2 4 3 2 0
Rx 0.382708 2 6 3 225 804160
Rx 0.383596 2 2 3 2 0
Rx 0.383596 2 2 3 688 291520
Rx 0.383696 2 2 3 540 291520
Rx 0.383712 2 2 3 502 208320
Rx 0.383717 2 4 3 2 0
Rx 0.383812 2 2 3 502 208320
Rx 0.383933 2 2 3 447 229120
Rx 0.384408 2 4 3 1224 204160
Rx 0.384508 2 6 3 2 0
Rx 0.384508 2 6 3 688 204160
Rx 0.384683 2 6 3 207 279040
Rx 0.384687 2 2 3 2 0
Rx 0.385108 2 6 3 391 204160
Rx 0.385308 2 4 3 2 0
Rx 0.385308 2 4 3 169 204160
Rx 0.386096 2 6 3 2 0
Rx 0.386096 2 6 3 58 291520
Rx 0.386196 2 2 3 2 0
Rx 0.386196 2 2 3 558 291520
Rx 0.38635 2 2 3 502 245760
Rx 0.386487 2 2 3 169 283200
Rx 0.386492 2 4 3 2 0
Rx 0.386492 2 4 3 1768 287360
Rx 0.386508 2 4 3 182 204160
Rx 0.386617 2 6 3 558 212480
Rx 0.386621 2 2 3 280 216640
Rx 0.386733 2 6 3 447 229120
Rx 0.387283 2 4 3 391 279040
Rx 0.387508 2 6 3 2 0
Rx 0.387508 2 6 3 688 204160
Rx 0.387612 2 6 3 262 208320
Rx 0.388196 2 4 3 2 0
Rx 0.388196 2 4 3 58 291520
Rx 0.388496 2 2 3 2 0
Rx 0.388496 2 2 3 688 291520
Rx 0.388517 2 2 3 984 212480
Rx 0.388612 2 2 3 558 208320
Rx 0.388712 2 2 3 447 208320
Rx 0.389208 2 2 3 58 204160
Rx 0.389308 2 4 3 2 0
Rx 0.389408 2 6 3 2 0
Rx 0.389408 2 6 3 688 204160
Rx 0.389583 2 6 3 207 279040
Rx 0.390008 2 6 3 391 204160
Rx 0.390208 2 4 3 1390 204160
Rx 0.391092 2 2 3 2 0
Rx 0.391092 2 2 3 688 287360
Rx 0.391196 2 2 3 540 291520
Rx 0.391287 2 6 3 2 0
Rx 0.391287 2 6 3 114 583200
Rx 0.391312 2 2 3 169 208320
Rx 0.391317 2 4 3 2 0
Rx 0.391317 2 4 3 1768 212480
Rx 0.391412 2 2 3 114 208320
Rx 0.391421 2 4 3 182 216640
Rx 0.391521 2 6 3 1002 216640
Rx 0.392108 2 6 3 2 0
Rx 0.392112 2 4 3 447 208320
Rx 0.392412 2 6 3 946 208320
Rx 0.393096 2 4 3 2 0
Rx 0.393096 2 4 3 58 291520
Rx 0.393392 2 2 3 2 0
Rx 0.393392 2 2 3 688 287360
Rx 0.393396 2 6 3 2 0
Rx 0.393425 2 2 3 984 220800
Rx 0.393512 2 2 3 558 208320
Rx 0.393625 2 2 3 447 220800
Rx 0.394108 2 2 3 114 204160
Rx 0.394308 2 6 3 2 0
Rx 0.394483 2 6 3 891 279040
Rx 0.394908 2 6 3 391 204160
Rx 0.395108 2 4 3 2 0
Rx 0.395108 2 4 3 1335 204160
Rx 0.395308 2 6 3 2 0
Rx 0.395996 2 2 3 2 0
Rx 0.395996 2 2 3 688 291520
Rx 0.396092 2 2 3 706 287360
Rx 0.396096 2 4 3 1002 291520
Rx 0.396125 2 2 3 114 220800
Rx 0.396129 2 6 3 169 224960
Rx 0.396221 2 4 3 2 0
Rx 0.396496 2 6 3 2 0
Rx 0.396496 2 6 3 611 291520
Rx 0.396596 2 6 3 395 291520
Rx 0.396896 2 5 3 2 0
Rx 0.396896 2 5 3 41 291520
Rx 0.396992 2 5 3 97 287360
Rx 0.397012 2 5 3 95 208320
Rx 0.397196 2 5 3 971 291520
Rx 0.397258 2 5 3 424 254080
Rx 0.397308 2 6 3 502 204160
Rx 0.397608 2 5 3 169 204160
Rx 0.397996 2 4 3 2 0
Rx 0.397996 2 4 3 1501 291520
Rx 0.398271 2 2 3 2 0
Rx 0.398271 2 2 3 688 266560
Rx 0.398317 2 2 3 1150 212480
Rx 0.398533 2 2 3 280 229120
Rx 0.398712 2 2 3 558 508320
Rx 0.398892 2 2 3 169 287360
Rx 0.398896 2 4 3 58 291520
Rx 0.399379 2 6 3 2 0
Rx 0.399379 2 6 3 688 274880
Rx 0.399417 2 6 3 651 212480
Rx 0.399692 2 5 3 2 0
Rx 0.399692 2 5 3 97 0
Rx 0.399696 2 6 3 391 291520
Rx 0.400208 2 4 3 2 0
Rx 0.400208 2 4 3 1279 204160
Rx 0.400596 2 6 3 2 0
Rx 0.400842 2 2 3 2 0
Rx 0.400842 2 2 3 611 237440
Rx 0.400992 2 2 3 506 287360
Rx 0.400996 2 6 3 225 291520
Rx 0.401092 2 2 3 336 287360
Rx 0.401096 2 4 3 1057 291520
Rx 0.401117 2 6 3 169 212480
Rx 0.401212 2 6 3 447 208320
Rx 0.401412 2 6 3 391 208320
Rx 0.401796 2 6 3 2 0
Rx 0.401796 2 6 3 58 291520
Rx 0.401908 2 2 3 2 0
Rx 0.402208 2 6 3 447 204160
Rx 0.402896 2 4 3 2 0
Rx 0.402896 2 4 3 1501 291520
Rx 0.403192 2 2 3 2 0
Rx 0.403192 2 2 3 611 287360
Rx 0.403196 2 6 3 2 0
Rx 0.403196 2 6 3 58 291520
Rx 0.403296 2 2 3 1231 291520
Rx 0.403333 2 2 3 56 229120
Rx 0.403412 2 2 3 502 208320
Rx 0.403512 2 2 3 447 208320
Rx 0.403792 2 2 3 58 287360
Rx 0.403796 2 4 3 114 291520
Rx 0.403896 2 2 3 58 291520
Rx 0.404208 2 6 3 2 0
Rx 0.404208 2 6 3 760 204160
Rx 0.404312 2 6 3 746 208320
Rx 0.404412 2 6 3 225 208320
Rx 0.405108 2 4 3 2 0
Rx 0.405108 2 4 3 1224 204160
Rx 0.40575 2 2 3 2 0
Rx 0.40575 2 2 3 760 245760
Rx 0.405892 2 2 3 579 287360
Rx 0.405912 2 2 3 58 208320
Rx 0.405917 2 6 3 2 0
Rx 0.405917 2 6 3 558 212480
Rx 0.406012 2 4 3 1113 208320
Rx 0.406121 2 6 3 669 216640
Rx 0.406675 2 6 3 114 270720
Rx 0.406808 2 2 3 2 0
Rx 0.407108 2 6 3 2 0
Rx 0.407796 2 4 3 2 0
Rx 0.407796 2 4 3 1501 291520
Rx 0.408042 2 2 3 2 0
Rx 0.408042 2 2 3 760 237440
Rx 0.408129 2 2 3 1301 224960
Rx 0.408133 2 6 3 2 0
Rx 0.408225 2 2 3 669 220800
Rx 0.408312 2 2 3 169 208320
Rx 0.408412 2 2 3 114 208320
Rx 0.408508 2 2 3 58 204160
Rx 0.408696 2 4 3 169 291520
Rx 0.409112 2 6 3 2 0
Rx 0.409217 2 6 3 2083 212480
Rx 0.410008 2 4 3 2 0
Rx 0.410008 2 4 3 1168 204160
Rx 0.410196 2 6 3 2 0
Rx 0.41065 2 2 3 2 0
Rx 0.41065 2 2 3 760 245760
Rx 0.410758 2 2 3 635 254080
Rx 0.41085 2 4 3 1168 245760
Rx 0.411208 2 6 3 2 0
Rx 0.411208 2 6 3 760 204160
Rx 0.411308 2 6 3 764 204160
Rx 0.412696 2 4 3 2 0
Rx 0.412696 2 4 3 1501 291520
Rx 0.412917 2 2 3 2 0
Rx 0.412917 2 2 3 760 212480
Rx 0.413042 2 2 3 1539 237440
Rx 0.413121 2 2 3 709 216640
Rx 0.413217 2 2 3 114 212480
Rx 0.413508 2 4 3 225 204160
Rx 0.413512 2 6 3 2 0
Rx 0.413512 2 6 3 16 208320
Rx 0.414612 2 6 3 1539 208320
Rx 0.414808 2 6 3 2 0
Rx 0.414996 2 4 3 2 0
Rx 0.414996 2 4 3 1113 291520
Rx 0.415496 2 2 3 2 0
Rx 0.415529 2 6 3 2 0
Rx 0.415696 2 4 3 1279 291520
Rx 0.415908 2 2 3 692 204160
Rx 0.416012 2 2 3 36 208320
Rx 0.416112 2 6 3 1539 208320
Rx 0.416217 2 6 3 485 212480
Rx 0.416883 2 2 3 2 0
Rx 0.416883 2 2 3 613 279040
Rx 0.417017 2 3 3 2 0
Rx 0.417017 2 3 3 41 212480
Rx 0.417021 2 6 3 2 0
Rx 0.417021 2 6 3 58 216640
Rx 0.417179 2 3 3 97 274880
Rx 0.417275 2 3 3 148 270720
Rx 0.417396 2 3 3 561 291520
Rx 0.417492 2 3 3 459 287360
Rx 0.417496 2 4 3 2 0
Rx 0.417496 2 4 3 780 291520
Rx 0.417596 2 3 3 158 291520
Rx 0.417658 2 2 3 58 254080
Rx 0.417679 2 4 3 669 274880
Rx 0.417983 2 2 3 2 0
Rx 0.417983 2 2 3 669 279040
Rx 0.418087 2 2 3 336 283200
Rx 0.418092 2 1 3 2 0
Rx 0.418192 2 2 3 280 287360
Rx 0.418196 2 1 3 45 291520
Rx 0.418296 2 2 3 225 291520
Rx 0.418392 2 2 3 225 287360
Rx 0.418396 2 1 3 1772 291520
Rx 0.418475 2 1 3 747 270720
Rx 0.418479 2 2 3 280 274880
Rx 0.418483 2 4 3 2 0
Rx 0.418512 2 2 3 280 208320
Rx 0.418608 2 1 3 946 204160
Rx 0.418808 2 1 3 58 204160
Rx 0.418812 2 6 3 2 0
Rx 0.418812 2 6 3 58 208320
Rx 0.418908 2 2 3 2 0
Rx 0.419508 2 6 3 764 204160
Rx 0.419679 2 6 3 686 274880
Rx 0.419721 2 3 3 2 0
Rx 0.419721 2 3 3 336 216640
Rx 0.419808 2 4 3 2 0
Rx 0.419808 2 4 3 1335 204160
Rx 0.420187 2 2 3 2 0
Rx 0.420596 2 4 3 1335 291520
Rx 0.420896 2 2 3 1612 291520
Rx 0.421071 2 1 3 2 0
Rx 0.421075 2 6 3 2 0
Rx 0.421075 2 6 3 760 270720
Rx 0.421196 2 6 3 357 291520
Rx 0.421296 2 6 3 169 291520
Rx 0.421333 2 6 3 280 229120
Rx 0.421417 2 6 3 502 212480
Rx 0.421421 2 4 3 2 0
Rx 0.421421 2 4 3 58 216640
Rx 0.421608 2 6 3 58 204160
Rx 0.421946 2 6 3 58 241600
Rx 0.422092 2 2 3 2 0
Rx 0.422092 2 2 3 558 587360
Rx 0.422096 2 3 3 336 0
Rx 0.422396 2 4 3 1390 291520
Rx 0.42255 2 2 3 114 245760
Rx 0.422875 2 2 3 2 0
Rx 0.422875 2 2 3 613 270720
Rx 0.423317 2 2 3 1668 212480
Rx 0.423712 2 6 3 2 0
Rx 0.423712 2 6 3 114 208320
Rx 0.424292 2 2 3 2 0
Rx 0.424292 2 2 3 58 287360
Rx 0.424408 2 6 3 764 204160
Rx 0.424512 2 6 3 631 208320
Rx 0.424517 2 4 3 2 0
Rx 0.424517 2 4 3 1335 212480
Rx 0.425396 2 6 3 2 0
Rx 0.425396 2 6 3 58 291520
Rx 0.425496 2 4 3 225 291520
Rx 0.426079 2 2 3 2 0
Rx 0.426079 2 2 3 611 274880
Rx 0.426196 2 2 3 615 291520
Rx 0.426296 2 2 3 339 291520
Rx 0.426392 2 4 3 2 0
Rx 0.426392 2 4 3 336 287360
Rx 0.426396 2 6 3 2 0
Rx 0.426475 2 4 3 280 270720
Rx 0.426479 2 6 3 764 274880
Rx 0.426554 2 6 3 964 249920
Rx 0.426612 2 6 3 447 208320
Rx 0.426929 2 2 3 613 224960
Rx 0.427296 2 4 3 1772 291520
Rx 0.427346 2 4 3 2 0
Rx 0.427408 2 2 3 2 0
Rx 0.427408 2 2 3 114 204160
Rx 0.427796 2 2 3 613 291520
Rx 0.428129 2 4 3 289 224960
Rx 0.428208 2 2 3 613 204160
Rx 0.428312 2 2 3 1057 208320
Rx 0.428621 2 6 3 2 0
Rx 0.428621 2 6 3 169 216640
Rx 0.429121 2 2 3 2 0
Rx 0.429121 2 2 3 114 216640
Rx 0.429308 2 6 3 764 204160
Rx 0.429412 2 6 3 520 208320
Rx 0.429417 2 4 3 2 0
Rx 0.429417 2 4 3 1279 212480
Rx 0.430496 2 4 3 2 0
Rx 0.430896 2 6 3 2 0
Rx 0.430896 2 6 3 169 891520
Rx 0.430996 2 2 3 2 0
Rx 0.430996 2 2 3 611 291520
Rx 0.431096 2 2 3 950 291520
Rx 0.431283 2 4 3 946 279040
Rx 0.431646 2 6 3 2 0
Rx 0.431646 2 6 3 760 241600
Rx 0.431796 2 6 3 764 291520
Rx 0.431854 2 6 3 652 249920
Rx 0.432017 2 2 3 2 0
Rx 0.432142 2 2 3 692 237440
Rx 0.432146 2 4 3 2 0
Rx 0.432146 2 4 3 1668 241600
Rx 0.432321 2 2 3 92 216640
Rx 0.432533 2 6 3 58 229120
Rx 0.432696 2 2 3 558 291520
Rx 0.432937 2 2 3 502 233280
Rx 0.433033 2 2 3 2 0
Rx 0.433037 2 4 3 391 233280
Rx 0.433208 2 2 3 613 204160
Rx 0.433312 2 2 3 558 208320
Rx 0.434208 2 6 3 2 0
Rx 0.434208 2 6 3 760 204160
Rx 0.434312 2 6 3 635 208320
Rx 0.434317 2 4 3 2 0
Rx 0.434317 2 4 3 1224 212480
Rx 0.435108 2 6 3 58 204160
Rx 0.435233 2 4 3 58 229120
Rx 0.435496 2 2 3 2 0
Rx 0.435496 2 2 3 169 291520
Rx 0.435792 2 2 3 502 287360
Rx 0.435796 2 6 3 2 0
Rx 0.435796 2 6 3 169 291520
Rx 0.435908 2 2 3 613 204160
Rx 0.436096 2 2 3 280 291520
Rx 0.436158 2 4 3 2 0
Rx 0.436158 2 4 3 669 254080
Rx 0.436296 2 2 3 114 291520
Rx 0.436592 2 6 3 692 287360
Rx 0.436596 2 2 3 2 0
Rx 0.436696 2 6 3 1386 291520
Rx 0.436796 2 6 3 2 0
Rx 0.437042 2 2 3 613 237440
Rx 0.437046 2 4 3 1446 241600
Rx 0.437183 2 2 3 280 279040
Rx 0.437396 2 2 3 169 291520
Rx 0.437487 2 6 3 209 283200
Rx 0.437796 2 2 3 2 0
Rx 0.437796 2 2 3 336 291520
Rx 0.437896 2 5 3 2 0
Rx 0.437987 2 2 3 447 283200
Rx 0.437992 2 4 3 2 0
Rx 0.437992 2 4 3 891 287360
Rx 0.437996 2 5 3 45 291520
Rx 0.438092 2 5 3 45 287360
Rx 0.438162 2 2 3 447 258240
Rx 0.438196 2 5 3 355 291520
Rx 0.438287 2 2 3 169 283200
Rx 0.438296 2 5 3 1679 291520
Rx 0.438342 2 5 3 447 237440
Rx 0.438412 2 2 3 225 208320
Rx 0.438508 2 5 3 835 204160
Rx 0.438787 2 2 3 2 0
Rx 0.438896 2 4 3 58 291520
Rx 0.439108 2 6 3 2 0
Rx 0.439108 2 6 3 760 204160
Rx 0.439112 2 4 3 2 0
Rx 0.439112 2 4 3 1168 208320
Rx 0.439212 2 6 3 579 208320
Rx 0.440025 2 4 3 114 220800
Rx 0.440029 2 6 3 114 224960
Rx 0.440267 2 2 3 2 0
Rx 0.440267 2 2 3 611 262400
Rx 0.440562 2 5 3 2 0
Rx 0.440562 2 5 3 169 258240
Rx 0.440667 2 2 3 615 262400
Rx 0.440812 2 2 3 783 208320
Rx 0.440962 2 2 3 114 258240
Rx 0.441192 2 4 3 2 0
Rx 0.441192 2 4 3 169 287360
Rx 0.441196 2 6 3 2 0
Rx 0.441196 2 6 3 169 291520
Rx 0.441696 2 6 3 669 291520
Rx 0.441783 2 6 3 1390 579040
Rx 0.441908 2 2 3 2 0
Rx 0.441908 2 2 3 688 204160
Rx 0.441912 2 4 3 1224 208320
Rx 0.442012 2 2 3 429 208320
Rx 0.442396 2 6 3 2 0
Rx 0.442592 2 2 3 336 287360
Rx 0.442708 2 2 3 391 204160
Rx 0.442867 2 4 3 2 0
Rx 0.442867 2 4 3 1612 262400
Rx 0.442871 2 5 3 169 0
Rx 0.443217 2 2 3 2 0
Rx 0.443217 2 2 3 688 212480
Rx 0.443412 2 2 3 207 208320
Rx 0.443796 2 4 3 114 291520
Rx 0.443817 2 6 3 2 0
Rx 0.443817 2 6 3 558 212480
Rx 0.444008 2 6 3 764 204160
Rx 0.444012 2 4 3 2 0
Rx 0.444012 2 4 3 391 208320
Rx 0.444108 2 6 3 242 204160
Rx 0.444908 2 4 3 835 204160
Rx 0.444912 2 6 3 2 0
Rx 0.445296 2 2 3 2 0
Rx 0.445296 2 2 3 114 291520
Rx 0.445542 2 2 3 692 237440
Rx 0.445621 2 2 3 869 216640
Rx 0.445712 2 2 3 391 208320
Rx 0.445817 2 4 3 2 0
Rx 0.445817 2 4 3 280 212480
Rx 0.446483 2 2 3 2 0
Rx 0.446487 2 6 3 2 0
Rx 0.446487 2 6 3 760 283200
Rx 0.446696 2 6 3 801 291520
Rx 0.446787 2 2 3 280 283200
Rx 0.446796 2 6 3 114 291520
Rx 0.446971 2 6 3 502 266560
Rx 0.446975 2 2 3 336 270720
Rx 0.446979 2 4 3 2 0
Rx 0.447012 2 6 3 225 208320
Rx 0.447017 2 2 3 225 212480
Rx 0.447283 2 6 3 58 279040
Rx 0.447742 2 2 3 2 0
Rx 0.447742 2 2 3 1057 237440
Rx 0.447746 2 4 3 1772 241600
Rx 0.447854 2 4 3 1010 249920
Rx 0.448125 2 2 3 946 220800
Rx 0.448687 2 4 3 2 0
Rx 0.448687 2 4 3 169 283200
Rx 0.448908 2 4 3 391 204160
Rx 0.449008 2 6 3 2 0
Rx 0.449008 2 6 3 502 204160
Rx 0.449108 2 6 3 764 204160
Rx 0.449208 2 6 3 242 204160
Rx 0.449808 2 4 3 2 0
Rx 0.449996 2 6 3 58 291520
Rx 0.450196 2 2 3 2 0
Rx 0.450196 2 2 3 114 291520
Rx 0.450408 2 2 3 764 204160
Rx 0.450717 2 4 3 1168 212480
Rx 0.450896 2 2 3 1130 591520
Rx 0.451387 2 2 3 2 0
Rx 0.451392 2 6 3 2 0
Rx 0.451392 2 6 3 760 287360
Rx 0.451496 2 6 3 413 291520
Rx 0.451558 2 6 3 502 254080
Rx 0.451617 2 6 3 336 212480
Rx 0.451621 2 2 3 502 216640
Rx 0.451712 2 6 3 280 208320
Rx 0.451808 2 2 3 391 204160
Rx 0.451912 2 6 3 225 208320
Rx 0.452596 2 2 3 2 0
Rx 0.452596 2 2 3 558 291520
Rx 0.452687 2 4 3 2 0
Rx 0.452687 2 4 3 1768 283200
Rx 0.452712 2 4 3 959 208320
Rx 0.452717 2 2 3 502 212480
Rx 0.452808 2 2 3 502 204160
Rx 0.453021 2 2 3 447 216640
Rx 0.453596 2 4 3 225 291520
Rx 0.453662 2 2 3 2 0
Rx 0.453808 2 4 3 2 0
Rx 0.453996 2 6 3 2 0
Rx 0.453996 2 6 3 447 291520
Rx 0.454408 2 6 3 764 204160
Rx 0.454533 2 6 3 298 229120
Rx 0.454896 2 6 3 58 291520
Rx 0.455008 2 2 3 2 0
Rx 0.455008 2 2 3 169 204160
Rx 0.455396 2 2 3 669 291520
Rx 0.455608 2 2 3 669 204160
Rx 0.455612 2 4 3 2 0
Rx 0.455612 2 4 3 1557 208320
Rx 0.455771 2 2 3 502 266560
Rx 0.456296 2 6 3 2 0
Rx 0.456296 2 6 3 760 291520
Rx 0.456492 2 6 3 579 287360
Rx 0.456508 2 6 3 225 204160
Rx 0.456512 2 2 3 2 0
Rx 0.456512 2 2 3 760 208320
Rx 0.456608 2 6 3 391 204160
Rx 0.456708 2 6 3 558 204160
Rx 0.45695 2 2 3 191 545760
Rx 0.457492 2 2 3 692 287360
Rx 0.457496 2 6 3 2 0
Rx 0.457587 2 2 3 2 0
Rx 0.457592 2 4 3 2 0
Rx 0.457592 2 4 3 1768 287360
Rx 0.457692 2 2 3 591 287360
Rx 0.457696 2 4 3 959 291520
Rx 0.457796 2 2 3 502 291520
Rx 0.457896 2 2 3 225 291520
Rx 0.458096 2 3 3 2 0
Rx 0.458096 2 3 3 41 291520
Rx 0.458117 2 3 3 45 212480
Rx 0.458212 2 3 3 97 208320
Rx 0.458337 2 3 3 2508 233280
Rx 0.458454 2 4 3 114 249920
Rx 0.458517 2 3 3 159 212480
Rx 0.458521 2 2 3 2 0
Rx 0.458896 2 6 3 2 0
Rx 0.458896 2 6 3 502 291520
Rx 0.458992 2 3 3 58 287360
Rx 0.459296 2 1 3 2 0
Rx 0.459296 2 1 3 41 291520
Rx 0.459387 2 6 3 669 283200
Rx 0.459396 2 1 3 97 291520
Rx 0.459479 2 6 3 336 274880
Rx 0.459487 2 1 3 95 283200
Rx 0.459592 2 6 3 114 287360
Rx 0.459596 2 1 3 1772 291520
Rx 0.459683 2 1 3 1772 279040
Rx 0.45975 2 1 3 907 245760
Rx 0.459896 2 1 3 1279 291520
Rx 0.459921 2 2 3 2 0
Rx 0.459921 2 2 3 225 216640
Rx 0.460092 2 1 3 1113 287360
Rx 0.460296 2 2 3 613 291520
Rx 0.460387 2 2 3 280 283200
Rx 0.460392 2 4 3 2 0
Rx 0.460392 2 4 3 780 287360
Rx 0.460508 2 4 3 946 204160
Rx 0.460512 2 2 3 391 208320
Rx 0.460642 2 2 3 502 237440
Rx 0.460646 2 3 3 2 0
Rx 0.460646 2 3 3 613 241600
Rx 0.461171 2 2 3 2 0
Rx 0.461175 2 6 3 2 0
Rx 0.461175 2 6 3 688 270720
Rx 0.461383 2 6 3 706 279040
Rx 0.461454 2 6 3 336 249920
Rx 0.461529 2 6 3 613 224960
Rx 0.461608 2 6 3 169 204160
Rx 0.461712 2 1 3 2 0
Rx 0.461712 2 1 3 58 208320
Rx 0.461871 2 2 3 1057 266560
Rx 0.462392 2 2 3 2 0
Rx 0.462392 2 2 3 946 287360
Rx 0.462396 2 6 3 2 0
Rx 0.462408 2 4 3 2 0
Rx 0.462408 2 4 3 1768 204160
Rx 0.462512 2 4 3 792 208320
Rx 0.462521 2 2 3 613 216640
Rx 0.462612 2 3 3 2 0
Rx 0.462612 2 3 3 58 208320
Rx 0.462771 2 4 3 169 266560
Rx 0.463242 2 2 3 447 237440
Rx 0.463371 2 4 3 169 266560
Rx 0.464008 2 6 3 2 0
Rx 0.464008 2 6 3 558 504160
Rx 0.464012 2 1 3 58 0
Rx 0.464112 2 6 3 692 208320
Rx 0.464346 2 6 3 425 241600
Rx 0.464896 2 2 3 2 0
Rx 0.464896 2 2 3 225 291520
Rx 0.464996 2 3 3 58 0
Rx 0.465154 2 2 3 692 249920
Rx 0.465208 2 4 3 2 0
Rx 0.465208 2 4 3 1501 204160
Rx 0.465312 2 4 3 225 208320
Rx 0.465321 2 2 3 813 216640
Rx 0.465408 2 2 3 225 204160
Rx 0.465996 2 2 3 2 0
Rx 0.466037 2 6 3 2 0
Rx 0.466037 2 6 3 688 233280
Rx 0.466108 2 6 3 692 204160
Rx 0.466296 2 6 3 962 291520
Rx 0.466396 2 6 3 225 291520
Rx 0.466771 2 2 3 692 266560
Rx 0.466896 2 2 3 425 291520
Rx 0.467196 2 2 3 2 0
Rx 0.467196 2 2 3 558 291520
Rx 0.46725 2 2 3 225 245760
Rx 0.467308 2 4 3 2 0
Rx 0.467308 2 4 3 1768 204160
Rx 0.467408 2 4 3 959 204160
Rx 0.467412 2 2 3 558 208320
Rx 0.467692 2 2 3 225 287360
Rx 0.468192 2 2 3 2 0
Rx 0.468208 2 4 3 225 204160
Rx 0.468592 2 6 3 2 0
Rx 0.468592 2 6 3 225 0
Rx 0.469321 2 6 3 764 216640
Rx 0.469412 2 6 3 353 208320
Rx 0.469796 2 2 3 2 0
Rx 0.469796 2 2 3 724 291520
Rx 0.469896 2 2 3 502 291520
Rx 0.470008 2 2 3 336 204160
Rx 0.470108 2 2 3 391 204160
Rx 0.470112 2 4 3 2 0
Rx 0.470112 2 4 3 1723 208320
Rx 0.470317 2 2 3 447 212480
Rx 0.470996 2 2 3 2 0
Rx 0.471033 2 4 3 58 229120
Rx 0.471287 2 6 3 2 0
Rx 0.471287 2 6 3 760 583200
Rx 0.471296 2 6 3 447 291520
Rx 0.471362 2 6 3 1245 558240
Rx 0.471367 2 6 3 114 262400
Rx 0.471417 2 6 3 558 512480
Rx 0.471696 2 2 3 613 291520
Rx 0.471796 2 2 3 613 291520
Rx 0.471896 2 2 3 169 291520
Rx 0.471996 2 2 3 2 0
Rx 0.472112 2 2 3 780 208320
Rx 0.472117 2 6 3 2 0
Rx 0.472212 2 2 3 280 208320
Rx 0.472217 2 4 3 2 0
Rx 0.472217 2 4 3 1768 212480
Rx 0.472312 2 4 3 903 208320
Rx 0.472408 2 2 3 336 204160
Rx 0.473108 2 4 3 280 204160
Rx 0.473608 2 6 3 58 204160
Rx 0.474596 2 2 3 2 0
Rx 0.474692 2 6 3 2 0
Rx 0.474692 2 6 3 688 287360
Rx 0.474796 2 6 3 373 291520
Rx 0.475096 2 4 3 2 0
Rx 0.475096 2 4 3 1723 291520
Rx 0.475208 2 2 3 613 204160
Rx 0.475312 2 2 3 1231 208320
Rx 0.475421 2 2 3 496 216640
Rx 0.475521 2 6 3 58 216640
Rx 0.475996 2 4 3 114 291520
Rx 0.476187 2 2 3 2 0
Rx 0.476187 2 2 3 58 283200
Rx 0.476192 2 6 3 2 0
Rx 0.476192 2 6 3 760 287360
Rx 0.476296 2 6 3 1245 291520
Rx 0.476492 2 6 3 225 287360
Rx 0.476496 2 2 3 336 291520
Rx 0.476596 2 6 3 225 291520
Rx 0.476696 2 2 3 502 291520
Rx 0.476787 2 2 3 280 283200
Rx 0.476792 2 6 3 391 287360
Rx 0.476996 2 2 3 502 291520
Rx 0.477171 2 4 3 2 0
Rx 0.477171 2 4 3 1768 266560
Rx 0.477208 2 4 3 848 204160
Rx 0.477212 2 2 3 2 0
Rx 0.477212 2 2 3 611 208320
Rx 0.477417 2 2 3 561 212480
Rx 0.477608 2 6 3 2 0
Rx 0.477608 2 6 3 336 204160
Rx 0.478021 2 4 3 336 216640
Rx 0.478308 2 2 3 2 0
Rx 0.478896 2 6 3 58 591520
Rx 0.478996 2 5 3 2 0
Rx 0.478996 2 5 3 41 291520
Rx 0.479096 2 5 3 97 291520
Rx 0.479196 2 5 3 148 291520
Rx 0.479296 2 5 3 2508 291520
Rx 0.479496 2 5 3 1250 291520
Rx 0.479583 2 6 3 2 0
Rx 0.479583 2 6 3 688 279040
Rx 0.479592 2 5 3 474 287360
Rx 0.479696 2 6 3 262 291520
Rx 0.479783 2 6 3 58 279040
Rx 0.479787 2 5 3 1250 283200
Rx 0.479896 2 5 3 422 291520
Rx 0.479987 2 4 3 2 0
Rx 0.479987 2 4 3 1224 283200
Rx 0.479996 2 5 3 2 0
Rx 0.480092 2 4 3 391 287360
Rx 0.480096 2 5 3 558 291520
Rx 0.480187 2 4 3 114 283200
Rx 0.480196 2 2 3 2 0
Rx 0.480196 2 2 3 611 291520
Rx 0.480262 2 2 3 561 258240
Rx 0.480321 2 2 3 447 216640
Rx 0.480412 2 2 3 447 208320
Rx 0.480417 2 6 3 114 212480
Rx 0.480687 2 2 3 280 283200
Rx 0.480896 2 4 3 169 291520
Rx 0.480987 2 2 3 114 283200
Rx 0.480992 2 5 3 2 0
Rx 0.481092 2 6 3 2 0
Rx 0.481092 2 6 3 688 287360
Rx 0.481196 2 6 3 1261 291520
Rx 0.481279 2 2 3 2 0
Rx 0.481279 2 2 3 225 274880
Rx 0.481292 2 6 3 225 287360
Rx 0.481396 2 6 3 280 291520
Rx 0.481483 2 2 3 447 279040
Rx 0.481487 2 5 3 391 283200
Rx 0.481596 2 2 3 225 291520
Rx 0.481696 2 6 3 391 291520
Rx 0.481796 2 2 3 613 291520
Rx 0.481892 2 2 3 114 287360
Rx 0.482058 2 2 3 558 254080
Rx 0.482062 2 4 3 2 0
Rx 0.482062 2 4 3 1768 258240
Rx 0.482112 2 4 3 792 208320
Rx 0.482221 2 2 3 2 0
Rx 0.482908 2 6 3 2 0
Rx 0.482908 2 6 3 391 204160
Rx 0.482912 2 4 3 391 208320
Rx 0.483508 2 5 3 2 0
Rx 0.483708 2 6 3 58 204160
Rx 0.48435 2 2 3 2 0
Rx 0.48435 2 2 3 669 245760
Rx 0.484796 2 6 3 2 0
Rx 0.484796 2 6 3 760 591520
Rx 0.484892 2 6 3 246 587360
Rx 0.484896 2 4 3 2 0
Rx 0.484896 2 4 3 1768 291520
Rx 0.485096 2 2 3 613 291520
Rx 0.485167 2 2 3 502 262400
Rx 0.485225 2 2 3 447 220800
Rx 0.485229 2 6 3 114 224960
Rx 0.485329 2 2 3 2 0
Rx 0.485596 2 2 3 613 291520
Rx 0.485696 2 2 3 280 291520
Rx 0.485796 2 4 3 182 291520
Rx 0.485996 2 6 3 2 0
Rx 0.485996 2 6 3 688 291520
Rx 0.486096 2 6 3 873 291520
Rx 0.486196 2 2 3 225 291520
Rx 0.486296 2 6 3 225 291520
Rx 0.486492 2 6 3 502 287360
Rx 0.486496 2 2 3 2 0
Rx 0.486496 2 2 3 611 291520
Rx 0.486596 2 6 3 280 291520
Rx 0.486696 2 2 3 672 291520
Rx 0.486737 2 6 3 280 233280
Rx 0.486742 2 2 3 225 237440
Rx 0.486812 2 2 3 225 208320
Rx 0.486912 2 2 3 225 208320
Rx 0.486917 2 4 3 2 0
Rx 0.486917 2 4 3 1768 212480
Rx 0.487012 2 4 3 737 208320
Rx 0.487408 2 6 3 2 0
Rx 0.487408 2 6 3 58 204160
Rx 0.487508 2 2 3 2 0
Rx 0.487808 2 4 3 391 204160
Rx 0.487812 2 6 3 391 208320
Rx 0.488608 2 6 3 2 0
Rx 0.488796 2 4 3 2 0
Rx 0.488796 2 4 3 58 291520
Rx 0.489142 2 2 3 2 0
Rx 0.489142 2 2 3 611 237440
Rx 0.489296 2 2 3 62 291520
Rx 0.489796 2 6 3 2 0
Rx 0.489796 2 6 3 688 291520
Rx 0.489875 2 6 3 318 270720
Rx 0.489879 2 2 3 391 274880
Rx 0.489883 2 4 3 2 0
Rx 0.489883 2 4 3 1668 279040
Rx 0.489987 2 4 3 58 283200
Rx 0.489996 2 6 3 169 291520
Rx 0.490096 2 2 3 336 291520
Rx 0.490196 2 2 3 2 0
Rx 0.490696 2 4 3 225 291520
Rx 0.490879 2 2 3 1723 274880
Rx 0.490975 2 6 3 2 0
Rx 0.490975 2 6 3 760 270720
Rx 0.491096 2 6 3 1023 291520
Rx 0.491296 2 6 3 169 291520
Rx 0.491396 2 6 3 225 291520
Rx 0.491487 2 6 3 391 583200
Rx 0.491492 2 6 3 225 287360
Rx 0.491496 2 2 3 2 0
Rx 0.491496 2 2 3 611 291520
Rx 0.491596 2 2 3 117 291520
Rx 0.491842 2 4 3 2 0
Rx 0.491842 2 4 3 1768 237440
Rx 0.492012 2 4 3 737 208320
Rx 0.492117 2 2 3 891 212480
Rx 0.492317 2 6 3 2 0
Rx 0.492317 2 6 3 169 212480
Rx 0.492417 2 2 3 2 0
Rx 0.492708 2 4 3 447 204160
Rx 0.493012 2 2 3 669 208320
Rx 0.493696 2 4 3 2 0
Rx 0.493696 2 4 3 58 291520
Rx 0.494196 2 2 3 2 0
Rx 0.494196 2 2 3 611 291520
Rx 0.494396 2 6 3 2 0
Rx 0.494396 2 6 3 169 0
Rx 0.494679 2 2 3 339 274880
Rx 0.494687 2 6 3 835 283200
Rx 0.494708 2 4 3 2 0
Rx 0.494708 2 4 3 1335 204160
Rx 0.494717 2 6 3 169 212480
Rx 0.494808 2 2 3 225 204160
Rx 0.494908 2 4 3 391 204160
Rx 0.494912 2 6 3 502 208320
Rx 0.495117 2 2 3 2 0
Rx 0.495596 2 4 3 280 291520
Rx 0.495796 2 2 3 692 291520
Rx 0.495892 2 2 3 369 287360
Rx 0.495896 2 6 3 2 0
Rx 0.495896 2 6 3 688 291520
Rx 0.495992 2 2 3 225 287360
Rx 0.495996 2 6 3 429 291520
Rx 0.496087 2 2 3 225 283200
Rx 0.496096 2 6 3 280 291520
Rx 0.496187 2 2 3 2 0
Rx 0.496192 2 6 3 225 287360
Rx 0.496283 2 2 3 391 279040
Rx 0.496287 2 6 3 336 283200
Rx 0.496383 2 2 3 225 279040
Rx 0.496387 2 6 3 225 283200
Rx 0.496492 2 2 3 225 287360
Rx 0.496596 2 2 3 169 291520
Rx 0.496696 2 2 3 114 291520
Rx 0.496792 2 4 3 2 0
Rx 0.496792 2 4 3 1557 287360
Rx 0.496796 2 2 3 58 291520
Rx 0.496867 2 4 3 391 262400
Rx 0.497008 2 4 3 502 204160
Rx 0.497012 2 6 3 2 0
Rx 0.497012 2 6 3 760 208320
Rx 0.497017 2 2 3 558 212480
Rx 0.497208 2 2 3 2 0
Rx 0.497217 2 6 3 135 212480
Rx 0.497608 2 4 3 447 204160
Rx 0.497908 2 4 3 2 0
Rx 0.497917 2 2 3 724 212480
Rx 0.498596 2 4 3 114 291520
Rx 0.499096 2 3 3 2 0
Rx 0.499096 2 3 3 41 291520
Rx 0.499192 2 2 3 2 0
Rx 0.499192 2 2 3 688 287360
Rx 0.499196 2 3 3 45 291520
Rx 0.499275 2 2 3 151 270720
Rx 0.499283 2 3 3 97 279040
Rx 0.499379 2 2 3 169 274880
Rx 0.499396 2 3 3 200 291520
Rx 0.499475 2 2 3 169 270720
Rx 0.499492 2 3 3 200 287360
Rx 0.499571 2 2 3 58 266560
Rx 0.499587 2 3 3 200 283200
Rx 0.499658 2 6 3 2 0
Rx 0.499658 2 6 3 114 554080
Rx 0.499662 2 4 3 2 0
Rx 0.499662 2 4 3 780 258240
Rx 0.499671 2 2 3 114 266560
Rx 0.499683 2 3 3 1410 279040
Rx 0.499758 2 4 3 280 254080
Rx 0.499767 2 2 3 114 262400
Rx 0.499775 2 3 3 225 270720
Rx 0.499871 2 6 3 225 566560
Rx 0.499875 2 4 3 280 270720
Rx 0.499887 2 3 3 169 283200
Rx 0.499975 2 6 3 114 570720
Rx 0.499979 2 4 3 280 274880
Rx 0.499987 2 3 3 225 283200
Rx 0.500075 2 6 3 114 570720
Rx 0.500079 2 4 3 114 274880
Rx 0.500087 2 3 3 2 0
Rx 0.500175 2 6 3 58 570720
Rx 0.500187 2 3 3 391 283200
Rx 0.500275 2 6 3 114 570720
Rx 0.500279 2 1 3 2 0
Rx 0.500283 2 3 3 225 279040
Rx 0.500375 2 6 3 58 570720
Rx 0.500379 2 1 3 45 274880
Rx 0.500383 2 3 3 169 279040
Rx 0.500387 2 4 3 336 283200
Rx 0.500475 2 6 3 114 570720
Rx 0.500479 2 1 3 45 274880
Rx 0.500483 2 3 3 225 279040
Rx 0.500571 2 6 3 169 566560
Rx 0.500587 2 1 3 199 283200
Rx 0.500592 2 3 3 169 287360
Rx 0.500596 2 6 3 114 291520
Rx 0.500658 2 6 3 2 0
Rx 0.500662 2 6 3 58 258240
Rx 0.500675 2 1 3 148 270720
Rx 0.500679 2 2 3 2 0
Rx 0.500679 2 2 3 280 274880
Rx 0.500683 2 3 3 225 279040
Rx 0.500758 2 6 3 169 554080
Rx 0.500762 2 6 3 114 258240
Rx 0.500775 2 1 3 148 270720
Rx 0.500779 2 2 3 58 274880
Rx 0.500875 2 6 3 58 270720
Rx 0.500892 2 1 3 200 287360
Rx 0.500987 2 1 3 200 283200
Rx 0.500996 2 3 3 336 291520
Rx 0.501058 2 6 3 169 254080
Rx 0.501071 2 1 3 148 266560
Rx 0.501079 2 3 3 2 0
Rx 0.501171 2 6 3 114 266560
Rx 0.501183 2 1 3 148 279040
Rx 0.501192 2 3 3 336 287360
Rx 0.501283 2 1 3 2 0
Rx 0.501292 2 3 3 169 287360
Rx 0.501375 2 6 3 2 0
Rx 0.501387 2 1 3 146 283200
Rx 0.501396 2 3 3 169 291520
Rx 0.501483 2 1 3 148 279040
Rx 0.501492 2 3 3 114 287360
Rx 0.501571 2 2 3 114 866560
Rx 0.501587 2 1 3 148 283200
Rx 0.501596 2 3 3 169 291520
Rx 0.501662 2 2 3 58 858240
Rx 0.501671 2 6 3 280 266560
Rx 0.501683 2 1 3 148 279040
Rx 0.501692 2 3 3 169 287360
Rx 0.501696 2 4 3 2 0
Rx 0.501696 2 4 3 558 291520
Rx 0.501767 2 2 3 114 862400
Rx 0.501779 2 4 3 225 274880
Rx 0.501792 2 1 3 148 287360
Rx 0.501871 2 2 3 58 866560
Rx 0.501883 2 4 3 225 279040
Rx 0.501887 2 6 3 169 283200
Rx 0.501896 2 1 3 97 291520
Rx 0.501971 2 2 3 114 866560
Rx 0.501979 2 3 3 225 274880
Rx 0.501983 2 4 3 114 279040
Rx 0.501987 2 6 3 58 283200
Rx 0.501996 2 1 3 97 291520
Rx 0.502067 2 2 3 58 862400
Rx 0.502075 2 2 3 114 270720
Rx 0.502079 2 3 3 2 0
Rx 0.502083 2 4 3 225 279040
Rx 0.502087 2 6 3 58 283200
Rx 0.502096 2 1 3 1851 291520
Rx 0.502171 2 2 3 58 866560
Rx 0.502179 2 2 3 58 274880
Rx 0.502183 2 3 3 280 279040
Rx 0.502187 2 4 3 225 283200
Rx 0.502271 2 2 3 2 0
Rx 0.502275 2 1 3 2 0
Rx 0.502279 2 2 3 58 274880
Rx 0.502283 2 3 3 169 279040
Rx 0.502287 2 4 3 169 283200
Rx 0.502371 2 2 3 169 866560
Rx 0.502375 2 1 3 558 270720
Rx 0.502379 2 2 3 114 274880
Rx 0.502383 2 3 3 114 279040
Rx 0.502387 2 4 3 225 283200
Rx 0.502479 2 6 3 58 574880
Rx 0.502483 2 2 3 58 279040
Rx 0.502487 2 3 3 169 283200
Rx 0.502579 2 6 3 114 574880
Rx 0.502583 2 1 3 391 279040
Rx 0.502587 2 2 3 58 283200
Rx 0.502592 2 3 3 114 287360
Rx 0.502596 2 6 3 2 0
Rx 0.502596 2 6 3 114 291520
Rx 0.502675 2 1 3 225 270720
Rx 0.502679 2 2 3 2 0
Rx 0.502683 2 3 3 169 279040
Rx 0.502687 2 4 3 2 0
Rx 0.502692 2 6 3 58 287360
Rx 0.502783 2 2 3 169 279040
Rx 0.502792 2 4 3 669 287360
Rx 0.502796 2 6 3 114 291520
Rx 0.502883 2 1 3 558 279040
Rx 0.502892 2 4 3 58 287360
Rx 0.502896 2 6 3 114 291520
Rx 0.502971 2 1 3 336 266560
Rx 0.502975 2 3 3 169 270720
Rx 0.502983 2 6 3 114 279040
Rx 0.503079 2 6 3 169 274880
Rx 0.503187 2 6 3 114 283200
Rx 0.503192 2 1 3 391 287360
Rx 0.503287 2 6 3 114 283200
Rx 0.503292 2 1 3 2 0
Rx 0.503387 2 2 3 280 583200
Rx 0.503479 2 2 3 114 574880
Rx 0.503487 2 4 3 336 283200
Rx 0.503596 2 6 3 2 0
Rx 0.503687 2 2 3 280 583200
Rx 0.503696 2 6 3 669 291520
Rx 0.503792 2 2 3 169 587360
Rx 0.503892 2 3 3 2 0
Rx 0.503892 2 3 3 114 587360
Rx 0.503896 2 6 3 280 291520
Rx 0.503987 2 2 3 2 0
Rx 0.503996 2 6 3 225 291520
Rx 0.504087 2 2 3 613 583200
Rx 0.504092 2 2 3 502 287360
Rx 0.504292 2 2 3 225 587360
Rx 0.504296 2 2 3 613 291520
Rx 0.504396 2 2 3 447 291520
Rx 0.504517 2 2 3 336 212480
Rx 0.504521 2 4 3 2 0
Rx 0.504521 2 4 3 760 216640
Rx 0.504625 2 2 3 2 0
Rx 0.504633 2 4 3 635 229120
Rx 0.504637 2 1 3 2 0
Rx 0.504637 2 1 3 558 233280
Rx 0.504746 2 6 3 2 0
Rx 0.504746 2 6 3 558 241600
Rx 0.504825 2 2 3 225 220800
Rx 0.504829 2 4 3 391 224960
Rx 0.504933 2 2 3 58 229120
Rx 0.505058 2 6 3 114 254080
Rx 0.505192 2 4 3 336 287360
Rx 0.505217 2 6 3 114 512480
Rx 0.505221 2 6 3 280 216640
Rx 0.505433 2 2 3 336 229120
Rx 0.505612 2 6 3 502 208320
Rx 0.505708 2 6 3 2 0
Rx 0.505929 2 6 3 280 224960
Rx 0.506342 2 2 3 2 0
Rx 0.506342 2 2 3 169 237440
Rx 0.506533 2 2 3 169 229120
Rx 0.506537 2 4 3 2 0
Rx 0.506537 2 4 3 1002 233280
Rx 0.506542 2 6 3 391 237440
Rx 0.506617 2 2 3 58 212480
Rx 0.506621 2 4 3 114 216640
Rx 0.506625 2 1 3 2 0
Rx 0.506625 2 1 3 58 220800
Rx 0.506771 2 4 3 225 266560
Rx 0.506775 2 6 3 2 0
Rx 0.506875 2 2 3 169 270720
Rx 0.506879 2 4 3 169 274880
Rx 0.506987 2 4 3 169 283200
Rx 0.507033 2 4 3 280 229120
Rx 0.507037 2 2 3 225 233280
Rx 0.507267 2 6 3 447 262400
Rx 0.507442 2 6 3 58 237440
Rx 0.507446 2 2 3 2 0
Rx 0.507446 2 2 3 558 241600
Rx 0.507629 2 4 3 2 0
Rx 0.50785 2 6 3 2 0
Rx 0.50785 2 6 3 669 245760
Rx 0.507908 2 6 3 58 204160
Rx 0.508096 2 6 3 58 291520
Rx 0.508262 2 2 3 280 258240
Rx 0.508396 2 4 3 1057 291520
Rx 0.508496 2 6 3 447 291520
Rx 0.508542 2 2 3 2 0
Rx 0.508679 2 6 3 613 274880
Rx 0.508796 2 6 3 114 291520
Rx 0.508983 2 2 3 1557 279040
Rx 0.508992 2 1 3 58 0
Rx 0.509192 2 2 3 447 287360
Rx 0.509292 2 2 3 169 287360
Rx 0.509483 2 2 3 447 279040
Rx 0.509487 2 4 3 2 0
Rx 0.509487 2 4 3 1390 283200
Rx 0.509562 2 4 3 391 258240
Rx 0.509567 2 2 3 2 0
Rx 0.509792 2 2 3 946 287360
Rx 0.509896 2 6 3 2 0
Rx 0.509896 2 6 3 336 291520
Rx 0.509921 2 4 3 391 216640
Rx 0.510096 2 6 3 613 291520
Rx 0.510112 2 6 3 58 208320
Rx 0.510358 2 6 3 502 254080
Rx 0.510408 2 2 3 58 204160
Rx 0.510812 2 6 3 2 0
Rx 0.511321 2 6 3 669 216640
Rx 0.511483 2 2 3 2 0
Rx 0.511483 2 2 3 611 279040
Rx 0.511487 2 4 3 2 0
Rx 0.511487 2 4 3 1224 283200
Rx 0.511508 2 2 3 284 204160
Rx 0.511683 2 4 3 447 279040
Rx 0.511708 2 2 3 225 204160
Rx 0.511712 2 4 3 280 208320
Rx 0.512108 2 6 3 2 0
Rx 0.512108 2 6 3 558 204160
Rx 0.512333 2 2 3 447 229120
Rx 0.512721 2 6 3 692 216640
Rx 0.512896 2 6 3 147 291520
Rx 0.513187 2 4 3 2 0
Rx 0.513187 2 4 3 1002 283200
Rx 0.513208 2 6 3 2 0
Rx 0.513208 2 6 3 447 204160
Rx 0.513392 2 6 3 169 287360
Rx 0.513592 2 2 3 2 0
Rx 0.513592 2 2 3 391 287360
Rx 0.513596 2 6 3 502 291520
Rx 0.513896 2 2 3 613 291520
Rx 0.513996 2 2 3 1168 291520
Rx 0.514037 2 2 3 391 233280
Rx 0.514042 2 4 3 58 237440
Rx 0.514179 2 2 3 391 274880
Rx 0.514296 2 2 3 58 291520
Rx 0.514396 2 4 3 2 0
Rx 0.514396 2 4 3 1668 291520
Rx 0.514433 2 4 3 114 229120
Rx 0.514437 2 6 3 2 0
Rx 0.514442 2 2 3 391 237440
Rx 0.514592 2 2 3 2 0
Rx 0.514608 2 4 3 391 204160
Rx 0.514787 2 2 3 391 283200
Rx 0.515012 2 6 3 502 208320
Rx 0.515108 2 4 3 58 204160
Rx 0.515308 2 6 3 447 804160
Rx 0.515312 2 2 3 280 208320
Rx 0.515508 2 6 3 558 804160
Rx 0.515996 2 6 3 2 0
Rx 0.515996 2 6 3 58 291520
Rx 0.516308 2 4 3 2 0
Rx 0.516308 2 4 3 1612 204160
Rx 0.516312 2 2 3 2 0
Rx 0.516312 2 2 3 611 208320
Rx 0.516417 2 2 3 284 212480
Rx 0.516587 2 4 3 336 283200
Rx 0.516596 2 2 3 225 291520
Rx 0.516637 2 6 3 613 233280
Rx 0.517008 2 6 3 2 0
Rx 0.517683 2 6 3 1446 279040
Rx 0.518096 2 4 3 2 0
Rx 0.518096 2 4 3 946 291520
Rx 0.518183 2 6 3 2 0
Rx 0.518487 2 2 3 2 0
Rx 0.518487 2 2 3 611 283200
Rx 0.518496 2 6 3 1113 291520
Rx 0.518596 2 2 3 395 291520
Rx 0.518687 2 2 3 502 283200
Rx 0.518796 2 2 3 447 291520
Rx 0.518892 2 2 3 447 287360
Rx 0.518996 2 4 3 114 291520
Rx 0.519083 2 2 3 613 279040
Rx 0.519196 2 2 3 502 291520
Rx 0.519246 2 4 3 2 0
Rx 0.519246 2 4 3 1390 241600
Rx 0.519308 2 2 3 58 204160
Rx 0.519312 2 6 3 2 0
Rx 0.519492 2 2 3 2 0
Rx 0.519496 2 4 3 780 291520
Rx 0.519696 2 2 3 613 291520
Rx 0.519796 2 2 3 58 291520
Rx 0.519996 2 5 3 2 0
Rx 0.519996 2 5 3 41 291520
Rx 0.520092 2 5 3 97 287360
Rx 0.520096 2 4 3 114 291520
Rx 0.520196 2 5 3 148 291520
Rx 0.520262 2 6 3 669 258240
Rx 0.520267 2 2 3 336 262400
Rx 0.520296 2 5 3 355 291520
Rx 0.520362 2 6 3 2 0
Rx 0.520396 2 5 3 355 291520
Rx 0.520454 2 6 3 558 249920
Rx 0.520492 2 5 3 459 287360
Rx 0.520592 2 6 3 169 287360
Rx 0.520596 2 5 3 626 291520
Rx 0.520692 2 6 3 169 287360
Rx 0.520696 2 5 3 336 291520
Rx 0.520796 2 6 3 58 291520
Rx 0.520887 2 5 3 1153 283200
Rx 0.520996 2 5 3 2 0
Rx 0.521187 2 5 3 1153 283200
Rx 0.521283 2 2 3 2 0
Rx 0.521283 2 2 3 447 279040
Rx 0.521287 2 4 3 2 0
Rx 0.521287 2 4 3 1335 283200
Rx 0.521296 2 5 3 425 291520
Rx 0.521392 2 4 3 336 287360
Rx 0.521467 2 5 3 447 262400
Rx 0.521471 2 6 3 2 0
Rx 0.521471 2 6 3 280 266560
Rx 0.521529 2 2 3 280 224960
Rx 0.521533 2 4 3 225 229120
Rx 0.521537 2 5 3 225 233280
Rx 0.521608 2 2 3 169 204160
Rx 0.521612 2 6 3 280 208320
Rx 0.521708 2 5 3 391 204160
Rx 0.521892 2 2 3 58 287360
Rx 0.521912 2 5 3 2 0
Rx 0.522308 2 5 3 835 204160
Rx 0.522312 2 6 3 669 208320
Rx 0.522421 2 4 3 2 0
Rx 0.522558 2 6 3 2 0
Rx 0.522558 2 6 3 760 254080
Rx 0.522608 2 6 3 80 204160
Rx 0.522721 2 2 3 2 0
Rx 0.522721 2 2 3 169 216640
Rx 0.522996 2 4 3 946 291520
Rx 0.523296 2 5 3 2 0
Rx 0.523296 2 5 3 58 291520
Rx 0.523396 2 2 3 613 291520
Rx 0.523496 2 2 3 558 291520
Rx 0.523696 2 2 3 169 291520
Rx 0.523796 2 2 3 2 0
Rx 0.523887 2 4 3 2 0
Rx 0.523887 2 4 3 169 283200
Rx 0.523892 2 6 3 2 0
Rx 0.523892 2 6 3 760 287360
Rx 0.523896 2 2 3 391 291520
Rx 0.523987 2 6 3 357 283200
Rx 0.523992 2 2 3 225 287360
Rx 0.524087 2 2 3 225 283200
Rx 0.524192 2 2 3 391 287360
Rx 0.524196 2 4 3 1612 291520
Rx 0.524292 2 4 3 558 287360
Rx 0.524296 2 2 3 225 291520
Rx 0.524329 2 2 3 447 224960
Rx 0.524425 2 2 3 502 220800
Rx 0.524787 2 2 3 2 0
Rx 0.524792 2 6 3 58 287360
Rx 0.524996 2 4 3 2 0
Rx 0.525075 2 2 3 558 270720
Rx 0.525121 2 6 3 2 0
Rx 0.525121 2 6 3 724 216640
Rx 0.525208 2 6 3 447 204160
Rx 0.525212 2 2 3 280 208320
Rx 0.525308 2 6 3 391 204160
Rx 0.525412 2 6 3 58 208320
Rx 0.525517 2 5 3 58 0
Rx 0.525962 2 2 3 2 0
Rx 0.525962 2 2 3 391 258240
Rx 0.526096 2 2 3 58 291520
Rx 0.526108 2 4 3 2 0
Rx 0.526108 2 4 3 1768 204160
Rx 0.526225 2 4 3 293 220800
Rx 0.526229 2 2 3 225 224960
Rx 0.526317 2 6 3 2 0
Rx 0.526317 2 6 3 558 212480
Rx 0.526321 2 2 3 280 216640
Rx 0.526508 2 2 3 58 204160
Rx 0.527208 2 6 3 692 204160
Rx 0.527462 2 6 3 2 0
Rx 0.527608 2 2 3 2 0
Rx 0.527608 2 2 3 169 204160
Rx 0.527896 2 4 3 2 0
Rx 0.527896 2 4 3 891 291520
Rx 0.528271 2 2 3 692 266560
Rx 0.528396 2 2 3 647 291520
Rx 0.528783 2 2 3 2 0
Rx 0.528783 2 2 3 391 279040
Rx 0.528787 2 4 3 225 283200
Rx 0.528796 2 6 3 2 0
Rx 0.528796 2 6 3 1382 291520
Rx 0.528892 2 6 3 546 287360
Rx 0.528896 2 2 3 391 291520
Rx 0.529092 2 2 3 280 287360
Rx 0.529175 2 4 3 2 0
Rx 0.529175 2 4 3 1768 270720
Rx 0.529208 2 4 3 404 204160
Rx 0.529317 2 2 3 692 212480
Rx 0.529596 2 2 3 591 291520
Rx 0.529692 2 6 3 114 287360
Rx 0.529908 2 6 3 2 0
Rx 0.529908 2 6 3 760 204160
Rx 0.529912 2 2 3 2 0
Rx 0.529912 2 2 3 688 208320
Rx 0.530112 2 6 3 857 208320
Rx 0.530121 2 2 3 96 216640
Rx 0.530867 2 2 3 558 262400
Rx 0.530967 2 2 3 2 0
Rx 0.531008 2 4 3 2 0
Rx 0.531008 2 4 3 1768 204160
Rx 0.531112 2 4 3 293 208320
Rx 0.531208 2 6 3 2 0
Rx 0.531208 2 6 3 502 204160
Rx 0.531408 2 2 3 558 204160
Rx 0.532108 2 6 3 558 204160
Rx 0.532508 2 2 3 2 0
Rx 0.532508 2 2 3 169 204160
Rx 0.532767 2 4 3 2 0
Rx 0.532767 2 4 3 891 262400
Rx 0.533196 2 2 3 692 291520
Rx 0.533296 2 2 3 702 291520
Rx 0.533496 2 2 3 169 291520
Rx 0.533596 2 2 3 2 0
Rx 0.533675 2 4 3 280 270720
Rx 0.533683 2 2 3 391 279040
Rx 0.533783 2 6 3 280 279040
Rx 0.533787 2 2 3 225 283200
Rx 0.533887 2 2 3 169 283200
Rx 0.533983 2 6 3 2 0
Rx 0.533983 2 6 3 724 579040
Rx 0.533987 2 4 3 2 0
Rx 0.533987 2 4 3 835 283200
Rx 0.533996 2 2 3 58 291520
Rx 0.534179 2 6 3 169 574880
Rx 0.534183 2 4 3 835 279040
Rx 0.534283 2 6 3 169 579040
Rx 0.534287 2 4 3 391 283200
Rx 0.534383 2 6 3 169 579040
Rx 0.534387 2 2 3 169 583200
Rx 0.534479 2 6 3 169 574880
Rx 0.534483 2 2 3 169 579040
Rx 0.534487 2 2 3 447 283200
Rx 0.534492 2 4 3 114 287360
Rx 0.534587 2 6 3 169 583200
Rx 0.534596 2 2 3 2 0
Rx 0.534687 2 6 3 280 583200
Rx 0.534692 2 2 3 613 287360
Rx 0.534787 2 6 3 2 0
Rx 0.534787 2 6 3 502 283200
Rx 0.534796 2 2 3 225 291520
Rx 0.534837 2 2 3 225 233280
Rx 0.534842 2 6 3 336 237440
Rx 0.534912 2 6 3 225 208320
Rx 0.535017 2 6 3 502 212480
Rx 0.535108 2 4 3 2 0
Rx 0.535292 2 2 3 225 587360
Rx 0.535296 2 6 3 169 291520
Rx 0.535546 2 2 3 2 0
Rx 0.535708 2 6 3 2 0
Rx 0.535712 2 2 3 558 208320
Rx 0.535925 2 4 3 1772 220800
Rx 0.536012 2 4 3 289 208320
Rx 0.536112 2 6 3 502 208320
Rx 0.536312 2 2 3 558 208320
Rx 0.536412 2 2 3 58 208320
Rx 0.536808 2 4 3 2 0
Rx 0.536808 2 4 3 58 204160
Rx 0.537008 2 6 3 2 0
Rx 0.537008 2 6 3 558 204160
Rx 0.537408 2 2 3 2 0
Rx 0.537408 2 2 3 169 204160
Rx 0.537696 2 4 3 835 291520
Rx 0.538096 2 2 3 613 291520
Rx 0.538154 2 2 3 946 249920
Rx 0.538396 2 2 3 391 291520
Rx 0.538587 2 2 3 2 0
Rx 0.538587 2 2 3 447 283200
Rx 0.538592 2 4 3 2 0
Rx 0.538592 2 4 3 336 287360
Rx 0.538871 2 2 3 58 266560
Rx 0.538875 2 4 3 1335 270720
Rx 0.539096 2 4 3 724 291520
Rx 0.539187 2 4 3 169 283200
Rx 0.539192 2 6 3 2 0
Rx 0.539192 2 6 3 760 287360
Rx 0.539292 2 6 3 635 287360
Rx 0.539379 2 2 3 558 274880
Rx 0.539487 2 2 3 225 283200
Rx 0.539492 2 6 3 225 287360
Rx 0.539587 2 2 3 2 0
Rx 0.539592 2 6 3 280 287360
Rx 0.539692 2 6 3 225 587360
Rx 0.539696 2 2 3 391 291520
Rx 0.539787 2 6 3 447 283200
Rx 0.539792 2 2 3 225 287360
Rx 0.539887 2 6 3 114 283200
Rx 0.539892 2 2 3 169 287360
Rx 0.539979 2 6 3 169 274880
Rx 0.539983 2 2 3 114 279040
Rx 0.540087 2 6 3 114 283200
Rx 0.540096 2 3 3 2 0
Rx 0.540183 2 6 3 2 0
Rx 0.540187 2 3 3 45 283200
Rx 0.540283 2 6 3 280 279040
Rx 0.540287 2 2 3 225 283200
Rx 0.540292 2 3 3 45 287360
Rx 0.540375 2 6 3 225 270720
Rx 0.540383 2 3 3 643 279040
Rx 0.540487 2 6 3 169 283200
Rx 0.540492 2 3 3 169 287360
Rx 0.540575 2 6 3 114 270720
Rx 0.540579 2 2 3 2 0
Rx 0.540583 2 3 3 169 279040
Rx 0.540675 2 6 3 114 270720
Rx 0.540679 2 2 3 391 274880
Rx 0.540683 2 3 3 114 279040
Rx 0.540792 2 6 3 58 287360
Rx 0.540796 2 3 3 169 291520
Rx 0.540875 2 2 3 225 270720
Rx 0.540879 2 3 3 114 274880
Rx 0.540883 2 4 3 2 0
Rx 0.540883 2 4 3 835 279040
Rx 0.540971 2 2 3 58 266560
Rx 0.540975 2 3 3 114 270720
Rx 0.540979 2 4 3 280 274880
Rx 0.541067 2 6 3 225 262400
Rx 0.541071 2 3 3 2 0
Rx 0.541075 2 4 3 336 270720
Rx 0.541183 2 6 3 2 0
Rx 0.541187 2 2 3 114 283200
Rx 0.541192 2 3 3 280 287360
Rx 0.541196 2 4 3 225 291520
Rx 0.541287 2 4 3 225 283200
Rx 0.541292 2 2 3 58 287360
Rx 0.541296 2 3 3 58 291520
Rx 0.541383 2 4 3 114 279040
Rx 0.541387 2 6 3 225 283200
Rx 0.541392 2 1 3 2 0
Rx 0.541396 2 3 3 114 291520
Rx 0.541471 2 1 3 45 266560
Rx 0.541475 2 2 3 225 270720
Rx 0.541479 2 3 3 169 274880
Rx 0.541571 2 1 3 45 266560
Rx 0.541575 2 2 3 2 0
Rx 0.541579 2 3 3 169 274880
Rx 0.541683 2 1 3 304 279040
Rx 0.541687 2 3 3 225 283200
Rx 0.541692 2 4 3 114 287360
Rx 0.541787 2 1 3 304 283200
Rx 0.541792 2 2 3 225 287360
Rx 0.541887 2 1 3 304 283200
Rx 0.541892 2 3 3 169 287360
Rx 0.541896 2 6 3 114 291520
Rx 0.541996 2 1 3 299 291520
Rx 0.542096 2 1 3 169 291520
Rx 0.542162 2 6 3 2 0
Rx 0.542179 2 1 3 114 274880
Rx 0.542183 2 3 3 2 0
Rx 0.542183 2 3 3 558 279040
Rx 0.542283 2 1 3 148 279040
Rx 0.542367 2 1 3 2 0
Rx 0.542371 2 2 3 225 266560
Rx 0.542375 2 3 3 613 270720
Rx 0.542471 2 1 3 200 266560
Rx 0.542479 2 3 3 114 274880
Rx 0.542587 2 1 3 218 283200
Rx 0.542592 2 4 3 2 0
Rx 0.542592 2 4 3 780 287360
Rx 0.542687 2 1 3 58 283200
Rx 0.542692 2 3 3 558 287360
Rx 0.542792 2 1 3 97 287360
Rx 0.542796 2 3 3 225 291520
Rx 0.542892 2 1 3 148 287360
Rx 0.542896 2 2 3 2 0
Rx 0.542896 2 2 3 169 291520
Rx 0.542975 2 3 3 169 270720
Rx 0.542996 2 1 3 252 291520
Rx 0.543075 2 3 3 169 270720
Rx 0.543092 2 1 3 200 287360
Rx 0.543096 2 2 3 225 291520
Rx 0.543192 2 1 3 252 287360
Rx 0.543275 2 3 3 2 0
Rx 0.543275 2 3 3 336 270720
Rx 0.543292 2 1 3 200 287360
Rx 0.543375 2 3 3 114 270720
Rx 0.543392 2 1 3 2 0
Rx 0.543396 2 2 3 225 291520
Rx 0.543471 2 4 3 391 266560
Rx 0.543483 2 1 3 148 279040
Rx 0.543487 2 2 3 114 283200
Rx 0.543571 2 3 3 280 266560
Rx 0.543575 2 4 3 2 0
Rx 0.543587 2 1 3 148 283200
Rx 0.543671 2 3 3 114 266560
Rx 0.543675 2 4 3 502 270720
Rx 0.543687 2 1 3 148 283200
Rx 0.543692 2 2 3 225 287360
Rx 0.543771 2 4 3 225 266560
Rx 0.543783 2 1 3 148 279040
Rx 0.543871 2 3 3 58 266560
Rx 0.543875 2 4 3 225 270720
Rx 0.543887 2 1 3 148 283200
Rx 0.543971 2 4 3 169 266560
Rx 0.543983 2 1 3 148 279040
Rx 0.543987 2 2 3 2 0
Rx 0.543987 2 2 3 114 283200
Rx 0.544071 2 2 3 58 566560
Rx 0.544075 2 4 3 225 270720
Rx 0.544079 2 6 3 2 0
Rx 0.544079 2 6 3 336 274880
Rx 0.544092 2 1 3 148 287360
Rx 0.544096 2 2 3 114 291520
Rx 0.544171 2 3 3 280 266560
Rx 0.544175 2 4 3 225 270720
Rx 0.544187 2 1 3 148 283200
Rx 0.544262 2 6 3 169 258240
Rx 0.544275 2 1 3 148 270720
Rx 0.544279 2 2 3 58 274880
Rx 0.544371 2 3 3 2 0
Rx 0.544371 2 3 3 169 266560
Rx 0.544383 2 1 3 2 0
Rx 0.544387 2 2 3 58 283200
Rx 0.544458 2 3 3 114 254080
Rx 0.544462 2 4 3 391 258240
Rx 0.544467 2 6 3 336 262400
Rx 0.544479 2 1 3 1690 274880
Rx 0.544558 2 4 3 2 0
Rx 0.544562 2 6 3 58 258240
Rx 0.544579 2 2 3 169 274880
Rx 0.544687 2 3 3 225 283200
Rx 0.544692 2 2 3 114 287360
Rx 0.544783 2 3 3 114 279040
Rx 0.544792 2 6 3 114 287360
Rx 0.544896 2 2 3 169 291520
Rx 0.544992 2 2 3 2 0
Rx 0.545096 2 6 3 2 0
Rx 0.545179 2 2 3 447 274880
Rx 0.545183 2 6 3 692 279040
Rx 0.545396 2 6 3 536 291520
Rx 0.545496 2 2 3 558 291520
Rx 0.545587 2 6 3 280 283200
Rx 0.545592 2 1 3 2 0
Rx 0.545592 2 1 3 611 287360
Rx 0.545679 2 6 3 169 274880
Rx 0.545687 2 1 3 117 283200
Rx 0.545692 2 2 3 336 287360
Rx 0.545783 2 4 3 2 0
Rx 0.545783 2 4 3 1501 279040
Rx 0.545792 2 2 3 169 287360
Rx 0.545896 2 2 3 169 291520
Rx 0.545987 2 2 3 2 0
Rx 0.545992 2 4 3 724 287360
Rx 0.545996 2 6 3 336 291520
Rx 0.546083 2 2 3 336 279040
Rx 0.546087 2 4 3 114 283200
Rx 0.546092 2 6 3 2 0
Rx 0.546283 2 6 3 669 279040
Rx 0.546392 2 2 3 391 287360
Rx 0.546396 2 6 3 225 291520
Rx 0.546496 2 2 3 225 291520
Rx 0.546587 2 4 3 114 283200
Rx 0.546592 2 6 3 391 287360
Rx 0.546692 2 2 3 336 287360
Rx 0.546696 2 6 3 280 291520
Rx 0.54675 2 2 3 225 245760
Rx 0.546754 2 3 3 2 0
Rx 0.546754 2 3 3 169 249920
Rx 0.546933 2 2 3 2 0
Rx 0.547108 2 6 3 169 504160
Rx 0.547117 2 2 3 946 212480
Rx 0.547442 2 4 3 2 0
Rx 0.547442 2 4 3 724 237440
Rx 0.547579 2 1 3 2 0
Rx 0.547579 2 1 3 114 274880
Rx 0.547742 2 2 3 336 237440
Rx 0.547867 2 2 3 58 262400
Rx 0.548087 2 6 3 2 0
Rx 0.548087 2 6 3 336 283200
Rx 0.548092 2 2 3 2 0
Rx 0.548092 2 2 3 169 287360
Rx 0.548129 2 2 3 169 224960
Rx 0.548317 2 4 3 946 212480
Rx 0.548596 2 4 3 2 0
Rx 0.548596 2 4 3 502 291520
Rx 0.548683 2 4 3 114 279040
Rx 0.548721 2 4 3 280 216640
Rx 0.548896 2 4 3 225 291520
Rx 0.548962 2 6 3 502 258240
Rx 0.548967 2 2 3 613 262400
Rx 0.549029 2 2 3 2 0
Rx 0.549033 2 3 3 169 0
Rx 0.549133 2 6 3 2 0
Rx 0.549133 2 6 3 336 229120
Rx 0.549258 2 2 3 225 254080
Rx 0.549308 2 6 3 114 204160
Rx 0.549412 2 6 3 114 208320
Rx 0.549775 2 2 3 280 270720
Rx 0.549896 2 1 3 114 0
Rx 0.550096 2 2 3 2 0
Rx 0.550192 2 6 3 2 0
Rx 0.550196 2 2 3 613 291520
Rx 0.550292 2 6 3 1386 287360
Rx 0.550383 2 6 3 286 279040
Rx 0.550387 2 2 3 280 283200
Rx 0.550692 2 4 3 2 0
Rx 0.550692 2 4 3 1768 287360
Rx 0.550696 2 2 3 502 291520
Rx 0.550796 2 4 3 903 291520
Rx 0.550887 2 6 3 169 283200
Rx 0.550892 2 2 3 558 287360
Rx 0.551187 2 6 3 2 0
Rx 0.551192 2 2 3 2 0
Rx 0.551192 2 2 3 502 287360
Rx 0.551275 2 6 3 1335 270720
Rx 0.551279 2 2 3 169 274880
Rx 0.551312 2 6 3 114 208320
Rx 0.551408 2 6 3 225 204160
Rx 0.551412 2 2 3 225 208320
Rx 0.551417 2 4 3 169 212480
Rx 0.551596 2 6 3 58 291520
Rx 0.551696 2 2 3 280 291520
Rx 0.551908 2 2 3 692 204160
Rx 0.552175 2 2 3 2 0
Rx 0.552308 2 4 3 2 0
Rx 0.552308 2 4 3 669 204160
Rx 0.552612 2 2 3 702 208320
Rx 0.552775 2 2 3 169 270720
Rx 0.552917 2 2 3 225 212480
Rx 0.552921 2 6 3 2 0
Rx 0.552921 2 6 3 280 216640
Rx 0.553221 2 4 3 1168 216640
Rx 0.553496 2 4 3 2 0
Rx 0.553496 2 4 3 780 291520
Rx 0.553587 2 4 3 169 283200
Rx 0.553692 2 4 3 58 287360
Rx 0.553829 2 2 3 2 0
Rx 0.553829 2 2 3 558 224960
Rx 0.553833 2 6 3 558 229120
Rx 0.553908 2 2 3 280 204160
Rx 0.553912 2 6 3 2 0
Rx 0.554408 2 6 3 764 504160
Rx 0.554696 2 2 3 280 291520
Rx 0.555187 2 6 3 2 0
Rx 0.555187 2 6 3 686 283200
Rx 0.555283 2 2 3 2 0
Rx 0.555283 2 2 3 336 579040
Rx 0.555287 2 6 3 613 283200
Rx 0.555396 2 6 3 336 291520
Rx 0.555492 2 2 3 502 587360
Rx 0.555587 2 6 3 169 283200
Rx 0.555592 2 2 3 391 287360
Rx 0.555596 2 4 3 2 0
Rx 0.555596 2 4 3 1335 291520
Rx 0.555692 2 4 3 558 287360
Rx 0.555696 2 6 3 58 291520
Rx 0.555787 2 4 3 669 283200
Rx 0.555796 2 2 3 502 291520
Rx 0.555887 2 4 3 58 283200
Rx 0.556096 2 2 3 2 0
Rx 0.556096 2 2 3 502 291520
Rx 0.556196 2 2 3 169 291520
Rx 0.55625 2 4 3 225 245760
Rx 0.556254 2 6 3 2 0
Rx 0.556254 2 6 3 688 249920
Rx 0.556392 2 2 3 447 287360
Rx 0.556396 2 6 3 429 291520
Rx 0.55645 2 6 3 391 245760
Rx 0.556454 2 2 3 225 249920
Rx 0.556508 2 6 3 169 204160
Rx 0.556612 2 2 3 502 208320
Rx 0.556808 2 2 3 169 204160
Rx 0.557208 2 2 3 2 0
Rx 0.557212 2 4 3 2 0
Rx 0.557212 2 4 3 613 208320
Rx 0.557217 2 6 3 2 0
Rx 0.557512 2 2 3 946 208320
Rx 0.557687 2 2 3 280 283200
Rx 0.557821 2 6 3 336 216640
Rx 0.558108 2 4 3 1390 204160
Rx 0.558396 2 4 3 2 0
Rx 0.558396 2 4 3 891 291520
Rx 0.558712 2 6 3 2 0
Rx 0.558712 2 6 3 502 208320
Rx 0.558717 2 2 3 2 0
Rx 0.558717 2 2 3 611 212480
Rx 0.558892 2 2 3 173 287360
Rx 0.559308 2 6 3 764 204160
Rx 0.559596 2 2 3 336 291520
Rx 0.560096 2 6 3 2 0
Rx 0.560096 2 6 3 760 291520
Rx 0.560187 2 2 3 2 0
Rx 0.560187 2 2 3 558 283200
Rx 0.560196 2 6 3 707 291520
Rx 0.560292 2 6 3 280 287360
Rx 0.560296 2 2 3 280 291520
Rx 0.560387 2 6 3 114 283200
Rx 0.560479 2 6 3 114 274880
Rx 0.560483 2 2 3 169 279040
Rx 0.560587 2 4 3 2 0
Rx 0.560587 2 4 3 1668 283200
Rx 0.560596 2 2 3 225 291520
Rx 0.560687 2 4 3 613 283200
Rx 0.560692 2 2 3 225 287360
Rx 0.560796 2 4 3 280 291520
Rx 0.560892 2 2 3 391 287360
Rx 0.560987 2 2 3 114 283200
Rx 0.560992 2 5 3 2 0
Rx 0.561087 2 4 3 280 283200
Rx 0.561092 2 5 3 45 287360
Rx 0.561183 2 2 3 2 0
Rx 0.561187 2 5 3 45 283200
Rx 0.561271 2 2 3 447 266560
Rx 0.561292 2 5 3 252 287360
Rx 0.561387 2 5 3 252 283200
Rx 0.561458 2 6 3 2 0
Rx 0.561458 2 6 3 447 554080
Rx 0.561462 2 2 3 114 258240
Rx 0.561479 2 5 3 200 274880
Rx 0.561483 2 6 3 169 279040
Rx 0.561558 2 6 3 114 554080
Rx 0.561562 2 2 3 169 258240
Rx 0.561579 2 5 3 200 274880
Rx 0.561583 2 6 3 114 279040
Rx 0.561675 2 6 3 169 570720
Rx 0.561692 2 5 3 200 287360
Rx 0.561696 2 6 3 114 291520
Rx 0.561775 2 2 3 169 270720
Rx 0.561792 2 5 3 200 287360
Rx 0.561796 2 6 3 114 291520
Rx 0.561867 2 2 3 114 262400
Rx 0.561883 2 5 3 200 279040
Rx 0.561887 2 6 3 58 283200
Rx 0.561992 2 5 3 2 0
Rx 0.562067 2 2 3 169 262400
Rx 0.562096 2 5 3 355 291520
Rx 0.562179 2 5 3 304 274880
Rx 0.562183 2 6 3 2 0
Rx 0.562187 2 2 3 2 0
Rx 0.562192 2 4 3 2 0
Rx 0.562192 2 4 3 558 287360
Rx 0.562287 2 5 3 252 283200
Rx 0.562292 2 6 3 280 287360
Rx 0.562387 2 5 3 600 283200
Rx 0.562392 2 2 3 280 287360
Rx 0.562596 2 5 3 447 291520
Rx 0.562683 2 2 3 391 279040
Rx 0.562687 2 5 3 225 283200
Rx 0.562792 2 6 3 391 287360
Rx 0.562896 2 2 3 336 291520
Rx 0.562987 2 2 3 169 283200
Rx 0.563092 2 4 3 1335 287360
Rx 0.563096 2 5 3 2 0
Rx 0.563096 2 5 3 780 291520
Rx 0.563192 2 2 3 2 0
Rx 0.563196 2 4 3 2 0
Rx 0.563283 2 2 3 447 279040
Rx 0.563287 2 4 3 891 283200
Rx 0.563292 2 5 3 558 287360
Rx 0.563392 2 4 3 58 287360
Rx 0.563396 2 5 3 558 291520
Rx 0.563492 2 2 3 114 287360
Rx 0.563587 2 5 3 502 283200
Rx 0.563667 2 5 3 336 262400
Rx 0.563671 2 6 3 2 0
Rx 0.563671 2 6 3 502 266560
Rx 0.563796 2 2 3 391 291520
Rx 0.563837 2 2 3 169 533280
Rx 0.563846 2 5 3 114 241600
Rx 0.564046 2 5 3 2 0
Rx 0.564108 2 2 3 336 504160
Rx 0.564117 2 4 3 2 0
Rx 0.564208 2 6 3 692 204160
Rx 0.564312 2 6 3 92 208320
Rx 0.564317 2 2 3 2 0
Rx 0.564317 2 2 3 225 212480
Rx 0.564992 2 6 3 2 0
Rx 0.564992 2 6 3 688 287360
Rx 0.565087 2 6 3 484 283200
Rx 0.565092 2 2 3 692 287360
Rx 0.565192 2 6 3 336 287360
Rx 0.565196 2 2 3 314 291520
Rx 0.565287 2 6 3 225 283200
Rx 0.565296 2 2 3 169 291520
Rx 0.565387 2 6 3 169 283200
Rx 0.565471 2 4 3 2 0
Rx 0.565471 2 4 3 1446 266560
Rx 0.565475 2 6 3 114 270720
Rx 0.565521 2 4 3 669 216640
Rx 0.565529 2 2 3 2 0
Rx 0.565529 2 2 3 336 224960
Rx 0.565692 2 4 3 447 287360
Rx 0.565696 2 2 3 280 291520
Rx 0.565712 2 4 3 336 208320
Rx 0.565896 2 2 3 280 291520
Rx 0.565946 2 2 3 447 241600
Rx 0.566096 2 6 3 2 0
Rx 0.566171 2 2 3 169 266560
Rx 0.566175 2 5 3 2 0
Rx 0.566175 2 5 3 558 270720
Rx 0.566246 2 2 3 114 241600
Rx 0.566308 2 6 3 613 204160
Rx 0.566496 2 2 3 169 291520
Rx 0.566546 2 2 3 2 0
Rx 0.566758 2 2 3 225 254080
Rx 0.566908 2 2 3 114 204160
Rx 0.566912 2 6 3 764 208320
Rx 0.567079 2 2 3 280 274880
Rx 0.567083 2 4 3 2 0
Rx 0.567083 2 4 3 558 279040
Rx 0.567179 2 6 3 2 0
Rx 0.567571 2 6 3 631 266560
Rx 0.567775 2 2 3 2 0
Rx 0.567775 2 2 3 688 270720
Rx 0.567833 2 2 3 151 229120
Rx 0.567912 2 4 3 1557 208320
Rx 0.568112 2 2 3 669 208320
Rx 0.568117 2 4 3 2 0
Rx 0.568571 2 6 3 2 0
Rx 0.568571 2 6 3 447 266560
Rx 0.568792 2 5 3 558 0
Rx 0.568796 2 2 3 2 0
Rx 0.568825 2 2 3 692 220800
Rx 0.569012 2 2 3 425 208320
Rx 0.569112 2 6 3 692 208320
Rx 0.569221 2 6 3 203 216640
Rx 0.569892 2 6 3 2 0
Rx 0.569892 2 6 3 688 287360
Rx 0.569975 2 2 3 2 0
Rx 0.569975 2 2 3 558 270720
Rx 0.569983 2 6 3 651 279040
Rx 0.570087 2 2 3 225 283200
Rx 0.570096 2 6 3 336 291520
Rx 0.570183 2 6 3 169 279040
Rx 0.570187 2 2 3 169 283200
Rx 0.570192 2 4 3 2 0
Rx 0.570192 2 4 3 1168 287360
Rx 0.570287 2 6 3 169 283200
Rx 0.570292 2 2 3 114 287360
Rx 0.570296 2 4 3 391 291520
Rx 0.570392 2 2 3 225 287360
Rx 0.570396 2 4 3 724 291520
Rx 0.570492 2 4 3 613 287360
Rx 0.570496 2 2 3 169 291520
Rx 0.570562 2 4 3 669 258240
Rx 0.570796 2 2 3 692 291520
Rx 0.570912 2 2 3 2 0
Rx 0.571208 2 6 3 2 0
Rx 0.571208 2 6 3 558 204160
Rx 0.571371 2 2 3 813 266560
Rx 0.571375 2 4 3 2 0
Rx 0.571612 2 2 3 336 208320
Rx 0.571808 2 2 3 280 204160
Rx 0.571812 2 6 3 502 208320
Rx 0.571996 2 4 3 558 291520
Rx 0.572417 2 6 3 2 0
Rx 0.572417 2 6 3 688 212480
Rx 0.572596 2 6 3 207 291520
Rx 0.572654 2 2 3 2 0
Rx 0.572654 2 2 3 688 249920
Rx 0.572712 2 2 3 151 208320
Rx 0.572812 2 4 3 2 0
Rx 0.572812 2 4 3 1612 208320
Rx 0.573008 2 2 3 669 204160
Rx 0.573396 2 6 3 58 291520
Rx 0.573708 2 2 3 2 0
Rx 0.573708 2 2 3 688 204160
Rx 0.573812 2 2 3 429 208320
Rx 0.573817 2 6 3 2 0
Rx 0.573817 2 6 3 760 212480
Rx 0.574012 2 6 3 579 208320
Rx 0.574696 2 2 3 280 291520
Rx 0.574796 2 6 3 764 291520
Rx 0.574887 2 2 3 2 0
Rx 0.574887 2 2 3 447 283200
Rx 0.574892 2 4 3 2 0
Rx 0.574892 2 4 3 391 287360
Rx 0.574983 2 2 3 169 279040
Rx 0.574992 2 6 3 2 0
Rx 0.574992 2 6 3 520 287360
Rx 0.575083 2 2 3 169 279040
Rx 0.575087 2 4 3 946 283200
Rx 0.575092 2 6 3 169 287360
Rx 0.575196 2 4 3 391 291520
Rx 0.575292 2 6 3 280 287360
Rx 0.575296 2 2 3 280 291520
Rx 0.575387 2 4 3 835 283200
Rx 0.575392 2 6 3 169 287360
Rx 0.575396 2 2 3 114 291520
Rx 0.575412 2 4 3 447 208320
Rx 0.575508 2 2 3 280 204160
Rx 0.575512 2 6 3 114 208320
Rx 0.575687 2 2 3 391 283200
Rx 0.575692 2 4 3 558 287360
Rx 0.575696 2 6 3 58 291520
Rx 0.575796 2 4 3 58 291520
Rx 0.576108 2 2 3 2 0
Rx 0.576108 2 2 3 688 204160
Rx 0.576112 2 6 3 2 0
Rx 0.576112 2 6 3 502 208320
Rx 0.576375 2 2 3 540 270720
Rx 0.576508 2 2 3 225 204160
Rx 0.576608 2 2 3 58 204160
Rx 0.576708 2 6 3 280 204160
Rx 0.576896 2 4 3 2 0
Rx 0.576896 2 4 3 169 291520
Rx 0.577346 2 6 3 2 0
Rx 0.577346 2 6 3 688 241600
Rx 0.577496 2 6 3 484 291520
Rx 0.577562 2 2 3 2 0
Rx 0.577562 2 2 3 611 258240
Rx 0.577612 2 2 3 173 208320
Rx 0.577717 2 4 3 1772 212480
Rx 0.577812 2 4 3 2 0
Rx 0.577908 2 2 3 613 204160
Rx 0.578012 2 2 3 114 208320
Rx 0.578296 2 6 3 58 291520
Rx 0.578612 2 2 3 2 0
Rx 0.578612 2 2 3 1057 208320
Rx 0.578617 2 4 3 289 212480
Rx 0.578708 2 6 3 2 0
Rx 0.578708 2 6 3 760 204160
Rx 0.578808 2 6 3 579 204160
Rx 0.579583 2 6 3 502 279040
Rx 0.579587 2 2 3 558 283200
Rx 0.579696 2 2 3 2 0
Rx 0.579783 2 4 3 2 0
Rx 0.579783 2 4 3 835 279040
Rx 0.579787 2 6 3 2 0
Rx 0.579883 2 4 3 391 279040
Rx 0.579887 2 6 3 669 283200
Rx 0.579892 2 2 3 336 287360
Rx 0.579983 2 4 3 447 279040
Rx 0.579987 2 6 3 225 283200
Rx 0.579992 2 2 3 169 287360
Rx 0.580075 2 4 3 447 270720
Rx 0.580079 2 6 3 169 274880
Rx 0.580183 2 4 3 391 279040
Rx 0.580187 2 6 3 169 283200
Rx 0.580192 2 2 3 280 287360
Rx 0.580267 2 4 3 447 262400
Rx 0.580271 2 6 3 169 266560
Rx 0.580275 2 2 3 169 270720
Rx 0.580312 2 4 3 225 208320
Rx 0.580317 2 6 3 169 212480
Rx 0.580408 2 4 3 391 204160
Rx 0.580417 2 2 3 391 212480
Rx 0.580696 2 2 3 2 0
Rx 0.580896 2 4 3 2 0
Rx 0.580987 2 6 3 2 0
Rx 0.580987 2 6 3 280 283200
Rx 0.580996 2 2 3 724 291520
Rx 0.581096 2 2 3 225 291520
Rx 0.581196 2 3 3 2 0
Rx 0.581267 2 2 3 502 262400
Rx 0.581271 2 3 3 45 266560
Rx 0.581392 2 2 3 169 287360
Rx 0.581396 2 3 3 45 291520
Rx 0.581425 2 3 3 643 220800
Rx 0.581579 2 6 3 225 274880
Rx 0.581583 2 2 3 169 279040
Rx 0.581633 2 3 3 724 229120
Rx 0.581796 2 4 3 225 291520
Rx 0.582171 2 3 3 447 566560
Rx 0.582175 2 2 3 2 0
Rx 0.582175 2 2 3 58 270720
Rx 0.582179 2 3 3 2 0
Rx 0.582183 2 6 3 2 0
Rx 0.582183 2 6 3 760 279040
Rx 0.582292 2 6 3 246 287360
Rx 0.582383 2 3 3 169 579040
Rx 0.582392 2 6 3 114 287360
Rx 0.582475 2 1 3 2 0
Rx 0.582479 2 2 3 280 274880
Rx 0.582483 2 3 3 114 279040
Rx 0.582579 2 1 3 45 274880
Rx 0.582583 2 4 3 2 0
Rx 0.582583 2 4 3 447 279040
Rx 0.582587 2 6 3 114 283200
Rx 0.582671 2 3 3 447 566560
Rx 0.582675 2 1 3 45 270720
Rx 0.582679 2 2 3 169 274880
Rx 0.582687 2 6 3 58 283200
Rx 0.582779 2 1 3 148 274880
Rx 0.582783 2 2 3 114 279040
Rx 0.582792 2 4 3 558 287360
Rx 0.582879 2 1 3 200 274880
Rx 0.582883 2 4 3 280 279040
Rx 0.582887 2 6 3 114 283200
Rx 0.582958 2 3 3 169 554080
Rx 0.582975 2 1 3 200 270720
Rx 0.582979 2 2 3 114 274880
Rx 0.583087 2 1 3 200 283200
Rx 0.583092 2 4 3 391 287360
Rx 0.583179 2 1 3 200 274880
Rx 0.583183 2 4 3 58 279040
Rx 0.583187 2 6 3 2 0
Rx 0.583271 2 3 3 114 566560
Rx 0.583287 2 1 3 200 283200
Rx 0.583296 2 3 3 2 0
Rx 0.583296 2 3 3 280 291520
Rx 0.583383 2 1 3 200 279040
Rx 0.583387 2 3 3 169 283200
Rx 0.583392 2 4 3 280 287360
Rx 0.583487 2 1 3 2 0
Rx 0.583587 2 1 3 200 283200
Rx 0.583596 2 3 3 225 291520
Rx 0.583687 2 1 3 200 283200
Rx 0.583762 2 6 3 447 258240
Rx 0.583779 2 1 3 200 274880
Rx 0.583854 2 2 3 2 0
Rx 0.583854 2 2 3 225 849920
Rx 0.583862 2 6 3 58 258240
Rx 0.583875 2 1 3 148 270720
Rx 0.583958 2 6 3 114 254080
Rx 0.583971 2 1 3 148 266560
Rx 0.584071 2 2 3 225 866560
Rx 0.584079 2 6 3 114 274880
Rx 0.584096 2 1 3 200 291520
Rx 0.584167 2 2 3 114 862400
Rx 0.584179 2 3 3 225 274880
Rx 0.584192 2 1 3 97 287360
Rx 0.584271 2 3 3 114 866560
Rx 0.584283 2 3 3 2 0
Rx 0.584287 2 6 3 169 283200
Rx 0.584296 2 1 3 97 291520
Rx 0.584367 2 2 3 169 862400
Rx 0.584375 2 3 3 169 270720
Rx 0.584392 2 1 3 148 287360
Rx 0.584462 2 2 3 114 858240
Rx 0.584467 2 3 3 225 862400
Rx 0.584471 2 6 3 2 0
Rx 0.584483 2 3 3 114 279040
Rx 0.584496 2 1 3 2 0
Rx 0.584579 2 1 3 1254 274880
Rx 0.584583 2 3 3 58 279040
Rx 0.584671 2 6 3 114 566560
Rx 0.584675 2 6 3 225 270720
Rx 0.584679 2 1 3 114 274880
Rx 0.584683 2 2 3 169 279040
Rx 0.584687 2 3 3 114 283200
Rx 0.584775 2 2 3 169 870720
Rx 0.584779 2 6 3 58 274880
Rx 0.584783 2 1 3 114 279040
Rx 0.584787 2 2 3 58 283200
Rx 0.584792 2 3 3 58 287360
Rx 0.584796 2 4 3 2 0
Rx 0.584796 2 4 3 613 291520
Rx 0.584871 2 2 3 2 0
Rx 0.584875 2 1 3 225 270720
Rx 0.584879 2 2 3 58 274880
Rx 0.584883 2 3 3 114 279040
Rx 0.584887 2 4 3 225 283200
Rx 0.584971 2 2 3 169 866560
Rx 0.584975 2 6 3 169 270720
Rx 0.584979 2 1 3 114 274880
Rx 0.585071 2 6 3 114 266560
Rx 0.585079 2 4 3 502 274880
Rx 0.585171 2 2 3 169 266560
Rx 0.585175 2 3 3 225 270720
Rx 0.585179 2 4 3 169 274880
Rx 0.585271 2 6 3 2 0
Rx 0.585271 2 6 3 169 266560
Rx 0.585275 2 1 3 169 270720
Rx 0.585279 2 2 3 2 0
Rx 0.585283 2 3 3 2 0
Rx 0.585392 2 6 3 114 287360
Rx 0.585396 2 4 3 447 291520
Rx 0.585471 2 2 3 225 266560
Rx 0.585475 2 3 3 225 270720
Rx 0.585571 2 6 3 58 266560
Rx 0.585575 2 1 3 2 0
Rx 0.585575 2 1 3 613 270720
Rx 0.585579 2 2 3 58 274880
Rx 0.585583 2 3 3 114 279040
Rx 0.585679 2 6 3 114 274880
Rx 0.585683 2 3 3 114 279040
Rx 0.585687 2 4 3 447 283200
Rx 0.585775 2 1 3 502 270720
Rx 0.585779 2 2 3 169 274880
Rx 0.585783 2 3 3 114 279040
Rx 0.585867 2 6 3 225 262400
Rx 0.585871 2 1 3 169 266560
Rx 0.585875 2 2 3 114 270720
Rx 0.585879 2 3 3 58 274880
Rx 0.585883 2 4 3 2 0
Rx 0.585883 2 4 3 391 279040
Rx 0.585975 2 6 3 114 270720
Rx 0.585983 2 4 3 280 279040
Rx 0.586092 2 1 3 58 287360
Rx 0.586096 2 2 3 58 291520
Rx 0.586171 2 6 3 225 266560
Rx 0.586175 2 2 3 114 270720
Rx 0.586183 2 4 3 391 279040
