0.000214285 0 1 103368
0.000214285 0 1 103368
0.000214285 0 1 103368
0.000214285 0 1 103368
0.000214285 0 1 103368
0.000214285 0 1 103368
0.00121429 0 1 103357
0.00121429 0 1 103377
0.00121429 0 1 103368
0.00121429 0 1 103379
0.00121429 0 1 103358
0.00121429 0 1 103357
0.00221428 0 1 103346
0.00221428 0 1 103386
0.00221428 0 1 103368
0.00221428 0 1 103390
0.00221428 0 1 103348
0.00221428 0 1 103346
0.00321428 0 1 103335
0.00321428 0 1 103396
0.00321428 0 1 103368
0.00321428 0 1 103401
0.00321428 0 1 103338
0.00321428 0 1 103335
0.00421428 0 1 103324
0.00421428 0 1 103405
0.00421428 0 1 103368
0.00421428 0 1 103412
0.00421428 0 1 103329
0.00421428 0 1 103324
0.00521428 0 1 103313
0.00521428 0 1 103415
0.00521428 0 1 103368
0.00521428 0 1 103423
0.00521428 0 1 103319
0.00521428 0 1 103313
0.00621428 0 1 103302
0.00621428 0 1 103424
0.00621428 0 1 103368
0.00621428 0 1 103434
0.00621428 0 1 103309
0.00621428 0 1 103302
0.00721428 6 1 103291
0.00721428 2 1 103433
0.00721428 3 1 103368
0.00721428 5 1 103446
0.00721428 4 1 103299
0.00721428 1 1 103291
0.00821428 6 1 103280
0.00821428 2 1 103443
0.00821428 3 1 103368
0.00821428 5 1 103457
0.00821428 4 1 103290
0.00821428 1 1 103280
0.00921428 6 1 103269
0.00921428 2 1 103452
0.00921428 3 1 103369
0.00921428 5 1 103468
0.00921428 4 1 103280
0.00921428 1 1 103269
0.0102143 6 1 103259
0.0102143 2 1 103461
0.0102143 3 1 103369
0.0102143 5 1 103479
0.0102143 4 1 103270
0.0102143 1 1 103258
0.0112143 6 1 103248
0.0112143 2 1 103471
0.0112143 3 1 103369
0.0112143 5 1 103490
0.0112143 4 1 103260
0.0112143 1 1 103247
0.0122143 6 1 103237
0.0122143 2 1 103480
0.0122143 3 1 103369
0.0122143 5 1 103501
0.0122143 4 1 103251
0.0122143 1 1 103236
0.0132143 6 1 103226
0.0132143 2 1 103490
0.0132143 3 1 103369
0.0132143 5 1 103512
0.0132143 4 1 103241
0.0132143 1 1 103225
0.0142143 6 1 103215
0.0142143 2 1 103499
0.0142143 3 1 103369
0.0142143 5 1 103524
0.0142143 4 1 103231
0.0142143 1 1 103214
0.0152143 6 1 103204
0.0152143 2 1 103508
0.0152143 3 1 103369
0.0152143 5 1 103535
0.0152143 4 1 103222
0.0152143 1 1 103203
0.0162143 6 1 103193
0.0162143 2 1 103518
0.0162143 3 1 103369
0.0162143 5 1 103546
0.0162143 4 1 103212
0.0162143 1 1 103192
0.0172143 6 1 103182
0.0172143 2 1 103527
0.0172143 3 1 103369
0.0172143 5 1 103557
0.0172143 4 1 103202
0.0172143 1 1 103181
0.0182143 6 1 103171
0.0182143 2 1 103537
0.0182143 3 1 103369
0.0182143 5 1 103568
0.0182143 4 1 103192
0.0182143 1 1 103170
0.0192143 6 1 103160
0.0192143 2 1 103546
0.0192143 3 1 103369
0.0192143 5 1 103579
0.0192143 4 1 103183
0.0192143 1 1 103159
0.0202143 6 1 103150
0.0202143 2 1 103555
0.0202143 3 1 103370
0.0202143 5 1 103590
0.0202143 4 1 103173
0.0202143 1 1 103148
0.0212143 6 1 103139
0.0212143 2 1 103565
0.0212143 3 1 103370
0.0212143 5 1 103602
0.0212143 4 1 103163
0.0212143 1 1 103137
0.0222143 6 1 103128
0.0222143 2 1 103574
0.0222143 3 1 103370
0.0222143 5 1 103613
0.0222143 4 1 103153
0.0222143 1 1 103126
0.0232143 6 1 103117
0.0232143 2 1 103584
0.0232143 3 1 103370
0.0232143 5 1 103624
0.0232143 4 1 103144
0.0232143 1 1 103115
0.0242143 6 1 103106
0.0242143 2 1 103593
0.0242143 3 1 103370
0.0242143 5 1 103635
0.0242143 4 1 103134
0.0242143 1 1 103104
0.0252143 6 1 103095
0.0252143 2 1 103602
0.0252143 3 1 103370
0.0252143 5 1 103646
0.0252143 4 1 103124
0.0252143 1 1 103093
0.0262143 6 1 103084
0.0262143 2 1 103612
0.0262143 3 1 103370
0.0262143 5 1 103657
0.0262143 4 1 103115
0.0262143 1 1 103082
0.0272143 6 1 103073
0.0272143 2 1 103621
0.0272143 3 1 103370
0.0272143 5 1 103669
0.0272143 4 1 103105
0.0272143 1 1 103071
0.0282143 6 1 103063
0.0282143 2 1 103631
0.0282143 3 1 103370
0.0282143 5 1 103680
0.0282143 4 1 103095
0.0282143 1 1 103060
0.0292143 6 1 103052
0.0292143 2 1 103640
0.0292143 3 1 103370
0.0292143 5 1 103691
0.0292143 4 1 103085
0.0292143 1 1 103049
0.0302143 6 1 103041
0.0302143 2 1 103649
0.0302143 3 1 103370
0.0302143 5 1 103702
0.0302143 4 1 103076
0.0302143 1 1 103038
0.0312143 6 1 103030
0.0312143 2 1 103659
0.0312143 3 1 103370
0.0312143 5 1 103713
0.0312143 4 1 103066
0.0312143 1 1 103027
0.0322143 6 1 103019
0.0322143 2 1 103668
0.0322143 3 1 103370
0.0322143 5 1 103724
0.0322143 4 1 103056
0.0322143 1 1 103016
0.0332143 6 1 103008
0.0332143 2 1 103678
0.0332143 3 1 103370
0.0332143 5 1 103736
0.0332143 4 1 103047
0.0332143 1 1 103005
0.0342143 6 1 102997
0.0342143 2 1 103687
0.0342143 3 1 103371
0.0342143 5 1 103747
0.0342143 4 1 103037
0.0342143 1 1 102994
0.0352143 6 1 102986
0.0352143 2 1 103696
0.0352143 3 1 103371
0.0352143 5 1 103758
0.0352143 4 1 103027
0.0352143 1 1 102983
0.0362143 6 1 102976
0.0362143 2 1 103706
0.0362143 3 1 103371
0.0362143 5 1 103769
0.0362143 4 1 103017
0.0362143 1 1 102972
0.0372143 6 1 102965
0.0372143 2 1 103715
0.0372143 3 1 103371
0.0372143 5 1 103780
0.0372143 4 1 103008
0.0372143 1 1 102961
0.0382143 6 1 102954
0.0382143 2 1 103725
0.0382143 3 1 103371
0.0382143 5 1 103791
0.0382143 4 1 102998
0.0382143 1 1 102950
0.0392143 6 1 102943
0.0392143 2 1 103734
0.0392143 3 1 103371
0.0392143 5 1 103803
0.0392143 4 1 102988
0.0392143 1 1 102939
0.0402143 6 1 102932
0.0402143 2 1 103744
0.0402143 3 1 103371
0.0402143 5 1 103814
0.0402143 4 1 102979
0.0402143 1 1 102928
0.0412143 6 1 102921
0.0412143 2 1 103753
0.0412143 3 1 103371
0.0412143 5 1 103825
0.0412143 4 1 102969
0.0412143 1 1 102917
0.0422143 6 1 102910
0.0422143 2 1 103762
0.0422143 3 1 103371
0.0422143 5 1 103836
0.0422143 4 1 102959
0.0422143 1 1 102906
0.0432143 6 1 102900
0.0432143 2 1 103772
0.0432143 3 1 103371
0.0432143 5 1 103847
0.0432143 4 1 102949
0.0432143 1 1 102895
0.0442143 6 1 102889
0.0442143 2 1 103781
0.0442143 3 1 103371
0.0442143 5 1 103859
0.0442143 4 1 102940
0.0442143 1 1 102885
0.0452143 6 1 102878
0.0452143 2 1 103791
0.0452143 3 1 103371
0.0452143 5 1 103870
0.0452143 4 1 102930
0.0452143 1 1 102874
0.0462143 6 1 102867
0.0462143 2 1 103800
0.0462143 3 1 103371
0.0462143 5 1 103881
0.0462143 4 1 102920
0.0462143 1 1 102863
0.0472143 6 1 102856
0.0472143 2 1 103810
0.0472143 3 1 103371
0.0472143 5 1 103892
0.0472143 4 1 102911
0.0472143 1 1 102852
0.0482143 6 1 102845
0.0482143 2 1 103819
0.0482143 3 1 103371
0.0482143 5 1 103903
0.0482143 4 1 102901
0.0482143 1 1 102841
0.0492143 6 1 102834
0.0492143 2 1 103828
0.0492143 3 1 103371
0.0492143 5 1 103914
0.0492143 4 1 102891
0.0492143 1 1 102830
0.0502143 6 1 102824
0.0502143 2 1 103838
0.0502143 3 1 103371
0.0502143 5 1 103926
0.0502143 4 1 102882
0.0502143 1 1 102819
0.0512143 6 1 102813
0.0512143 2 1 103847
0.0512143 3 1 103371
0.0512143 5 1 103937
0.0512143 4 1 102872
0.0512143 1 1 102808
0.0522143 6 1 102802
0.0522143 2 1 103857
0.0522143 3 1 103371
0.0522143 5 1 103948
0.0522143 4 1 102862
0.0522143 1 1 102797
0.0532143 6 1 102791
0.0532143 2 1 103866
0.0532143 3 1 103371
0.0532143 5 1 103959
0.0532143 4 1 102853
0.0532143 1 1 102786
0.0542143 6 1 102780
0.0542143 2 1 103876
0.0542143 3 1 103372
0.0542143 5 1 103970
0.0542143 4 1 102843
0.0542143 1 1 102775
0.0552143 6 1 102769
0.0552143 2 1 103885
0.0552143 3 1 103372
0.0552143 5 1 103982
0.0552143 4 1 102833
0.0552143 1 1 102764
0.0562143 6 1 102759
0.0562143 2 1 103894
0.0562143 3 1 103372
0.0562143 5 1 103993
0.0562143 4 1 102823
0.0562143 1 1 102753
0.0572143 6 1 102748
0.0572143 2 1 103904
0.0572143 3 1 103372
0.0572143 5 1 104004
0.0572143 4 1 102814
0.0572143 1 1 102742
0.0582143 6 1 102737
0.0582143 2 1 103913
0.0582143 3 1 103372
0.0582143 5 1 104015
0.0582143 4 1 102804
0.0582143 1 1 102731
0.0592143 6 1 102726
0.0592143 2 1 103923
0.0592143 3 1 103372
0.0592143 5 1 104026
0.0592143 4 1 102794
0.0592143 1 1 102720
0.0602143 6 1 102715
0.0602143 2 1 103932
0.0602143 3 1 103372
0.0602143 5 1 104038
0.0602143 4 1 102785
0.0602143 1 1 102709
0.0612143 6 1 102704
0.0612143 2 1 103942
0.0612143 3 1 103372
0.0612143 5 1 104049
0.0612143 4 1 102775
0.0612143 1 1 102699
0.0622143 6 1 102694
0.0622143 2 1 103951
0.0622143 3 1 103372
0.0622143 5 1 104060
0.0622143 4 1 102765
0.0622143 1 1 102688
0.0632143 6 1 102683
0.0632143 2 1 103961
0.0632143 3 1 103372
0.0632143 5 1 104071
0.0632143 4 1 102756
0.0632143 1 1 102677
0.0642143 6 1 102672
0.0642143 2 1 103970
0.0642143 3 1 103372
0.0642143 5 1 104083
0.0642143 4 1 102746
0.0642143 1 1 102666
0.0652143 6 1 102661
0.0652143 2 1 103979
0.0652143 3 1 103372
0.0652143 5 1 104094
0.0652143 4 1 102736
0.0652143 1 1 102655
0.0662143 6 1 102650
0.0662143 2 1 103989
0.0662143 3 1 103372
0.0662143 5 1 104105
0.0662143 4 1 102727
0.0662143 1 1 102644
0.0672143 6 1 102639
0.0672143 2 1 103998
0.0672143 3 1 103372
0.0672143 5 1 104116
0.0672143 4 1 102717
0.0672143 1 1 102633
0.0682143 6 1 102629
0.0682143 2 1 104008
0.0682143 3 1 103372
0.0682143 5 1 104127
0.0682143 4 1 102707
0.0682143 1 1 102622
0.0692143 6 1 102618
0.0692143 2 1 104017
0.0692143 3 1 103372
0.0692143 5 1 104139
0.0692143 4 1 102698
0.0692143 1 1 102611
0.0702143 6 1 102607
0.0702143 2 1 104027
0.0702143 3 1 103372
0.0702143 5 1 104150
0.0702143 4 1 102688
0.0702143 1 1 102600
0.0712143 6 1 102596
0.0712143 2 1 104036
0.0712143 3 1 103372
0.0712143 5 1 104161
0.0712143 4 1 102678
0.0712143 1 1 102589
0.0722143 6 1 102585
0.0722143 2 1 104046
0.0722143 3 1 103372
0.0722143 5 1 104172
0.0722143 4 1 102669
0.0722143 1 1 102578
0.0732143 6 1 102575
0.0732143 2 1 104055
0.0732143 3 1 103372
0.0732143 5 1 104184
0.0732143 4 1 102659
0.0732143 1 1 102567
0.0742143 6 1 102564
0.0742143 2 1 104064
0.0742143 3 1 103372
0.0742143 5 1 104195
0.0742143 4 1 102649
0.0742143 1 1 102557
0.0752143 6 1 102553
0.0752143 2 1 104074
0.0752143 3 1 103372
0.0752143 5 1 104206
0.0752143 4 1 102640
0.0752143 1 1 102546
0.0762143 6 1 102542
0.0762143 2 1 104083
0.0762143 3 1 103372
0.0762143 5 1 104217
0.0762143 4 1 102630
0.0762143 1 1 102535
0.0772143 6 1 102531
0.0772143 2 1 104093
0.0772143 3 1 103372
0.0772143 5 1 104228
0.0772143 4 1 102620
0.0772143 1 1 102524
0.0782143 6 1 102520
0.0782143 2 1 104102
0.0782143 3 1 103372
0.0782143 5 1 104240
0.0782143 4 1 102611
0.0782143 1 1 102513
0.0792143 6 1 102510
0.0792143 2 1 104112
0.0792143 3 1 103372
0.0792143 5 1 104251
0.0792143 4 1 102601
0.0792143 1 1 102502
0.0802143 6 1 102499
0.0802143 2 1 104121
0.0802143 3 1 103372
0.0802143 5 1 104262
0.0802143 4 1 102591
0.0802143 1 1 102491
0.0812143 6 1 102488
0.0812143 2 1 104131
0.0812143 3 1 103372
0.0812143 5 1 104273
0.0812143 4 1 102582
0.0812143 1 1 102480
0.0822143 6 1 102477
0.0822143 2 1 104140
0.0822143 3 1 103372
0.0822143 5 1 104285
0.0822143 4 1 102572
0.0822143 1 1 102469
0.0832143 6 1 102467
0.0832143 2 1 104150
0.0832143 3 1 103372
0.0832143 5 1 104296
0.0832143 4 1 102562
0.0832143 1 1 102458
0.0842143 6 1 102456
0.0842143 2 1 104159
0.0842143 3 1 103372
0.0842143 5 1 104307
0.0842143 4 1 102553
0.0842143 1 1 102447
0.0852143 6 1 102445
0.0852143 2 1 104169
0.0852143 3 1 103372
0.0852143 5 1 104318
0.0852143 4 1 102543
0.0852143 1 1 102437
0.0862143 6 1 102434
0.0862143 2 1 104178
0.0862143 3 1 103372
0.0862143 5 1 104330
0.0862143 4 1 102533
0.0862143 1 1 102426
0.0872143 6 1 102423
0.0872143 2 1 104188
0.0872143 3 1 103372
0.0872143 5 1 104341
0.0872143 4 1 102524
0.0872143 1 1 102415
0.0882143 6 1 102413
0.0882143 2 1 104197
0.0882143 3 1 103372
0.0882143 5 1 104352
0.0882143 4 1 102514
0.0882143 1 1 102404
0.0892143 6 1 102402
0.0892143 2 1 104207
0.0892143 3 1 103372
0.0892143 5 1 104363
0.0892143 4 1 102504
0.0892143 1 1 102393
0.0902143 6 1 102391
0.0902143 2 1 104216
0.0902143 3 1 103372
0.0902143 5 1 104375
0.0902143 4 1 102495
0.0902143 1 1 102382
0.0912143 6 1 102380
0.0912143 2 1 104225
0.0912143 3 1 103372
0.0912143 5 1 104386
0.0912143 4 1 102485
0.0912143 1 1 102371
0.0922143 6 1 102369
0.0922143 2 1 104235
0.0922143 3 1 103372
0.0922143 5 1 104397
0.0922143 4 1 102475
0.0922143 1 1 102360
0.0932143 6 1 102359
0.0932143 2 1 104244
0.0932143 3 1 103372
0.0932143 5 1 104408
0.0932143 4 1 102466
0.0932143 1 1 102349
0.0942143 6 1 102348
0.0942143 2 1 104254
0.0942143 3 1 103372
0.0942143 5 1 104420
0.0942143 4 1 102456
0.0942143 1 1 102339
0.0952143 6 1 102337
0.0952143 2 1 104263
0.0952143 3 1 103372
0.0952143 5 1 104431
0.0952143 4 1 102446
0.0952143 1 1 102328
0.0962143 6 1 102326
0.0962143 2 1 104273
0.0962143 3 1 103372
0.0962143 5 1 104442
0.0962143 4 1 102437
0.0962143 1 1 102317
0.0972143 6 1 102315
0.0972143 2 1 104282
0.0972143 3 1 103372
0.0972143 5 1 104453
0.0972143 4 1 102427
0.0972143 1 1 102306
0.0982143 6 1 102305
0.0982143 2 1 104292
0.0982143 3 1 103372
0.0982143 5 1 104465
0.0982143 4 1 102418
0.0982143 1 1 102295
0.0992143 6 1 102294
0.0992143 2 1 104301
0.0992143 3 1 103372
0.0992143 5 1 104476
0.0992143 4 1 102408
0.0992143 1 1 102284
0.100214 6 1 102283
0.100214 2 1 104311
0.100214 3 1 103372
0.100214 5 1 104487
0.100214 4 1 102398
0.100214 1 1 102273
0.101214 6 1 102272
0.101214 2 1 104320
0.101214 3 1 103372
0.101214 5 1 104499
0.101214 4 1 102389
0.101214 1 1 102262
0.102214 6 1 102262
0.102214 2 1 104330
0.102214 3 1 103372
0.102214 5 1 104510
0.102214 4 1 102379
0.102214 1 1 102252
0.103214 6 1 102251
0.103214 2 1 104339
0.103214 3 1 103372
0.103214 5 1 104521
0.103214 4 1 102369
0.103214 1 1 102241
0.104214 6 1 102240
0.104214 2 1 104349
0.104214 3 1 103372
0.104214 5 1 104532
0.104214 4 1 102360
0.104214 1 1 102230
0.105214 6 1 102229
0.105214 2 1 104358
0.105214 3 1 103372
0.105214 5 1 104544
0.105214 4 1 102350
0.105214 1 1 102219
0.106214 6 1 102219
0.106214 2 1 104368
0.106214 3 1 103372
0.106214 5 1 104555
0.106214 4 1 102340
0.106214 1 1 102208
0.107214 6 1 102208
0.107214 2 1 104377
0.107214 3 1 103372
0.107214 5 1 104566
0.107214 4 1 102331
0.107214 1 1 102197
0.108214 6 1 102197
0.108214 2 1 104387
0.108214 3 1 103372
0.108214 5 1 104577
0.108214 4 1 102321
0.108214 1 1 102186
0.109214 6 1 102186
0.109214 2 1 104396
0.109214 3 1 103372
0.109214 5 1 104589
0.109214 4 1 102312
0.109214 1 1 102175
0.110214 6 1 102176
0.110214 2 1 104406
0.110214 3 1 103372
0.110214 5 1 104600
0.110214 4 1 102302
0.110214 1 1 102165
0.111214 6 1 102165
0.111214 2 1 104415
0.111214 3 1 103372
0.111214 5 1 104611
0.111214 4 1 102292
0.111214 1 1 102154
0.112214 6 1 102154
0.112214 2 1 104425
0.112214 3 1 103372
0.112214 5 1 104623
0.112214 4 1 102283
0.112214 1 1 102143
0.113214 6 1 102143
0.113214 2 1 104434
0.113214 3 1 103372
0.113214 5 1 104634
0.113214 4 1 102273
0.113214 1 1 102132
0.114214 6 1 102133
0.114214 2 1 104444
0.114214 3 1 103372
0.114214 5 1 104645
0.114214 4 1 102263
0.114214 1 1 102121
0.115214 6 1 102122
0.115214 2 1 104453
0.115214 3 1 103372
0.115214 5 1 104656
0.115214 4 1 102254
0.115214 1 1 102110
0.116214 6 1 102111
0.116214 2 1 104463
0.116214 3 1 103372
0.116214 5 1 104668
0.116214 4 1 102244
0.116214 1 1 102099
0.117214 6 1 102100
0.117214 2 1 104472
0.117214 3 1 103371
0.117214 5 1 104679
0.117214 4 1 102235
0.117214 1 1 102089
0.118214 6 1 102090
0.118214 2 1 104482
0.118214 3 1 103371
0.118214 5 1 104690
0.118214 4 1 102225
0.118214 1 1 102078
0.119214 6 1 102079
0.119214 2 1 104491
0.119214 3 1 103371
0.119214 5 1 104702
0.119214 4 1 102215
0.119214 1 1 102067
0.120214 6 1 102068
0.120214 2 1 104501
0.120214 3 1 103371
0.120214 5 1 104713
0.120214 4 1 102206
0.120214 1 1 102056
0.121214 6 1 102057
0.121214 2 1 104510
0.121214 3 1 103371
0.121214 5 1 104724
0.121214 4 1 102196
0.121214 1 1 102045
0.122214 6 1 102047
0.122214 2 1 104520
0.122214 3 1 103371
0.122214 5 1 104736
0.122214 4 1 102186
0.122214 1 1 102034
0.123214 6 1 102036
0.123214 2 1 104529
0.123214 3 1 103371
0.123214 5 1 104747
0.123214 4 1 102177
0.123214 1 1 102023
0.124214 6 1 102025
0.124214 2 1 104539
0.124214 3 1 103371
0.124214 5 1 104758
0.124214 4 1 102167
0.124214 1 1 102013
0.125214 6 1 102014
0.125214 2 1 104548
0.125214 3 1 103371
0.125214 5 1 104769
0.125214 4 1 102158
0.125214 1 1 102002
0.126214 6 1 102004
0.126214 2 1 104558
0.126214 3 1 103371
0.126214 5 1 104781
0.126214 4 1 102148
0.126214 1 1 101991
0.127214 6 1 101993
0.127214 2 1 104567
0.127214 3 1 103371
0.127214 5 1 104792
0.127214 4 1 102138
0.127214 1 1 101980
0.128214 6 1 101982
0.128214 2 1 104577
0.128214 3 1 103371
0.128214 5 1 104803
0.128214 4 1 102129
0.128214 1 1 101969
0.129214 6 1 101971
0.129214 2 1 104586
0.129214 3 1 103371
0.129214 5 1 104815
0.129214 4 1 102119
0.129214 1 1 101958
0.130214 6 1 101961
0.130214 2 1 104596
0.130214 3 1 103371
0.130214 5 1 104826
0.130214 4 1 102110
0.130214 1 1 101947
0.131214 6 1 101950
0.131214 2 1 104605
0.131214 3 1 103371
0.131214 5 1 104837
0.131214 4 1 102100
0.131214 1 1 101937
0.132214 6 1 101939
0.132214 2 1 104615
0.132214 3 1 103371
0.132214 5 1 104849
0.132214 4 1 102090
0.132214 1 1 101926
0.133214 6 1 101929
0.133214 2 1 104625
0.133214 3 1 103371
0.133214 5 1 104860
0.133214 4 1 102081
0.133214 1 1 101915
0.134214 6 1 101918
0.134214 2 1 104634
0.134214 3 1 103371
0.134214 5 1 104871
0.134214 4 1 102071
0.134214 1 1 101904
0.135214 6 1 101907
0.135214 2 1 104644
0.135214 3 1 103371
0.135214 5 1 104883
0.135214 4 1 102062
0.135214 1 1 101893
0.136214 6 1 101896
0.136214 2 1 104653
0.136214 3 1 103371
0.136214 5 1 104894
0.136214 4 1 102052
0.136214 1 1 101882
0.137214 6 1 101886
0.137214 2 1 104663
0.137214 3 1 103370
0.137214 5 1 104905
0.137214 4 1 102042
0.137214 1 1 101872
0.138214 6 1 101875
0.138214 2 1 104672
0.138214 3 1 103370
0.138214 5 1 104917
0.138214 4 1 102033
0.138214 1 1 101861
0.139214 6 1 101864
0.139214 2 1 104682
0.139214 3 1 103370
0.139214 5 1 104928
0.139214 4 1 102023
0.139214 1 1 101850
0.140214 6 1 101854
0.140214 2 1 104691
0.140214 3 1 103370
0.140214 5 1 104939
0.140214 4 1 102014
0.140214 1 1 101839
0.141214 6 1 101843
0.141214 2 1 104701
0.141214 3 1 103370
0.141214 5 1 104951
0.141214 4 1 102004
0.141214 1 1 101828
0.142214 6 1 101832
0.142214 2 1 104710
0.142214 3 1 103370
0.142214 5 1 104962
0.142214 4 1 101994
0.142214 1 1 101817
0.143214 6 1 101821
0.143214 2 1 104720
0.143214 3 1 103370
0.143214 5 1 104973
0.143214 4 1 101985
0.143214 1 1 101807
0.144214 6 1 101811
0.144214 2 1 104729
0.144214 3 1 103370
0.144214 5 1 104985
0.144214 4 1 101975
0.144214 1 1 101796
0.145214 6 1 101800
0.145214 2 1 104739
0.145214 3 1 103370
0.145214 5 1 104996
0.145214 4 1 101966
0.145214 1 1 101785
0.146214 6 1 101789
0.146214 2 1 104748
0.146214 3 1 103370
0.146214 5 1 105007
0.146214 4 1 101956
0.146214 1 1 101774
0.147214 6 1 101779
0.147214 2 1 104758
0.147214 3 1 103370
0.147214 5 1 105019
0.147214 4 1 101946
0.147214 1 1 101763
0.148214 6 1 101768
0.148214 2 1 104768
0.148214 3 1 103370
0.148214 5 1 105030
0.148214 4 1 101937
0.148214 1 1 101753
0.149214 6 1 101757
0.149214 2 1 104777
0.149214 3 1 103370
0.149214 5 1 105041
0.149214 4 1 101927
0.149214 1 1 101742
0.150214 6 1 101746
0.150214 2 1 104787
0.150214 3 1 103370
0.150214 5 1 105053
0.150214 4 1 101918
0.150214 1 1 101731
0.151214 6 1 101736
0.151214 2 1 104796
0.151214 3 1 103369
0.151214 5 1 105064
0.151214 4 1 101908
0.151214 1 1 101720
0.152214 6 1 101725
0.152214 2 1 104806
0.152214 3 1 103369
0.152214 5 1 105075
0.152214 4 1 101899
0.152214 1 1 101709
0.153214 6 1 101714
0.153214 2 1 104815
0.153214 3 1 103369
0.153214 5 1 105087
0.153214 4 1 101889
0.153214 1 1 101698
0.154214 6 1 101704
0.154214 2 1 104825
0.154214 3 1 103369
0.154214 5 1 105098
0.154214 4 1 101879
0.154214 1 1 101688
0.155214 6 1 101693
0.155214 2 1 104834
0.155214 3 1 103369
0.155214 5 1 105109
0.155214 4 1 101870
0.155214 1 1 101677
0.156214 6 1 101682
0.156214 2 1 104844
0.156214 3 1 103369
0.156214 5 1 105121
0.156214 4 1 101860
0.156214 1 1 101666
0.157214 6 1 101672
0.157214 2 1 104853
0.157214 3 1 103369
0.157214 5 1 105132
0.157214 4 1 101851
0.157214 1 1 101655
0.158214 6 1 101661
0.158214 2 1 104863
0.158214 3 1 103369
0.158214 5 1 105143
0.158214 4 1 101841
0.158214 1 1 101644
0.159214 6 1 101650
0.159214 2 1 104873
0.159214 3 1 103369
0.159214 5 1 105155
0.159214 4 1 101832
0.159214 1 1 101634
0.160214 6 1 101640
0.160214 2 1 104882
0.160214 3 1 103369
0.160214 5 1 105166
0.160214 4 1 101822
0.160214 1 1 101623
0.161214 6 1 101629
0.161214 2 1 104892
0.161214 3 1 103369
0.161214 5 1 105177
0.161214 4 1 101812
0.161214 1 1 101612
0.162214 6 1 101618
0.162214 2 1 104901
0.162214 3 1 103368
0.162214 5 1 105189
0.162214 4 1 101803
0.162214 1 1 101601
0.163214 6 1 101608
0.163214 2 1 104911
0.163214 3 1 103368
0.163214 5 1 105200
0.163214 4 1 101793
0.163214 1 1 101590
0.164214 6 1 101597
0.164214 2 1 104920
0.164214 3 1 103368
0.164214 5 1 105212
0.164214 4 1 101784
0.164214 1 1 101580
0.165214 6 1 101586
0.165214 2 1 104930
0.165214 3 1 103368
0.165214 5 1 105223
0.165214 4 1 101774
0.165214 1 1 101569
0.166214 6 1 101575
0.166214 2 1 104940
0.166214 3 1 103368
0.166214 5 1 105234
0.166214 4 1 101765
0.166214 1 1 101558
0.167214 6 1 101565
0.167214 2 1 104949
0.167214 3 1 103368
0.167214 5 1 105246
0.167214 4 1 101755
0.167214 1 1 101547
0.168214 6 1 101554
0.168214 2 1 104959
0.168214 3 1 103368
0.168214 5 1 105257
0.168214 4 1 101745
0.168214 1 1 101536
0.169214 6 1 101543
0.169214 2 1 104968
0.169214 3 1 103368
0.169214 5 1 105268
0.169214 4 1 101736
0.169214 1 1 101526
0.170214 6 1 101533
0.170214 2 1 104978
0.170214 3 1 103368
0.170214 5 1 105280
0.170214 4 1 101726
0.170214 1 1 101515
0.171214 6 1 101522
0.171214 2 1 104987
0.171214 3 1 103368
0.171214 5 1 105291
0.171214 4 1 101717
0.171214 1 1 101504
0.172214 6 1 101511
0.172214 2 1 104997
0.172214 3 1 103367
0.172214 5 1 105302
0.172214 4 1 101707
0.172214 1 1 101493
0.173214 6 1 101501
0.173214 2 1 105007
0.173214 3 1 103367
0.173214 5 1 105314
0.173214 4 1 101698
0.173214 1 1 101483
0.174214 6 1 101490
0.174214 2 1 105016
0.174214 3 1 103367
0.174214 5 1 105325
0.174214 4 1 101688
0.174214 1 1 101472
0.175214 6 1 101479
0.175214 2 1 105026
0.175214 3 1 103367
0.175214 5 1 105337
0.175214 4 1 101679
0.175214 1 1 101461
0.176214 6 1 101469
0.176214 2 1 105035
0.176214 3 1 103367
0.176214 5 1 105348
0.176214 4 1 101669
0.176214 1 1 101450
0.177214 6 1 101458
0.177214 2 1 105045
0.177214 3 1 103367
0.177214 5 1 105359
0.177214 4 1 101659
0.177214 1 1 101439
0.178214 6 1 101447
0.178214 2 1 105054
0.178214 3 1 103367
0.178214 5 1 105371
0.178214 4 1 101650
0.178214 1 1 101429
0.179214 6 1 101437
0.179214 2 1 105064
0.179214 3 1 103367
0.179214 5 1 105382
0.179214 4 1 101640
0.179214 1 1 101418
0.180214 6 1 101426
0.180214 2 1 105074
0.180214 3 1 103367
0.180214 5 1 105394
0.180214 4 1 101631
0.180214 1 1 101407
0.181214 6 1 101416
0.181214 2 1 105083
0.181214 3 1 103366
0.181214 5 1 105405
0.181214 4 1 101621
0.181214 1 1 101396
0.182214 6 1 101405
0.182214 2 1 105093
0.182214 3 1 103366
0.182214 5 1 105416
0.182214 4 1 101612
0.182214 1 1 101385
0.183214 6 1 101394
0.183214 2 1 105102
0.183214 3 1 103366
0.183214 5 1 105428
0.183214 4 1 101602
0.183214 1 1 101375
0.184214 6 1 101384
0.184214 2 1 105112
0.184214 3 1 103366
0.184214 5 1 105439
0.184214 4 1 101593
0.184214 1 1 101364
0.185214 6 1 101373
0.185214 2 1 105121
0.185214 3 1 103366
0.185214 5 1 105450
0.185214 4 1 101583
0.185214 1 1 101353
0.186214 6 1 101362
0.186214 2 1 105131
0.186214 3 1 103366
0.186214 5 1 105462
0.186214 4 1 101573
0.186214 1 1 101342
0.187214 6 1 101352
0.187214 2 1 105141
0.187214 3 1 103366
0.187214 5 1 105473
0.187214 4 1 101564
0.187214 1 1 101332
0.188214 6 1 101341
0.188214 2 1 105150
0.188214 3 1 103366
0.188214 5 1 105485
0.188214 4 1 101554
0.188214 1 1 101321
0.189214 6 1 101330
0.189214 2 1 105160
0.189214 3 1 103365
0.189214 5 1 105496
0.189214 4 1 101545
0.189214 1 1 101310
0.190214 6 1 101320
0.190214 2 1 105169
0.190214 3 1 103365
0.190214 5 1 105507
0.190214 4 1 101535
0.190214 1 1 101299
0.191214 6 1 101309
0.191214 2 1 105179
0.191214 3 1 103365
0.191214 5 1 105519
0.191214 4 1 101526
0.191214 1 1 101289
0.192214 6 1 101298
0.192214 2 1 105189
0.192214 3 1 103365
0.192214 5 1 105530
0.192214 4 1 101516
0.192214 1 1 101278
0.193214 6 1 101288
0.193214 2 1 105198
0.193214 3 1 103365
0.193214 5 1 105542
0.193214 4 1 101507
0.193214 1 1 101267
0.194214 6 1 101277
0.194214 2 1 105208
0.194214 3 1 103365
0.194214 5 1 105553
0.194214 4 1 101497
0.194214 1 1 101256
0.195214 6 1 101267
0.195214 2 1 105217
0.195214 3 1 103365
0.195214 5 1 105564
0.195214 4 1 101488
0.195214 1 1 101246
0.196214 6 1 101256
0.196214 2 1 105227
0.196214 3 1 103365
0.196214 5 1 105576
0.196214 4 1 101478
0.196214 1 1 101235
0.197214 6 1 101245
0.197214 2 1 105237
0.197214 3 1 103364
0.197214 5 1 105587
0.197214 4 1 101469
0.197214 1 1 101224
0.198214 6 1 101235
0.198214 2 1 105246
0.198214 3 1 103364
0.198214 5 1 105599
0.198214 4 1 101459
0.198214 1 1 101213
0.199214 6 1 101224
0.199214 2 1 105256
0.199214 3 1 103364
0.199214 5 1 105610
0.199214 4 1 101449
0.199214 1 1 101203
0.200214 6 1 101213
0.200214 2 1 105265
0.200214 3 1 103364
0.200214 5 1 105622
0.200214 4 1 101440
0.200214 1 1 101192
0.201214 6 1 101203
0.201214 2 1 105275
0.201214 3 1 103364
0.201214 5 1 105633
0.201214 4 1 101430
0.201214 1 1 101181
0.202214 6 1 101192
0.202214 2 1 105285
0.202214 3 1 103364
0.202214 5 1 105644
0.202214 4 1 101421
0.202214 1 1 101170
0.203214 6 1 101182
0.203214 2 1 105294
0.203214 3 1 103364
0.203214 5 1 105656
0.203214 4 1 101411
0.203214 1 1 101160
0.204214 6 1 101171
0.204214 2 1 105304
0.204214 3 1 103363
0.204214 5 1 105667
0.204214 4 1 101402
0.204214 1 1 101149
0.205214 6 1 101160
0.205214 2 1 105313
0.205214 3 1 103363
0.205214 5 1 105679
0.205214 4 1 101392
0.205214 1 1 101138
0.206214 6 1 101150
0.206214 2 1 105323
0.206214 3 1 103363
0.206214 5 1 105690
0.206214 4 1 101383
0.206214 1 1 101127
0.207214 6 1 101139
0.207214 2 1 105333
0.207214 3 1 103363
0.207214 5 1 105702
0.207214 4 1 101373
0.207214 1 1 101117
0.208214 6 1 101128
0.208214 2 1 105342
0.208214 3 1 103363
0.208214 5 1 105713
0.208214 4 1 101364
0.208214 1 1 101106
0.209214 6 1 101118
0.209214 2 1 105352
0.209214 3 1 103363
0.209214 5 1 105724
0.209214 4 1 101354
0.209214 1 1 101095
0.210214 6 1 101107
0.210214 2 1 105361
0.210214 3 1 103362
0.210214 5 1 105736
0.210214 4 1 101345
0.210214 1 1 101084
0.211214 6 1 101097
0.211214 2 1 105371
0.211214 3 1 103362
0.211214 5 1 105747
0.211214 4 1 101335
0.211214 1 1 101074
0.212214 6 1 101086
0.212214 2 1 105381
0.212214 3 1 103362
0.212214 5 1 105759
0.212214 4 1 101326
0.212214 1 1 101063
