0.104913	0	0.004
0.109808	0.004	0.004125
0.114708	0.004125	0.00423438
0.114708	0.00423438	0.00433008
0.119608	0.00433008	0.00441382
0.119608	0.00441382	0.00448709
0.119609	0.00448709	0.0045512
0.119609	0.0045512	0.0046073
0.124508	0.0046073	0.00465639
0.124508	0.00465639	0.00469934
0.124509	0.00469934	0.00473692
0.124509	0.00473692	0.00476981
0.124509	0.00476981	0.00479858
0.124509	0.00479858	0.00482376
0.124509	0.00482376	0.00484579
0.125408	0.00484579	0.00499006
0.129408	0.00499006	0.0049913
0.129408	0.0049913	0.00499239
0.129409	0.00499239	0.00499334
0.129409	0.00499334	0.00499417
0.129409	0.00499417	0.0049949
0.129409	0.0049949	0.00499554
0.129409	0.00499554	0.0049961
0.129409	0.0049961	0.00499658
0.129409	0.00499658	0.00499701
0.129409	0.00499701	0.00499738
0.129409	0.00499738	0.00499771
0.129409	0.00499771	0.004998
0.129409	0.004998	0.00499825
0.130308	0.00499825	0.00512347
0.130308	0.00512347	0.00510803
0.130309	0.00510803	0.00509453
0.134308	0.00509453	0.00508271
0.134308	0.00508271	0.00507237
0.134309	0.00507237	0.00506333
0.134309	0.00506333	0.00505541
0.134309	0.00505541	0.00504848
0.134309	0.00504848	0.00504242
0.134309	0.00504242	0.00503712
0.134309	0.00503712	0.00503248
0.134309	0.00503248	0.00502842
0.134309	0.00502842	0.00502487
0.134309	0.00502487	0.00502176
0.134309	0.00502176	0.00501904
0.134309	0.00501904	0.00501666
0.134309	0.00501666	0.00501457
0.134309	0.00501457	0.00501275
0.13431	0.00501275	0.00501116
0.13431	0.00501116	0.00500976
0.13431	0.00500976	0.00500854
0.13431	0.00500854	0.00500747
0.13431	0.00500747	0.00500654
0.13431	0.00500654	0.00500572
0.13431	0.00500572	0.005005
0.13431	0.005005	0.00500438
0.13431	0.00500438	0.00500383
0.13431	0.00500383	0.00500335
0.135208	0.00500335	0.00512793
0.135208	0.00512793	0.00511194
0.135209	0.00511194	0.00509795
0.135209	0.00509795	0.0050857
0.135209	0.0050857	0.00507499
0.135209	0.00507499	0.00506562
0.135209	0.00506562	0.00505741
0.139208	0.00505741	0.00505024
0.139208	0.00505024	0.00504396
0.139209	0.00504396	0.00503846
0.139209	0.00503846	0.00503365
0.139209	0.00503365	0.00502945
0.139209	0.00502945	0.00502577
0.139209	0.00502577	0.00502254
0.139209	0.00502254	0.00501973
0.139209	0.00501973	0.00501726
0.139209	0.00501726	0.0050151
0.139209	0.0050151	0.00501321
0.139209	0.00501321	0.00501156
0.139209	0.00501156	0.00501012
0.139209	0.00501012	0.00500885
0.139209	0.00500885	0.00500774
0.13921	0.00500774	0.00500678
0.13921	0.00500678	0.00500593
0.13921	0.00500593	0.00500519
0.13921	0.00500519	0.00500454
0.13921	0.00500454	0.00500397
0.13921	0.00500397	0.00500347
0.13921	0.00500347	0.00500304
0.13921	0.00500304	0.00500266
0.13921	0.00500266	0.00500233
0.13921	0.00500233	0.00500203
0.13921	0.00500203	0.00500178
0.13921	0.00500178	0.00500156
0.13921	0.00500156	0.00500136
0.139211	0.00500136	0.00500119
0.139211	0.00500119	0.00500104
0.139211	0.00500104	0.00500091
0.139313	0.00500091	0.0050008
0.139313	0.0050008	0.0050007
0.139313	0.0050007	0.00500061
0.139313	0.00500061	0.00500053
0.139313	0.00500053	0.00500046
0.139313	0.00500046	0.00500041
0.139313	0.00500041	0.00500035
0.139313	0.00500035	0.00500031
0.139313	0.00500031	0.00500027
0.139313	0.00500027	0.00500024
0.139313	0.00500024	0.00500021
0.139313	0.00500021	0.00500018
0.139313	0.00500018	0.00500016
0.139314	0.00500016	0.00500014
0.139314	0.00500014	0.00500012
0.139314	0.00500012	0.00500011
0.139314	0.00500011	0.00500009
0.139314	0.00500009	0.00500008
0.140108	0.00500008	0.00512507
0.140108	0.00512507	0.00510943
0.140109	0.00510943	0.00509576
0.140109	0.00509576	0.00508379
0.140109	0.00508379	0.00507331
0.140109	0.00507331	0.00506415
0.140109	0.00506415	0.00505613
0.140109	0.00505613	0.00504911
0.140109	0.00504911	0.00504297
0.140109	0.00504297	0.0050376
0.140109	0.0050376	0.0050329
0.140109	0.0050329	0.00502879
0.140109	0.00502879	0.00502519
0.140109	0.00502519	0.00502204
0.142108	0.00502204	0.00526928
0.144108	0.00526928	0.00523562
0.144108	0.00523562	0.00520617
0.144109	0.00520617	0.0051804
0.144109	0.0051804	0.00515785
0.144109	0.00515785	0.00513812
0.144109	0.00513812	0.00512085
0.144109	0.00512085	0.00510575
0.144109	0.00510575	0.00509253
0.144109	0.00509253	0.00508096
0.144109	0.00508096	0.00507084
0.144109	0.00507084	0.00506198
0.144109	0.00506198	0.00505424
0.144109	0.00505424	0.00504746
0.144109	0.00504746	0.00504152
0.144109	0.00504152	0.00503633
0.14411	0.00503633	0.00503179
0.14411	0.00503179	0.00502782
0.14411	0.00502782	0.00502434
0.14411	0.00502434	0.0050213
0.14411	0.0050213	0.00501863
0.14411	0.00501863	0.0050163
0.14411	0.0050163	0.00501427
0.14411	0.00501427	0.00501248
0.14411	0.00501248	0.00501092
0.14411	0.00501092	0.00500955
0.14411	0.00500955	0.00500836
0.14411	0.00500836	0.00500732
0.14411	0.00500732	0.0050064
0.144111	0.0050064	0.0050056
0.144111	0.0050056	0.0050049
0.144111	0.0050049	0.00500429
0.144213	0.00500429	0.00500375
0.144213	0.00500375	0.00500328
0.144213	0.00500328	0.00500287
0.144213	0.00500287	0.00500251
0.144213	0.00500251	0.0050022
0.144213	0.0050022	0.00500192
0.144213	0.00500192	0.00500168
0.144213	0.00500168	0.00500147
0.144213	0.00500147	0.00500129
0.144213	0.00500129	0.00500113
0.144213	0.00500113	0.00500099
0.144213	0.00500099	0.00500086
0.144213	0.00500086	0.00500075
0.144214	0.00500075	0.00500066
0.144214	0.00500066	0.00500058
0.144214	0.00500058	0.0050005
0.144214	0.0050005	0.00500044
0.144214	0.00500044	0.00500038
0.144214	0.00500038	0.00500034
0.144214	0.00500034	0.00500029
0.144214	0.00500029	0.00500026
0.144214	0.00500026	0.00500022
0.144214	0.00500022	0.0050002
0.144214	0.0050002	0.00500017
0.144214	0.00500017	0.00500015
0.144214	0.00500015	0.00500013
0.144215	0.00500013	0.00500011
0.144215	0.00500011	0.0050001
0.144215	0.0050001	0.00500008
0.144215	0.00500008	0.00500007
0.144215	0.00500007	0.00500006
0.144215	0.00500006	0.00500006
0.144215	0.00500006	0.00500005
0.144215	0.00500005	0.00500004
0.144215	0.00500004	0.00500004
0.144215	0.00500004	0.00500003
0.144215	0.00500003	0.00500003
0.144215	0.00500003	0.00500002
0.144215	0.00500002	0.00500002
0.144215	0.00500002	0.00500002
0.144216	0.00500002	0.00500001
0.144216	0.00500001	0.00500001
0.144216	0.00500001	0.00500001
0.144216	0.00500001	0.00500001
0.144216	0.00500001	0.00500001
0.144216	0.00500001	0.00500001
0.144216	0.00500001	0.00500001
0.144216	0.00500001	0.005
0.144216	0.005	0.005
0.144216	0.005	0.005
0.144216	0.005	0.005
0.144216	0.005	0.005
0.145008	0.005	0.005125
0.145008	0.005125	0.00523438
0.145009	0.00523438	0.00533008
0.145009	0.00533008	0.00528882
0.145009	0.00528882	0.00525271
0.145009	0.00525271	0.00522113
0.145009	0.00522113	0.00519348
0.145009	0.00519348	0.0051693
0.145009	0.0051693	0.00514813
0.145009	0.00514813	0.00512962
0.145009	0.00512962	0.00511341
0.145009	0.00511341	0.00509924
0.145009	0.00509924	0.00508683
0.145009	0.00508683	0.00507598
0.145009	0.00507598	0.00506648
0.14501	0.00506648	0.00505817
0.14501	0.00505817	0.0050509
0.14501	0.0050509	0.00504454
0.14501	0.00504454	0.00503897
0.14501	0.00503897	0.0050341
0.14501	0.0050341	0.00502983
0.14501	0.00502983	0.0050261
0.14501	0.0050261	0.00502284
0.14501	0.00502284	0.00501999
0.14501	0.00501999	0.00501749
0.14501	0.00501749	0.0050153
0.14501	0.0050153	0.00501339
0.14501	0.00501339	0.00501171
0.145011	0.00501171	0.00501025
0.147008	0.00501025	0.00525897
0.147008	0.00525897	0.0054766
0.147009	0.0054766	0.00541702
0.147009	0.00541702	0.00536489
0.149008	0.00536489	0.00531928
0.149008	0.00531928	0.00527937
0.149009	0.00527937	0.00524445
0.149009	0.00524445	0.00521389
0.149009	0.00521389	0.00518715
0.149009	0.00518715	0.00516376
0.149009	0.00516376	0.00514329
0.149009	0.00514329	0.00512538
0.149009	0.00512538	0.0051097
0.149009	0.0051097	0.00509599
0.149009	0.00509599	0.00508399
0.149009	0.00508399	0.00507349
0.149009	0.00507349	0.00506431
0.149009	0.00506431	0.00505627
0.149009	0.00505627	0.00504923
0.14901	0.00504923	0.00504308
0.14901	0.00504308	0.00503769
0.14901	0.00503769	0.00503298
0.14901	0.00503298	0.00502886
0.14901	0.00502886	0.00502525
0.14901	0.00502525	0.00502209
0.14901	0.00502209	0.00501933
0.14901	0.00501933	0.00501691
0.14901	0.00501691	0.0050148
0.14901	0.0050148	0.00501295
0.14901	0.00501295	0.00501133
0.14901	0.00501133	0.00500991
0.14901	0.00500991	0.00500867
0.149011	0.00500867	0.00500759
0.149011	0.00500759	0.00500664
0.149011	0.00500664	0.00500581
0.149113	0.00500581	0.00500508
0.149113	0.00500508	0.00500445
0.149113	0.00500445	0.00500389
0.149113	0.00500389	0.0050034
0.149113	0.0050034	0.00500298
0.149113	0.00500298	0.0050026
0.149113	0.0050026	0.00500228
0.149113	0.00500228	0.00500199
0.149113	0.00500199	0.00500174
0.149113	0.00500174	0.00500152
0.149113	0.00500152	0.00500133
0.149113	0.00500133	0.00500117
0.149113	0.00500117	0.00500102
0.149114	0.00500102	0.00500089
0.149114	0.00500089	0.00500078
0.149114	0.00500078	0.00500068
0.149114	0.00500068	0.0050006
0.149114	0.0050006	0.00500052
0.149114	0.00500052	0.00500046
0.149114	0.00500046	0.0050004
0.149114	0.0050004	0.00500035
0.149114	0.00500035	0.00500031
0.149114	0.00500031	0.00500027
0.149114	0.00500027	0.00500023
0.149114	0.00500023	0.0050002
0.149114	0.0050002	0.00500018
0.149115	0.00500018	0.00500015
0.149115	0.00500015	0.00500013
0.149115	0.00500013	0.00500012
0.149115	0.00500012	0.0050001
0.149115	0.0050001	0.00500009
0.149115	0.00500009	0.00500008
0.149115	0.00500008	0.00500007
0.149115	0.00500007	0.00500006
0.149115	0.00500006	0.00500005
0.149115	0.00500005	0.00500004
0.149115	0.00500004	0.00500004
0.149115	0.00500004	0.00500003
0.149115	0.00500003	0.00500003
0.149115	0.00500003	0.00500002
0.149116	0.00500002	0.00500002
0.149116	0.00500002	0.00500002
0.149116	0.00500002	0.00500002
0.149116	0.00500002	0.00500001
0.149116	0.00500001	0.00500001
0.149116	0.00500001	0.00500001
0.149116	0.00500001	0.00500001
0.149116	0.00500001	0.00500001
0.149116	0.00500001	0.00500001
0.149116	0.00500001	0.005
0.149116	0.005	0.005
0.149116	0.005	0.005
0.149116	0.005	0.005
0.149117	0.005	0.005
0.149908	0.005	0.004875
0.149909	0.004875	0.00476562
0.149909	0.00476562	0.00466992
0.149909	0.00466992	0.00458618
0.149909	0.00458618	0.00451291
0.149909	0.00451291	0.00444879
0.149909	0.00444879	0.00439269
0.149909	0.00439269	0.00434361
0.149909	0.00434361	0.00430065
0.149909	0.00430065	0.00426307
0.149909	0.00426307	0.00423019
0.149909	0.00423019	0.00420141
0.149909	0.00420141	0.00417624
0.149909	0.00417624	0.00415421
0.14991	0.00415421	0.00413493
0.14991	0.00413493	0.00411806
0.14991	0.00411806	0.00410331
0.14991	0.00410331	0.00409039
0.14991	0.00409039	0.00407909
0.14991	0.00407909	0.00406921
0.14991	0.00406921	0.00406056
0.14991	0.00406056	0.00405299
0.14991	0.00405299	0.00404636
0.14991	0.00404636	0.00404057
0.14991	0.00404057	0.00403549
0.14991	0.00403549	0.00403106
0.151908	0.00403106	0.00427717
0.151908	0.00427717	0.00449253
0.151909	0.00449253	0.00468096
0.151909	0.00468096	0.00484584
0.151909	0.00484584	0.00499011
0.151909	0.00499011	0.00486635
0.151909	0.00486635	0.00475805
0.151909	0.00475805	0.00466329
0.153908	0.00466329	0.00483038
0.153908	0.00483038	0.00472659
0.153909	0.00472659	0.00463576
0.153909	0.00463576	0.00455629
0.153909	0.00455629	0.00448675
0.153909	0.00448675	0.00442591
0.153909	0.00442591	0.00437267
0.153909	0.00437267	0.00432609
0.153909	0.00432609	0.00428532
0.153909	0.00428532	0.00424966
0.153909	0.00424966	0.00421845
0.153909	0.00421845	0.00419114
0.153909	0.00419114	0.00416725
0.153909	0.00416725	0.00414634
0.153909	0.00414634	0.00412805
0.15391	0.00412805	0.00411204
0.15391	0.00411204	0.00409804
0.15391	0.00409804	0.00408578
0.15391	0.00408578	0.00407506
0.15391	0.00407506	0.00406568
0.15391	0.00406568	0.00405747
0.15391	0.00405747	0.00405028
0.15391	0.00405028	0.004044
0.15391	0.004044	0.0040385
0.15391	0.0040385	0.00403368
0.15391	0.00403368	0.00402947
0.15391	0.00402947	0.00402579
0.15391	0.00402579	0.00402256
0.153911	0.00402256	0.00401974
0.153911	0.00401974	0.00401727
0.153911	0.00401727	0.00401511
0.154013	0.00401511	0.00413822
0.154013	0.00413822	0.00424595
0.154013	0.00424595	0.0043402
0.154013	0.0043402	0.00442268
0.154013	0.00442268	0.00449484
0.154013	0.00449484	0.00455798
0.154013	0.00455798	0.00461324
0.154013	0.00461324	0.00466158
0.154013	0.00466158	0.00470388
0.154013	0.00470388	0.0047409
0.154013	0.0047409	0.00477328
0.154013	0.00477328	0.00480162
0.154013	0.00480162	0.00482642
0.154014	0.00482642	0.00484812
0.154014	0.00484812	0.0048671
0.154014	0.0048671	0.00488371
0.154014	0.00488371	0.00489825
0.154014	0.00489825	0.00491097
0.154014	0.00491097	0.0049221
0.154014	0.0049221	0.00493183
0.154014	0.00493183	0.00494035
0.154014	0.00494035	0.00494781
0.154014	0.00494781	0.00495433
0.154014	0.00495433	0.00496004
0.154014	0.00496004	0.00496503
0.154014	0.00496503	0.0049694
0.154015	0.0049694	0.00497323
0.154015	0.00497323	0.00497657
0.154015	0.00497657	0.0049795
0.154015	0.0049795	0.00498206
0.154015	0.00498206	0.00498431
0.154015	0.00498431	0.00498627
0.154015	0.00498627	0.00498798
0.154015	0.00498798	0.00498949
0.154015	0.00498949	0.0049908
0.154015	0.0049908	0.00499195
0.154015	0.00499195	0.00499296
0.154015	0.00499296	0.00499384
0.154015	0.00499384	0.00499461
0.154015	0.00499461	0.00499528
0.154016	0.00499528	0.00499587
0.154016	0.00499587	0.00499638
0.154016	0.00499638	0.00499684
0.154016	0.00499684	0.00499723
0.154016	0.00499723	0.00499758
0.154016	0.00499758	0.00499788
0.154016	0.00499788	0.00499814
0.154016	0.00499814	0.00499838
0.154016	0.00499838	0.00499858
0.154016	0.00499858	0.00499876
0.154016	0.00499876	0.00499891
0.154016	0.00499891	0.00499905
0.154016	0.00499905	0.00499917
0.154017	0.00499917	0.00499927
0.154017	0.00499927	0.00499936
0.154017	0.00499936	0.00499944
0.154017	0.00499944	0.00499951
0.154017	0.00499951	0.00499957
0.154017	0.00499957	0.00499962
0.154017	0.00499962	0.00499967
0.154017	0.00499967	0.00499971
0.154017	0.00499971	0.00499975
0.154017	0.00499975	0.00499978
0.154017	0.00499978	0.00499981
0.154117	0.00499981	0.00499983
0.154117	0.00499983	0.00499985
0.154117	0.00499985	0.00499987
0.154117	0.00499987	0.00499988
0.154117	0.00499988	0.0049999
0.154117	0.0049999	0.00499991
0.154117	0.00499991	0.00499992
0.154117	0.00499992	0.00499993
0.154808	0.00499993	0.00499994
0.154808	0.00499994	0.00499995
0.154809	0.00499995	0.00499995
0.154809	0.00499995	0.00499996
0.154809	0.00499996	0.00499996
0.154809	0.00499996	0.00499997
0.154809	0.00499997	0.00499997
0.154809	0.00499997	0.00499997
0.154809	0.00499997	0.00499998
0.154809	0.00499998	0.00499998
0.154809	0.00499998	0.00499998
0.154809	0.00499998	0.00499998
0.154809	0.00499998	0.00499999
0.154809	0.00499999	0.00499999
0.154809	0.00499999	0.00499999
0.15481	0.00499999	0.00499999
0.15481	0.00499999	0.00499999
0.15481	0.00499999	0.00499999
0.15481	0.00499999	0.00499999
0.15481	0.00499999	0.00499999
0.15481	0.00499999	0.00499999
0.156808	0.00499999	0.00524999
0.156808	0.00524999	0.00546874
0.156809	0.00546874	0.00541015
0.156809	0.00541015	0.00535888
0.156809	0.00535888	0.00531402
0.156809	0.00531402	0.00527477
0.156809	0.00527477	0.00524042
0.156809	0.00524042	0.00521037
0.156809	0.00521037	0.00518407
0.156809	0.00518407	0.00516106
0.158808	0.00516106	0.00539093
0.158808	0.00539093	0.00534206
0.158809	0.00534206	0.0052993
0.158809	0.0052993	0.00526189
0.158809	0.00526189	0.00522915
0.158809	0.00522915	0.00520051
0.158809	0.00520051	0.00517544
0.158809	0.00517544	0.00515351
0.158809	0.00515351	0.00513432
0.158809	0.00513432	0.00511753
0.158809	0.00511753	0.00510284
0.158809	0.00510284	0.00508998
0.158809	0.00508998	0.00507874
0.158809	0.00507874	0.00506889
0.158809	0.00506889	0.00506028
0.15881	0.00506028	0.00505275
0.15881	0.00505275	0.00504615
0.15881	0.00504615	0.00504038
0.15881	0.00504038	0.00503534
0.15881	0.00503534	0.00503092
0.15881	0.00503092	0.00502705
0.15881	0.00502705	0.00502367
0.15881	0.00502367	0.00502071
0.15881	0.00502071	0.00501812
0.15881	0.00501812	0.00501586
0.15881	0.00501586	0.00501387
0.15881	0.00501387	0.00501214
0.15881	0.00501214	0.00501062
0.158811	0.00501062	0.00500929
0.158811	0.00500929	0.00500813
0.158811	0.00500813	0.00500711
0.158913	0.00500711	0.00500622
0.158913	0.00500622	0.00500545
0.158913	0.00500545	0.00487977
0.158913	0.00487977	0.00476979
0.158913	0.00476979	0.00467357
0.158913	0.00467357	0.00458937
0.158913	0.00458937	0.0045157
0.158913	0.0045157	0.00445124
0.158913	0.00445124	0.00439483
0.158913	0.00439483	0.00434548
0.158913	0.00434548	0.00430229
0.158913	0.00430229	0.00426451
0.158913	0.00426451	0.00423144
0.158914	0.00423144	0.00420251
0.158914	0.00420251	0.0041772
0.158914	0.0041772	0.00415505
0.158914	0.00415505	0.00413567
0.158914	0.00413567	0.00411871
0.158914	0.00411871	0.00410387
0.158914	0.00410387	0.00409088
0.158914	0.00409088	0.00407952
0.158914	0.00407952	0.00406958
0.158914	0.00406958	0.00406088
0.158914	0.00406088	0.00405327
0.158914	0.00405327	0.00404661
0.158914	0.00404661	0.00404079
0.158915	0.00404079	0.00403569
0.158915	0.00403569	0.00403123
0.158915	0.00403123	0.00402732
0.158915	0.00402732	0.00402391
0.158915	0.00402391	0.00402092
0.158915	0.00402092	0.0040183
0.158915	0.0040183	0.00401601
0.158915	0.00401601	0.00401401
0.158915	0.00401401	0.00401226
0.158915	0.00401226	0.00401073
0.158915	0.00401073	0.00400939
0.158915	0.00400939	0.00400821
0.158915	0.00400821	0.00400718
0.158915	0.00400718	0.00400629
0.158916	0.00400629	0.0040055
0.158916	0.0040055	0.00400481
0.158916	0.00400481	0.00400421
0.158916	0.00400421	0.00400368
0.158916	0.00400368	0.00400322
0.158916	0.00400322	0.00400282
0.158916	0.00400282	0.00400247
0.158916	0.00400247	0.00400216
0.158916	0.00400216	0.00400189
0.158916	0.00400189	0.00400165
0.158916	0.00400165	0.00400144
0.158916	0.00400144	0.00400126
0.158916	0.00400126	0.0040011
0.158917	0.0040011	0.00400097
0.158917	0.00400097	0.00400085
0.158917	0.00400085	0.00400074
0.158917	0.00400074	0.00400065
0.158917	0.00400065	0.00400057
0.158917	0.00400057	0.00400049
0.158917	0.00400049	0.00400043
0.158917	0.00400043	0.00400038
0.158917	0.00400038	0.00400033
0.158917	0.00400033	0.00400029
0.158917	0.00400029	0.00400025
0.159017	0.00400025	0.00412522
0.159017	0.00412522	0.00423457
0.159017	0.00423457	0.00433025
0.159017	0.00433025	0.00441396
0.159017	0.00441396	0.00448722
0.159017	0.00448722	0.00455132
0.159017	0.00455132	0.0046074
0.159017	0.0046074	0.00465648
0.159017	0.00465648	0.00469942
0.159017	0.00469942	0.00473699
0.159017	0.00473699	0.00476986
0.159018	0.00476986	0.00479863
0.159018	0.00479863	0.0048238
0.159708	0.0048238	0.00484583
0.159708	0.00484583	0.0048651
0.159709	0.0048651	0.00488196
0.159709	0.00488196	0.00489671
0.159709	0.00489671	0.00490962
0.159709	0.00490962	0.00492092
0.159709	0.00492092	0.0049308
0.159709	0.0049308	0.00493945
0.159709	0.00493945	0.00494702
0.159709	0.00494702	0.00495364
0.159709	0.00495364	0.00495944
0.159709	0.00495944	0.00496451
0.159709	0.00496451	0.00496894
0.159709	0.00496894	0.00497283
0.159709	0.00497283	0.00497622
0.15971	0.00497622	0.00497919
0.15971	0.00497919	0.00498179
0.15971	0.00498179	0.00498407
0.15971	0.00498407	0.00498606
0.15971	0.00498606	0.0049878
0.15971	0.0049878	0.00498933
0.15971	0.00498933	0.00499066
0.15971	0.00499066	0.00499183
0.15971	0.00499183	0.00499285
0.15971	0.00499285	0.00499374
0.15971	0.00499374	0.00499452
0.161708	0.00499452	0.00524521
0.161708	0.00524521	0.00546456
0.161709	0.00546456	0.00565649
0.161709	0.00565649	0.00557443
0.161709	0.00557443	0.00550262
0.161709	0.00550262	0.00543979
0.161709	0.00543979	0.00538482
0.161709	0.00538482	0.00533672
0.161709	0.00533672	0.00529463
0.161709	0.00529463	0.0052578
0.161709	0.0052578	0.00522557
0.161709	0.00522557	0.00519737
0.161709	0.00519737	0.0051727
0.163708	0.0051727	0.00540111
0.163708	0.00540111	0.00535098
0.163709	0.00535098	0.0053071
0.163709	0.0053071	0.00526872
0.163709	0.00526872	0.00523513
0.163709	0.00523513	0.00520573
0.163709	0.00520573	0.00518002
0.163709	0.00518002	0.00515751
0.163709	0.00515751	0.00513782
0.163709	0.00513782	0.0051206
0.163709	0.0051206	0.00510552
0.163709	0.00510552	0.00509233
0.163709	0.00509233	0.00508079
0.163709	0.00508079	0.00507069
0.163709	0.00507069	0.00506185
0.16371	0.00506185	0.00505412
0.16371	0.00505412	0.00504735
0.16371	0.00504735	0.00504144
0.16371	0.00504144	0.00503625
0.16371	0.00503625	0.00503172
0.16371	0.00503172	0.00502776
0.16371	0.00502776	0.00502429
0.16371	0.00502429	0.00502125
0.16371	0.00502125	0.00501859
0.16371	0.00501859	0.00501627
0.16371	0.00501627	0.00501423
0.16371	0.00501423	0.00501245
0.16371	0.00501245	0.0050109
0.163711	0.0050109	0.00500953
0.163711	0.00500953	0.00500834
0.163711	0.00500834	0.0050073
0.163813	0.0050073	0.00500639
0.163813	0.00500639	0.00500559
0.163813	0.00500559	0.00500489
0.163813	0.00500489	0.00500428
0.163813	0.00500428	0.00500374
0.163813	0.00500374	0.00500327
0.163813	0.00500327	0.00500286
0.163813	0.00500286	0.00500251
0.163813	0.00500251	0.00500219
0.163813	0.00500219	0.00500192
0.163813	0.00500192	0.00500168
0.163813	0.00500168	0.00500147
0.163813	0.00500147	0.00500128
0.163814	0.00500128	0.00500112
0.163814	0.00500112	0.00500098
0.163814	0.00500098	0.00500086
0.163814	0.00500086	0.00500075
0.163814	0.00500075	0.00500066
0.163814	0.00500066	0.00500057
0.163814	0.00500057	0.0050005
0.163814	0.0050005	0.00500044
0.163814	0.00500044	0.00500038
0.163814	0.00500038	0.00500034
0.163814	0.00500034	0.00500029
0.163814	0.00500029	0.00500026
0.163814	0.00500026	0.00500022
0.163815	0.00500022	0.0050002
0.163815	0.0050002	0.00500017
0.163815	0.00500017	0.00500015
0.163815	0.00500015	0.00500013
0.163815	0.00500013	0.00500011
0.163815	0.00500011	0.0050001
0.163815	0.0050001	0.00500008
0.163815	0.00500008	0.00500007
0.163815	0.00500007	0.00500006
0.163815	0.00500006	0.00500006
0.163815	0.00500006	0.00500005
0.163815	0.00500005	0.00500004
0.163815	0.00500004	0.00500004
0.163815	0.00500004	0.00500003
0.163816	0.00500003	0.00500003
0.163816	0.00500003	0.00500002
0.163816	0.00500002	0.00500002
0.163816	0.00500002	0.00500002
0.163816	0.00500002	0.00500001
0.163816	0.00500001	0.00500001
0.163816	0.00500001	0.00500001
0.163816	0.00500001	0.00500001
0.163816	0.00500001	0.00500001
0.163816	0.00500001	0.00500001
0.163816	0.00500001	0.00500001
0.163816	0.00500001	0.005
0.163816	0.005	0.005
0.163817	0.005	0.005
0.163817	0.005	0.005
0.163817	0.005	0.005
0.163917	0.005	0.004875
0.163917	0.004875	0.00476562
0.163917	0.00476562	0.00466992
0.163917	0.00466992	0.00458618
0.163917	0.00458618	0.00451291
0.163917	0.00451291	0.00444879
0.163918	0.00444879	0.00439269
0.163918	0.00439269	0.00434361
0.163918	0.00434361	0.00430065
0.163918	0.00430065	0.00426307
0.163918	0.00426307	0.00423019
0.163918	0.00423019	0.00420141
0.163918	0.00420141	0.00417624
0.164608	0.00417624	0.00427921
0.164608	0.00427921	0.00436931
0.164609	0.00436931	0.00444814
0.164609	0.00444814	0.00451712
0.164609	0.00451712	0.00457748
0.164609	0.00457748	0.0046303
0.164609	0.0046303	0.00467651
0.164609	0.00467651	0.00471695
0.164609	0.00471695	0.00475233
0.164609	0.00475233	0.00478328
0.164609	0.00478328	0.00481037
0.164609	0.00481037	0.00483408
0.164609	0.00483408	0.00485482
0.164609	0.00485482	0.00487296
0.164609	0.00487296	0.00488884
0.16461	0.00488884	0.00490274
0.16461	0.00490274	0.00491489
0.16461	0.00491489	0.00492553
0.16461	0.00492553	0.00493484
0.16461	0.00493484	0.00494298
0.16461	0.00494298	0.00495011
0.16461	0.00495011	0.00495635
0.16461	0.00495635	0.0049618
0.16461	0.0049618	0.00496658
0.16461	0.00496658	0.00497075
0.16461	0.00497075	0.00497441
0.166608	0.00497441	0.00522761
0.166608	0.00522761	0.00544916
0.166609	0.00544916	0.00539301
0.166609	0.00539301	0.00534388
0.166609	0.00534388	0.0053009
0.166609	0.0053009	0.00526329
0.166609	0.00526329	0.00523037
0.166609	0.00523037	0.00520158
0.166609	0.00520158	0.00517638
0.166609	0.00517638	0.00515433
0.166609	0.00515433	0.00513504
0.166609	0.00513504	0.00511816
0.166609	0.00511816	0.00510339
0.166609	0.00510339	0.00509046
0.166609	0.00509046	0.00507916
0.168608	0.00507916	0.00531926
0.168608	0.00531926	0.00527935
0.168609	0.00527935	0.00524443
0.168609	0.00524443	0.00521388
0.168609	0.00521388	0.00518714
0.168609	0.00518714	0.00516375
0.168609	0.00516375	0.00514328
0.168609	0.00514328	0.00512537
0.168609	0.00512537	0.0051097
0.168609	0.0051097	0.00509598
0.168609	0.00509598	0.00508399
0.168609	0.00508399	0.00507349
0.168609	0.00507349	0.0050643
0.168609	0.0050643	0.00505626
0.168609	0.00505626	0.00504923
0.16861	0.00504923	0.00504308
0.16861	0.00504308	0.00503769
0.16861	0.00503769	0.00503298
0.16861	0.00503298	0.00502886
0.16861	0.00502886	0.00502525
0.16861	0.00502525	0.00502209
0.16861	0.00502209	0.00501933
0.16861	0.00501933	0.00501691
0.16861	0.00501691	0.0050148
0.16861	0.0050148	0.00501295
0.16861	0.00501295	0.00501133
0.16861	0.00501133	0.00500991
0.16861	0.00500991	0.00500867
0.168611	0.00500867	0.00500759
0.168611	0.00500759	0.00500664
0.168611	0.00500664	0.00500581
0.168713	0.00500581	0.00500508
0.168713	0.00500508	0.00500445
0.168713	0.00500445	0.00500389
0.168713	0.00500389	0.0050034
0.168713	0.0050034	0.00500298
0.168713	0.00500298	0.0050026
0.168713	0.0050026	0.00500228
0.168713	0.00500228	0.00500199
0.168713	0.00500199	0.00500174
0.168713	0.00500174	0.00500152
0.168713	0.00500152	0.00500133
0.168713	0.00500133	0.00500117
0.168713	0.00500117	0.00500102
0.168714	0.00500102	0.00500089
0.168714	0.00500089	0.00500078
0.168714	0.00500078	0.00500068
0.168714	0.00500068	0.0050006
0.168714	0.0050006	0.00500052
0.168714	0.00500052	0.00500046
0.168714	0.00500046	0.0050004
0.168714	0.0050004	0.00500035
0.168714	0.00500035	0.00500031
0.168714	0.00500031	0.00500027
0.168714	0.00500027	0.00500023
0.168714	0.00500023	0.0050002
0.168714	0.0050002	0.00500018
0.168715	0.00500018	0.00500015
0.168715	0.00500015	0.00500013
0.168715	0.00500013	0.00500012
0.168715	0.00500012	0.0050001
0.168715	0.0050001	0.00500009
0.168715	0.00500009	0.00500008
0.168715	0.00500008	0.00500007
0.168715	0.00500007	0.00500006
0.168715	0.00500006	0.00500005
0.168715	0.00500005	0.00500004
0.168715	0.00500004	0.00500004
0.168715	0.00500004	0.00500003
0.168715	0.00500003	0.00500003
0.168715	0.00500003	0.00500002
0.168716	0.00500002	0.00500002
0.168716	0.00500002	0.00500002
0.168716	0.00500002	0.00500002
0.168716	0.00500002	0.00500001
0.168716	0.00500001	0.00500001
0.168716	0.00500001	0.00500001
0.168716	0.00500001	0.00500001
0.168716	0.00500001	0.00500001
0.168716	0.00500001	0.00500001
0.168716	0.00500001	0.005
0.168716	0.005	0.005
0.168716	0.005	0.005
0.168716	0.005	0.005
0.168717	0.005	0.005
0.169513	0.005	0.005125
0.169513	0.005125	0.00510938
0.169513	0.00510938	0.0050957
0.169513	0.0050957	0.00508374
0.169513	0.00508374	0.00507327
0.169513	0.00507327	0.00506411
0.169513	0.00506411	0.0050561
0.169513	0.0050561	0.00504909
0.169513	0.00504909	0.00504295
0.169513	0.00504295	0.00503758
0.169513	0.00503758	0.00503288
0.169513	0.00503288	0.00502877
0.169513	0.00502877	0.00502517
0.169514	0.00502517	0.00502203
0.169514	0.00502203	0.00501927
0.169514	0.00501927	0.00501686
0.171596	0.00501686	0.00526476
0.171596	0.00526476	0.00548166
0.171596	0.00548166	0.00567145
0.171596	0.00567145	0.00583752
0.171596	0.00583752	0.00598283
0.171596	0.00598283	0.00610998
0.171596	0.00610998	0.00622123
0.171596	0.00622123	0.00631857
0.171596	0.00631857	0.00640375
0.171596	0.00640375	0.00647828
0.171597	0.00647828	0.0065435
0.171597	0.0065435	0.00660056
0.171597	0.00660056	0.00640049
0.171597	0.00640049	0.00622543
0.171597	0.00622543	0.00607225
0.171597	0.00607225	0.00593822
0.171597	0.00593822	0.00582094
0.171597	0.00582094	0.00571832
0.171597	0.00571832	0.00562853
0.171597	0.00562853	0.00554996
0.171597	0.00554996	0.00548122
0.171597	0.00548122	0.00542106
0.171597	0.00542106	0.00536843
0.171597	0.00536843	0.00532238
0.171598	0.00532238	0.00528208
0.171598	0.00528208	0.00524682
0.171598	0.00524682	0.00521597
0.173596	0.00521597	0.00543897
0.173596	0.00543897	0.0053841
0.173596	0.0053841	0.00533608
0.173596	0.00533608	0.00529407
0.173596	0.00529407	0.00525731
0.173596	0.00525731	0.00522515
0.173596	0.00522515	0.00519701
0.173596	0.00519701	0.00517238
0.173596	0.00517238	0.00515083
0.173596	0.00515083	0.00513198
0.173597	0.00513198	0.00511548
0.173597	0.00511548	0.00510104
0.173597	0.00510104	0.00508841
0.173597	0.00508841	0.00507736
0.173597	0.00507736	0.00506769
0.173597	0.00506769	0.00505923
0.173597	0.00505923	0.00505182
0.173597	0.00505182	0.00504535
0.173597	0.00504535	0.00503968
0.173597	0.00503968	0.00503472
0.173597	0.00503472	0.00503038
0.173597	0.00503038	0.00502658
0.173597	0.00502658	0.00502326
0.173597	0.00502326	0.00502035
0.173598	0.00502035	0.00501781
0.173598	0.00501781	0.00501558
0.173598	0.00501558	0.00501363
0.173598	0.00501363	0.00501193
0.173598	0.00501193	0.00501044
0.173598	0.00501044	0.00500913
0.173598	0.00500913	0.00500799
0.173671	0.00500799	0.00500699
0.173671	0.00500699	0.00500612
0.173671	0.00500612	0.00500535
0.173671	0.00500535	0.00500468
0.173671	0.00500468	0.0050041
0.173671	0.0050041	0.00500358
0.173671	0.00500358	0.00500314
0.173671	0.00500314	0.00500274
0.173671	0.00500274	0.0050024
0.173671	0.0050024	0.0050021
0.173672	0.0050021	0.00500184
0.173672	0.00500184	0.00500161
0.173672	0.00500161	0.00500141
0.173672	0.00500141	0.00500123
0.173672	0.00500123	0.00500108
0.173672	0.00500108	0.00500094
0.173672	0.00500094	0.00500082
0.173672	0.00500082	0.00500072
0.173672	0.00500072	0.00500063
0.173672	0.00500063	0.00500055
0.173672	0.00500055	0.00500048
0.173672	0.00500048	0.00500042
0.173672	0.00500042	0.00500037
0.173673	0.00500037	0.00500032
0.173673	0.00500032	0.00500028
0.173673	0.00500028	0.00500025
0.173673	0.00500025	0.00500021
0.173673	0.00500021	0.00500019
0.173673	0.00500019	0.00500016
0.173673	0.00500016	0.00500014
0.173673	0.00500014	0.00500012
0.173673	0.00500012	0.00500011
0.173673	0.00500011	0.00500009
0.173673	0.00500009	0.00500008
0.173673	0.00500008	0.00500007
0.173673	0.00500007	0.00500006
0.173674	0.00500006	0.00500005
0.173674	0.00500005	0.00500005
0.173674	0.00500005	0.00500004
0.173674	0.00500004	0.00500003
0.173674	0.00500003	0.00500003
0.173674	0.00500003	0.00500003
0.173674	0.00500003	0.00500002
0.173674	0.00500002	0.00500002
0.173674	0.00500002	0.00500002
0.173674	0.00500002	0.00500001
0.173674	0.00500001	0.00500001
0.173674	0.00500001	0.00500001
0.173674	0.00500001	0.00500001
0.173674	0.00500001	0.00500001
0.173675	0.00500001	0.00500001
0.173675	0.00500001	0.00500001
0.173675	0.00500001	0.005
0.173717	0.005	0.005
0.173717	0.005	0.005
0.173717	0.005	0.005
0.173717	0.005	0.005
0.174096	0.005	0.005125
0.174096	0.005125	0.00523438
0.174096	0.00523438	0.00533008
0.174096	0.00533008	0.00541382
0.174096	0.00541382	0.00548709
0.174096	0.00548709	0.0055512
0.174096	0.0055512	0.0056073
0.174096	0.0056073	0.00565639
0.174096	0.00565639	0.00569934
0.174096	0.00569934	0.00573692
0.174097	0.00573692	0.00576981
0.174097	0.00576981	0.00579858
0.174097	0.00579858	0.00582376
0.174097	0.00582376	0.00584579
0.174097	0.00584579	0.00586506
0.174097	0.00586506	0.00588193
0.174308	0.00588193	0.00589669
0.174308	0.00589669	0.0057846
0.174309	0.0057846	0.00568653
0.174309	0.00568653	0.00560071
0.174309	0.00560071	0.00552562
0.174309	0.00552562	0.00545992
0.174309	0.00545992	0.00540243
0.174309	0.00540243	0.00535212
0.174309	0.00535212	0.00530811
0.174309	0.00530811	0.00526959
0.174309	0.00526959	0.00523589
0.174309	0.00523589	0.00520641
0.174309	0.00520641	0.00518061
0.174309	0.00518061	0.00515803
0.176496	0.00515803	0.00538828
0.176496	0.00538828	0.00558974
0.176496	0.00558974	0.00576602
0.176496	0.00576602	0.00567027
0.176496	0.00567027	0.00558649
0.176496	0.00558649	0.00551318
0.176496	0.00551318	0.00544903
0.176496	0.00544903	0.0053929
0.176496	0.0053929	0.00534379
0.176496	0.00534379	0.00530081
0.176497	0.00530081	0.00526321
0.176497	0.00526321	0.00523031
0.176497	0.00523031	0.00520152
0.176497	0.00520152	0.00517633
0.176497	0.00517633	0.00515429
0.176497	0.00515429	0.005135
0.176497	0.005135	0.00511813
0.176497	0.00511813	0.00510336
0.176497	0.00510336	0.00509044
0.176497	0.00509044	0.00507913
0.176497	0.00507913	0.00506924
0.176497	0.00506924	0.00506059
0.176497	0.00506059	0.00505301
0.176497	0.00505301	0.00504638
0.176498	0.00504638	0.00504059
0.176498	0.00504059	0.00503551
0.176498	0.00503551	0.00503107
0.176498	0.00503107	0.00502719
0.176498	0.00502719	0.00502379
0.176696	0.00502379	0.00502081
0.176696	0.00502081	0.00501821
0.178496	0.00501821	0.00526594
0.178496	0.00526594	0.00523269
0.178496	0.00523269	0.00520361
0.178496	0.00520361	0.00517816
0.178496	0.00517816	0.00515589
0.178496	0.00515589	0.0051364
0.178496	0.0051364	0.00511935
0.178496	0.00511935	0.00510443
0.178496	0.00510443	0.00509138
0.178496	0.00509138	0.00507995
0.178497	0.00507995	0.00506996
0.178497	0.00506996	0.00506121
0.178497	0.00506121	0.00505356
0.178497	0.00505356	0.00504687
0.178497	0.00504687	0.00504101
0.178497	0.00504101	0.00503588
0.178497	0.00503588	0.0050314
0.178497	0.0050314	0.00502747
0.178497	0.00502747	0.00502404
0.178497	0.00502404	0.00502103
0.178497	0.00502103	0.0050184
0.178497	0.0050184	0.0050161
0.178497	0.0050161	0.00501409
0.178497	0.00501409	0.00501233
0.178498	0.00501233	0.00501079
0.178498	0.00501079	0.00500944
0.178498	0.00500944	0.00500826
0.178498	0.00500826	0.00500722
0.178498	0.00500722	0.00500632
0.178498	0.00500632	0.00500553
0.178696	0.00500553	0.00500484
0.178696	0.00500484	0.00500423
0.178696	0.00500423	0.0050037
0.178696	0.0050037	0.00500324
0.178696	0.00500324	0.00500283
0.178696	0.00500283	0.00500248
0.178696	0.00500248	0.00500217
0.178696	0.00500217	0.0050019
0.178696	0.0050019	0.00500166
0.178696	0.00500166	0.00500145
0.178697	0.00500145	0.00500127
0.178697	0.00500127	0.00500111
0.178697	0.00500111	0.00500097
0.178697	0.00500097	0.00500085
0.178697	0.00500085	0.00500074
0.178697	0.00500074	0.00500065
0.178697	0.00500065	0.00500057
0.178697	0.00500057	0.0050005
0.178697	0.0050005	0.00500043
0.178697	0.00500043	0.00500038
0.178697	0.00500038	0.00500033
0.178697	0.00500033	0.00500029
0.178697	0.00500029	0.00500025
0.178697	0.00500025	0.00500022
0.178698	0.00500022	0.00500019
0.178698	0.00500019	0.00500017
0.178698	0.00500017	0.00500015
0.178698	0.00500015	0.00500013
0.178698	0.00500013	0.00500011
0.178796	0.00500011	0.0050001
0.178796	0.0050001	0.00500008
0.178796	0.00500008	0.00500007
0.178796	0.00500007	0.00500006
0.178796	0.00500006	0.00500006
0.178796	0.00500006	0.00500005
0.178796	0.00500005	0.00500004
0.178796	0.00500004	0.00500004
0.178796	0.00500004	0.00500003
0.178796	0.00500003	0.00500003
0.178797	0.00500003	0.00500002
0.178797	0.00500002	0.00500002
0.178896	0.00500002	0.00500002
0.178896	0.00500002	0.00500001
0.178896	0.00500001	0.00500001
0.178896	0.00500001	0.00500001
0.178896	0.00500001	0.00500001
0.178896	0.00500001	0.00500001
0.178896	0.00500001	0.00500001
0.178896	0.00500001	0.00500001
0.178896	0.00500001	0.005
0.178896	0.005	0.005
0.178897	0.005	0.005
0.178897	0.005	0.005
0.178897	0.005	0.005
0.179087	0.005	0.005125
0.179088	0.005125	0.00523438
0.179088	0.00523438	0.00533008
0.179088	0.00533008	0.00541382
0.179088	0.00541382	0.00548709
0.179088	0.00548709	0.0055512
0.179088	0.0055512	0.0056073
0.179088	0.0056073	0.00565639
0.179187	0.00565639	0.00569934
0.179188	0.00569934	0.00573692
0.179188	0.00573692	0.00576981
0.179188	0.00576981	0.00579858
0.179188	0.00579858	0.00582376
0.179188	0.00582376	0.00584579
0.179188	0.00584579	0.00586506
0.179287	0.00586506	0.00588193
0.179288	0.00588193	0.00589669
0.179288	0.00589669	0.0059096
0.179288	0.0059096	0.0059209
0.179288	0.0059209	0.00580579
0.179288	0.00580579	0.00570506
0.179288	0.00570506	0.00561693
0.179288	0.00561693	0.00553981
0.179288	0.00553981	0.00547234
0.179383	0.00547234	0.00541329
0.179383	0.00541329	0.00536163
0.179383	0.00536163	0.00531643
0.179384	0.00531643	0.00527687
0.179384	0.00527687	0.00524226
0.179384	0.00524226	0.00521198
0.179384	0.00521198	0.00518548
0.179492	0.00518548	0.0051623
0.179492	0.0051623	0.00514201
0.179492	0.00514201	0.00512426
0.179492	0.00512426	0.00510872
0.179492	0.00510872	0.00509513
0.179492	0.00509513	0.00508324
0.179492	0.00508324	0.00507284
0.179592	0.00507284	0.00506373
0.179592	0.00506373	0.00505576
0.179592	0.00505576	0.00504879
0.179592	0.00504879	0.00504269
0.179592	0.00504269	0.00503736
0.179592	0.00503736	0.00503269
0.179592	0.00503269	0.0050286
0.179592	0.0050286	0.00502502
0.180496	0.00502502	0.0051469
0.180496	0.0051469	0.00525353
0.180496	0.00525353	0.00534684
0.180496	0.00534684	0.00542849
0.180496	0.00542849	0.00549993
0.181396	0.00549993	0.00543743
0.181396	0.00543743	0.00538275
0.181396	0.00538275	0.00533491
0.181396	0.00533491	0.00529304
0.181396	0.00529304	0.00525641
0.181396	0.00525641	0.00522436
0.181396	0.00522436	0.00519632
0.181396	0.00519632	0.00517178
0.181396	0.00517178	0.0051503
0.181396	0.0051503	0.00513152
0.181397	0.00513152	0.00511508
0.181397	0.00511508	0.00510069
0.181397	0.00510069	0.0050881
0.181397	0.0050881	0.00507709
0.181397	0.00507709	0.00506745
0.181397	0.00506745	0.00505902
0.181596	0.00505902	0.00505164
0.181596	0.00505164	0.00504519
0.181596	0.00504519	0.00503954
0.181596	0.00503954	0.0050346
0.181596	0.0050346	0.00503027
0.181596	0.00503027	0.00502649
0.181596	0.00502649	0.00502318
0.181596	0.00502318	0.00502028
0.181596	0.00502028	0.00501774
0.181596	0.00501774	0.00501553
0.181597	0.00501553	0.00501359
0.181597	0.00501359	0.00501189
0.181597	0.00501189	0.0050104
0.181597	0.0050104	0.0050091
0.181597	0.0050091	0.00500796
0.183396	0.00500796	0.00525697
0.183396	0.00525697	0.00522484
0.183396	0.00522484	0.00519674
0.183396	0.00519674	0.00517215
0.183396	0.00517215	0.00515063
0.183396	0.00515063	0.0051318
0.183396	0.0051318	0.00511532
0.183396	0.00511532	0.00510091
0.183396	0.00510091	0.00508829
0.183396	0.00508829	0.00507726
0.183397	0.00507726	0.0050676
0.183397	0.0050676	0.00505915
0.183397	0.00505915	0.00505175
0.183397	0.00505175	0.00504529
0.183397	0.00504529	0.00503962
0.183397	0.00503962	0.00503467
0.183397	0.00503467	0.00503034
0.183397	0.00503034	0.00502654
0.183397	0.00502654	0.00502323
0.183397	0.00502323	0.00502032
0.183397	0.00502032	0.00501778
0.183397	0.00501778	0.00501556
0.183397	0.00501556	0.00501361
0.183397	0.00501361	0.00501191
0.183398	0.00501191	0.00501042
0.183398	0.00501042	0.00500912
0.183398	0.00500912	0.00500798
0.183398	0.00500798	0.00500698
0.183398	0.00500698	0.00500611
0.183496	0.00500611	0.00500534
0.183496	0.00500534	0.00500468
0.183496	0.00500468	0.00500409
0.183496	0.00500409	0.00500358
0.183496	0.00500358	0.00500313
0.183496	0.00500313	0.00500274
0.183496	0.00500274	0.0050024
0.183496	0.0050024	0.0050021
0.183496	0.0050021	0.00500183
0.183496	0.00500183	0.0050016
0.183497	0.0050016	0.0050014
0.183497	0.0050014	0.00500123
0.183497	0.00500123	0.00500107
0.183497	0.00500107	0.00500094
0.183592	0.00500094	0.00500082
0.183592	0.00500082	0.00500072
0.183592	0.00500072	0.00500063
0.183592	0.00500063	0.00500055
0.183592	0.00500055	0.00500048
0.183592	0.00500048	0.00500042
0.183592	0.00500042	0.00500037
0.183592	0.00500037	0.00500032
0.183592	0.00500032	0.00500028
0.183592	0.00500028	0.00500025
0.183592	0.00500025	0.00500021
0.183592	0.00500021	0.00500019
0.183696	0.00500019	0.00500016
0.183696	0.00500016	0.00500014
0.183696	0.00500014	0.00500012
0.183696	0.00500012	0.00500011
0.183696	0.00500011	0.00500009
0.183696	0.00500009	0.00500008
0.183696	0.00500008	0.00500007
0.183696	0.00500007	0.00500006
0.183696	0.00500006	0.00500005
0.183696	0.00500005	0.00500005
0.183697	0.00500005	0.00500004
0.183697	0.00500004	0.00500003
0.183792	0.00500003	0.00500003
0.183792	0.00500003	0.00500003
0.183792	0.00500003	0.00500002
0.183792	0.00500002	0.00500002
0.183792	0.00500002	0.00500002
0.183792	0.00500002	0.00500001
0.183792	0.00500001	0.00500001
0.183792	0.00500001	0.00500001
0.183792	0.00500001	0.00500001
0.183792	0.00500001	0.00500001
0.183792	0.00500001	0.00500001
0.183892	0.00500001	0.00500001
0.183892	0.00500001	0.005
0.183892	0.005	0.005
0.183892	0.005	0.005
0.183892	0.005	0.005
0.183892	0.005	0.005
0.184087	0.005	0.005125
0.184088	0.005125	0.00523438
0.184088	0.00523438	0.00533008
0.184088	0.00533008	0.00541382
0.184088	0.00541382	0.00536209
0.184088	0.00536209	0.00531683
0.184088	0.00531683	0.00527722
0.184483	0.00527722	0.00524257
0.184483	0.00524257	0.00521225
0.184483	0.00521225	0.00518572
0.184484	0.00518572	0.0051625
0.184484	0.0051625	0.00514219
0.184484	0.00514219	0.00512442
0.184484	0.00512442	0.00510886
0.184484	0.00510886	0.00509525
0.184484	0.00509525	0.00508335
0.184484	0.00508335	0.00507293
0.184484	0.00507293	0.00506381
0.184484	0.00506381	0.00505583
0.184484	0.00505583	0.00504885
0.184484	0.00504885	0.00504275
0.184484	0.00504275	0.0050374
0.184484	0.0050374	0.00503273
0.184484	0.00503273	0.00502864
0.184485	0.00502864	0.00502506
0.184485	0.00502506	0.00502192
0.184485	0.00502192	0.00501918
0.184485	0.00501918	0.00501679
0.184485	0.00501679	0.00501469
0.184485	0.00501469	0.00501285
0.184692	0.00501285	0.00501124
0.184692	0.00501124	0.00500984
0.184692	0.00500984	0.00500861
0.184692	0.00500861	0.00500753
0.184692	0.00500753	0.00500659
0.184692	0.00500659	0.00500576
0.184692	0.00500576	0.00500504
0.184692	0.00500504	0.00500441
0.184692	0.00500441	0.00500386
0.184692	0.00500386	0.00500338
0.184692	0.00500338	0.00500295
0.184692	0.00500295	0.00500259
0.184693	0.00500259	0.00500226
0.184693	0.00500226	0.00500198
0.184693	0.00500198	0.00500173
0.184693	0.00500173	0.00500151
0.184792	0.00500151	0.00500132
0.184792	0.00500132	0.00500116
0.184792	0.00500116	0.00500101
0.184792	0.00500101	0.00500089
0.184792	0.00500089	0.00500077
0.185392	0.00500077	0.00512568
0.185392	0.00512568	0.00510997
0.185392	0.00510997	0.00509622
0.185392	0.00509622	0.00508419
0.185392	0.00508419	0.00507367
0.185392	0.00507367	0.00506446
0.186287	0.00506446	0.0051814
0.186288	0.0051814	0.00515873
0.186288	0.00515873	0.00513888
0.186288	0.00513888	0.00512152
0.186288	0.00512152	0.00510633
0.186288	0.00510633	0.00509304
0.186288	0.00509304	0.00508141
0.186288	0.00508141	0.00507123
0.186288	0.00507123	0.00506233
0.186288	0.00506233	0.00505454
0.186288	0.00505454	0.00504772
0.186387	0.00504772	0.00504175
0.186388	0.00504175	0.00503653
0.186388	0.00503653	0.00503197
0.186388	0.00503197	0.00502797
0.186388	0.00502797	0.00502447
0.186388	0.00502447	0.00502141
0.186388	0.00502141	0.00501874
0.186388	0.00501874	0.00501639
0.186592	0.00501639	0.00501434
0.186592	0.00501434	0.00501255
0.186592	0.00501255	0.00501098
0.186592	0.00501098	0.00500961
0.186592	0.00500961	0.00500841
0.186592	0.00500841	0.00500736
0.186592	0.00500736	0.00500644
0.186592	0.00500644	0.00500563
0.186592	0.00500563	0.00500493
0.186592	0.00500493	0.00500431
0.186592	0.00500431	0.00500377
0.186592	0.00500377	0.0050033
0.186593	0.0050033	0.00500289
0.188296	0.00500289	0.00525253
0.188296	0.00525253	0.00522096
0.188296	0.00522096	0.00519334
0.188296	0.00519334	0.00516917
0.188296	0.00516917	0.00514802
0.188296	0.00514802	0.00512952
0.188296	0.00512952	0.00511333
0.188296	0.00511333	0.00509916
0.188296	0.00509916	0.00508677
0.188296	0.00508677	0.00507592
0.188297	0.00507592	0.00506643
0.188297	0.00506643	0.00505813
0.188297	0.00505813	0.00505086
0.188297	0.00505086	0.0050445
0.188297	0.0050445	0.00503894
0.188297	0.00503894	0.00503407
0.188297	0.00503407	0.00502981
0.188297	0.00502981	0.00502608
0.188297	0.00502608	0.00502282
0.188297	0.00502282	0.00501997
0.188297	0.00501997	0.00501747
0.188297	0.00501747	0.00501529
0.188297	0.00501529	0.00501338
0.188297	0.00501338	0.0050117
0.188298	0.0050117	0.00501024
0.188298	0.00501024	0.00500896
0.188298	0.00500896	0.00500784
0.188298	0.00500784	0.00500686
0.188298	0.00500686	0.005006
0.188387	0.005006	0.00500525
0.188388	0.00500525	0.00500459
0.188388	0.00500459	0.00500402
0.188388	0.00500402	0.00500352
0.188388	0.00500352	0.00500308
0.188388	0.00500308	0.00500269
0.188388	0.00500269	0.00500235
0.188388	0.00500235	0.00500206
0.188388	0.00500206	0.0050018
0.188388	0.0050018	0.00500158
0.188388	0.00500158	0.00500138
0.188388	0.00500138	0.0050012
0.188388	0.0050012	0.00500105
0.188388	0.00500105	0.00500092
0.188492	0.00500092	0.00500081
0.188492	0.00500081	0.00500071
0.188492	0.00500071	0.00500062
0.188492	0.00500062	0.00500054
0.188492	0.00500054	0.00500047
0.188492	0.00500047	0.00500041
0.188492	0.00500041	0.00500036
0.188492	0.00500036	0.00500031
0.188492	0.00500031	0.00500028
0.188492	0.00500028	0.00500024
0.188492	0.00500024	0.00500021
0.188492	0.00500021	0.00500018
0.188493	0.00500018	0.00500016
0.188493	0.00500016	0.00500014
0.188596	0.00500014	0.00500012
0.188596	0.00500012	0.00500011
0.188596	0.00500011	0.00500009
0.188596	0.00500009	0.00500008
0.188596	0.00500008	0.00500007
0.188596	0.00500007	0.00500006
0.188596	0.00500006	0.00500005
0.188596	0.00500005	0.00500005
0.188596	0.00500005	0.00500004
0.188596	0.00500004	0.00500003
0.188597	0.00500003	0.00500003
0.188597	0.00500003	0.00500003
0.188597	0.00500003	0.00500002
0.188783	0.00500002	0.00500002
0.188783	0.00500002	0.00500002
0.188783	0.00500002	0.00500001
0.188784	0.00500001	0.00500001
0.188784	0.00500001	0.00500001
0.188784	0.00500001	0.00500001
0.188784	0.00500001	0.00500001
0.188784	0.00500001	0.00500001
0.188784	0.00500001	0.00500001
0.188784	0.00500001	0.005
0.188784	0.005	0.005
0.188784	0.005	0.005
0.188784	0.005	0.005
0.188784	0.005	0.005
0.188988	0.005	0.004875
0.188988	0.004875	0.00476562
0.188988	0.00476562	0.00466992
0.188988	0.00466992	0.00458618
0.188988	0.00458618	0.00451291
0.189187	0.00451291	0.00457379
0.189188	0.00457379	0.00462707
0.189188	0.00462707	0.00467368
0.189188	0.00467368	0.00471447
0.189188	0.00471447	0.00475016
0.189188	0.00475016	0.00478139
0.189188	0.00478139	0.00480872
0.189188	0.00480872	0.00483263
0.189492	0.00483263	0.00485355
0.189492	0.00485355	0.00487185
0.189492	0.00487185	0.00488787
0.189492	0.00488787	0.00490189
0.189492	0.00490189	0.00491415
0.189492	0.00491415	0.00492488
0.189492	0.00492488	0.00493427
0.189492	0.00493427	0.00494249
0.189492	0.00494249	0.00494968
0.189492	0.00494968	0.00495597
0.189492	0.00495597	0.00496147
0.189492	0.00496147	0.00496629
0.189493	0.00496629	0.0049705
0.189493	0.0049705	0.00497419
0.189493	0.00497419	0.00497741
0.189493	0.00497741	0.00498024
0.189493	0.00498024	0.00498271
0.189493	0.00498271	0.00498487
0.189493	0.00498487	0.00498676
0.189493	0.00498676	0.00498841
0.189493	0.00498841	0.00498986
0.189493	0.00498986	0.00499113
0.189493	0.00499113	0.00499224
0.189592	0.00499224	0.00499321
0.189592	0.00499321	0.00499406
0.189592	0.00499406	0.0049948
0.189592	0.0049948	0.00499545
0.189592	0.00499545	0.00499602
0.189592	0.00499602	0.00499651
0.189592	0.00499651	0.00499695
0.189592	0.00499695	0.00499733
0.189792	0.00499733	0.00499766
0.189792	0.00499766	0.00499796
0.189792	0.00499796	0.00499821
0.189792	0.00499821	0.00499843
0.189792	0.00499843	0.00499863
0.189792	0.00499863	0.0049988
0.189792	0.0049988	0.00499895
0.189792	0.00499895	0.00499908
0.189792	0.00499908	0.00499919
0.191196	0.00499919	0.0052493
0.191196	0.0052493	0.00534313
0.191196	0.00534313	0.00542524
0.191196	0.00542524	0.00549708
0.191196	0.00549708	0.00555995
0.191196	0.00555995	0.00561495
0.191196	0.00561495	0.00566308
0.191196	0.00566308	0.0055802
0.191196	0.0055802	0.00550767
0.191196	0.00550767	0.00544421
0.191197	0.00544421	0.00538869
0.191197	0.00538869	0.0053401
0.191197	0.0053401	0.00529759
0.191197	0.00529759	0.00526039
0.191197	0.00526039	0.00522784
0.191197	0.00522784	0.00519936
0.191197	0.00519936	0.00517444
0.191197	0.00517444	0.00515264
0.191197	0.00515264	0.00513355
0.191197	0.00513355	0.00511686
0.191197	0.00511686	0.00510225
0.191197	0.00510225	0.00508947
0.191287	0.00508947	0.00507829
0.191288	0.00507829	0.0050685
0.191288	0.0050685	0.00505994
0.191288	0.00505994	0.00505244
0.191288	0.00505244	0.00504589
0.191288	0.00504589	0.00504015
0.191288	0.00504015	0.00503513
0.191288	0.00503513	0.00503074
0.191288	0.00503074	0.0050269
0.191487	0.0050269	0.00502353
0.191488	0.00502353	0.00502059
0.191488	0.00502059	0.00501802
0.191488	0.00501802	0.00501577
0.191488	0.00501577	0.00501379
0.191488	0.00501379	0.00501207
0.191488	0.00501207	0.00501056
0.191488	0.00501056	0.00500924
0.193183	0.00500924	0.00525809
0.193183	0.00525809	0.00522582
0.193183	0.00522582	0.0051976
0.193184	0.0051976	0.0051729
0.193184	0.0051729	0.00515128
0.193184	0.00515128	0.00513237
0.193184	0.00513237	0.00511583
0.193184	0.00511583	0.00510135
0.193184	0.00510135	0.00508868
0.193184	0.00508868	0.00507759
0.193184	0.00507759	0.00506789
0.193184	0.00506789	0.00505941
0.193184	0.00505941	0.00505198
0.193184	0.00505198	0.00504548
0.193184	0.00504548	0.0050398
0.193184	0.0050398	0.00503482
0.193184	0.00503482	0.00503047
0.193185	0.00503047	0.00502666
0.193185	0.00502666	0.00502333
0.193185	0.00502333	0.00502041
0.193185	0.00502041	0.00501786
0.193283	0.00501786	0.00501563
0.193283	0.00501563	0.00501367
0.193283	0.00501367	0.00501196
0.193284	0.00501196	0.00501047
0.193284	0.00501047	0.00500916
0.193284	0.00500916	0.00500801
0.193284	0.00500801	0.00500701
0.193284	0.00500701	0.00500613
0.193492	0.00500613	0.00500537
0.193492	0.00500537	0.00500469
0.193492	0.00500469	0.00500411
0.193492	0.00500411	0.00500359
0.193492	0.00500359	0.00500314
0.193492	0.00500314	0.00500275
0.193492	0.00500275	0.00500241
0.193492	0.00500241	0.00500211
0.193492	0.00500211	0.00500184
0.193492	0.00500184	0.00500161
0.193492	0.00500161	0.00500141
0.193492	0.00500141	0.00500123
0.193493	0.00500123	0.00500108
0.193493	0.00500108	0.00500094
0.193493	0.00500094	0.00500083
0.193575	0.00500083	0.00500072
0.193575	0.00500072	0.00500063
0.193575	0.00500063	0.00500055
0.193575	0.00500055	0.00500048
0.193575	0.00500048	0.00500042
0.193575	0.00500042	0.00500037
0.193575	0.00500037	0.00500032
0.193787	0.00500032	0.00500028
0.193788	0.00500028	0.00500025
0.193788	0.00500025	0.00500021
0.193788	0.00500021	0.00500019
0.193788	0.00500019	0.00500016
0.193788	0.00500016	0.00500014
0.193788	0.00500014	0.00500012
0.193788	0.00500012	0.00500011
0.193788	0.00500011	0.00500009
0.193788	0.00500009	0.00500008
0.193788	0.00500008	0.00500007
0.193788	0.00500007	0.00500006
0.193883	0.00500006	0.00500005
0.193883	0.00500005	0.00500005
0.193883	0.00500005	0.00500004
0.193884	0.00500004	0.00500003
0.193884	0.00500003	0.00500003
0.194083	0.00500003	0.00512503
0.194083	0.00512503	0.0052344
0.194083	0.0052344	0.0053301
0.194084	0.0053301	0.00541383
0.194084	0.00541383	0.0054871
0.194084	0.0054871	0.00555122
0.194084	0.00555122	0.00560731
0.194084	0.00560731	0.0056564
0.194387	0.0056564	0.00569935
0.194388	0.00569935	0.00573693
0.194388	0.00573693	0.00576981
0.194388	0.00576981	0.00579859
0.194388	0.00579859	0.00582376
0.194388	0.00582376	0.00584579
0.194388	0.00584579	0.00586507
0.194388	0.00586507	0.00588193
0.194388	0.00588193	0.00589669
0.194388	0.00589669	0.0059096
0.194388	0.0059096	0.0059209
0.194388	0.0059209	0.00593079
0.194388	0.00593079	0.00593944
0.194388	0.00593944	0.00594701
0.194388	0.00594701	0.00595363
0.194389	0.00595363	0.00595943
0.194389	0.00595943	0.0059645
0.194389	0.0059645	0.00596894
0.194389	0.00596894	0.00597282
0.194389	0.00597282	0.00597622
0.194389	0.00597622	0.00597919
0.194389	0.00597919	0.00598179
0.194483	0.00598179	0.00598407
0.194483	0.00598407	0.00598606
0.194483	0.00598606	0.0059878
0.194484	0.0059878	0.00598932
0.194484	0.00598932	0.00599066
0.194484	0.00599066	0.00599183
0.194484	0.00599183	0.00599285
0.194687	0.00599285	0.00599374
0.194688	0.00599374	0.00599452
0.194688	0.00599452	0.00599521
0.194688	0.00599521	0.0059958
0.194688	0.0059958	0.00599633
0.194688	0.00599633	0.00599679
0.194688	0.00599679	0.00599719
0.194688	0.00599719	0.00599754
0.194688	0.00599754	0.00599785
0.194688	0.00599785	0.00599812
0.194688	0.00599812	0.00599835
0.194688	0.00599835	0.00587356
0.194688	0.00587356	0.00576436
0.194688	0.00576436	0.00566881
0.194688	0.00566881	0.00558521
0.194783	0.00558521	0.00551206
0.194783	0.00551206	0.00544805
0.194783	0.00544805	0.00539205
0.194784	0.00539205	0.00534304
0.194784	0.00534304	0.00530016
0.194784	0.00530016	0.00526264
0.194784	0.00526264	0.00522981
0.194987	0.00522981	0.00520108
0.194988	0.00520108	0.00517595
0.194988	0.00517595	0.00515395
0.194988	0.00515395	0.00513471
0.194988	0.00513471	0.00511787
0.194988	0.00511787	0.00510313
0.194988	0.00510313	0.00509024
0.195287	0.00509024	0.00520396
0.195288	0.00520396	0.00530347
0.195288	0.00530347	0.00539053
0.195288	0.00539053	0.00546671
0.195288	0.00546671	0.00553338
0.195288	0.00553338	0.0055917
0.195288	0.0055917	0.00564274
0.195288	0.00564274	0.0056874
0.195288	0.0056874	0.00572647
0.195288	0.00572647	0.00576066
0.195288	0.00576066	0.00579058
0.195288	0.00579058	0.00581676
0.195288	0.00581676	0.00583966
0.195288	0.00583966	0.0058597
0.195288	0.0058597	0.00587724
0.195289	0.00587724	0.00589258
0.195289	0.00589258	0.00590601
0.195289	0.00590601	0.00591776
0.195289	0.00591776	0.00592804
0.195289	0.00592804	0.00593703
0.195289	0.00593703	0.0059449
0.195289	0.0059449	0.00595179
0.195487	0.00595179	0.00595782
0.195488	0.00595782	0.00596309
0.196087	0.00596309	0.0060927
0.196088	0.0060927	0.00620611
0.196088	0.00620611	0.00630535
0.196088	0.00630535	0.00639218
0.196088	0.00639218	0.00646816
0.196088	0.00646816	0.00653464
0.196088	0.00653464	0.00659281
0.196088	0.00659281	0.00664371
0.196088	0.00664371	0.00643824
0.196088	0.00643824	0.00625846
0.196088	0.00625846	0.00610115
0.196088	0.00610115	0.00596351
0.196088	0.00596351	0.00584307
0.196088	0.00584307	0.00573769
0.196088	0.00573769	0.00564547
0.196089	0.00564547	0.00556479
0.196387	0.00556479	0.00549419
0.196388	0.00549419	0.00543242
0.196388	0.00543242	0.00537836
0.196388	0.00537836	0.00533107
0.196388	0.00533107	0.00528968
0.196388	0.00528968	0.00525347
0.196388	0.00525347	0.00522179
0.196388	0.00522179	0.00519406
0.196388	0.00519406	0.00516981
0.196388	0.00516981	0.00514858
0.196388	0.00514858	0.00513001
0.196388	0.00513001	0.00511376
0.196388	0.00511376	0.00509954
0.196388	0.00509954	0.00508709
0.196388	0.00508709	0.00507621
0.196389	0.00507621	0.00506668
0.196389	0.00506668	0.00505834
0.196389	0.00505834	0.00505105
0.196389	0.00505105	0.00504467
0.196389	0.00504467	0.00503908
0.196389	0.00503908	0.0050342
0.196389	0.0050342	0.00502992
0.196389	0.00502992	0.00502618
0.196592	0.00502618	0.00502291
0.196592	0.00502291	0.00502005
0.196592	0.00502005	0.00501754
0.196592	0.00501754	0.00501535
0.196592	0.00501535	0.00501343
0.196592	0.00501343	0.00501175
0.196592	0.00501175	0.00501028
0.196592	0.00501028	0.00500899
0.196592	0.00500899	0.00500787
0.198083	0.00500787	0.00525689
0.198083	0.00525689	0.00522478
0.198083	0.00522478	0.00519668
0.198084	0.00519668	0.00517209
0.198084	0.00517209	0.00515058
0.198084	0.00515058	0.00513176
0.198084	0.00513176	0.00511529
0.198084	0.00511529	0.00510088
0.198084	0.00510088	0.00508827
0.198084	0.00508827	0.00507723
0.198084	0.00507723	0.00506758
0.198084	0.00506758	0.00505913
0.198084	0.00505913	0.00505174
0.198084	0.00505174	0.00504527
0.198084	0.00504527	0.00503961
0.198084	0.00503961	0.00503466
0.198183	0.00503466	0.00503033
0.198183	0.00503033	0.00502654
0.198183	0.00502654	0.00502322
0.198184	0.00502322	0.00502032
0.198184	0.00502032	0.00501778
0.198184	0.00501778	0.00501555
0.198184	0.00501555	0.00501361
0.198184	0.00501361	0.00501191
0.198184	0.00501191	0.00501042
0.198383	0.00501042	0.00500911
0.198383	0.00500911	0.00500797
0.198383	0.00500797	0.00500698
0.198384	0.00500698	0.00500611
0.198384	0.00500611	0.00500534
0.198384	0.00500534	0.00500467
0.198384	0.00500467	0.00500409
0.198384	0.00500409	0.00500358
0.198384	0.00500358	0.00500313
0.198384	0.00500313	0.00500274
0.198384	0.00500274	0.00500239
0.198384	0.00500239	0.00500209
0.198384	0.00500209	0.00500183
0.198384	0.00500183	0.0050016
0.198384	0.0050016	0.0050014
0.198384	0.0050014	0.00500123
0.198487	0.00500123	0.00500107
0.198488	0.00500107	0.00500094
0.198488	0.00500094	0.00500082
0.198488	0.00500082	0.00500072
0.198488	0.00500072	0.00500063
0.198488	0.00500063	0.00500055
0.198488	0.00500055	0.00500048
0.198583	0.00500048	0.00500042
0.198583	0.00500042	0.00500037
0.198583	0.00500037	0.00500032
0.198584	0.00500032	0.00500028
0.198584	0.00500028	0.00500025
0.198584	0.00500025	0.00500021
0.198584	0.00500021	0.00500019
0.198584	0.00500019	0.00500016
0.198687	0.00500016	0.00500014
0.198688	0.00500014	0.00500012
0.198688	0.00500012	0.00500011
0.198688	0.00500011	0.00500009
0.198688	0.00500009	0.00500008
0.198688	0.00500008	0.00500007
0.198688	0.00500007	0.00500006
0.198787	0.00500006	0.00500005
0.198788	0.00500005	0.00500005
0.198788	0.00500005	0.00500004
0.198788	0.00500004	0.00500003
0.198788	0.00500003	0.00500003
0.198788	0.00500003	0.00500003
0.198788	0.00500003	0.00500002
0.198883	0.00500002	0.00500002
0.198883	0.00500002	0.00500002
0.198883	0.00500002	0.00500001
0.198884	0.00500001	0.00487501
0.198884	0.00487501	0.00476563
0.198884	0.00476563	0.00466993
0.198884	0.00466993	0.00458619
0.198884	0.00458619	0.00451291
0.198983	0.00451291	0.0044488
0.198983	0.0044488	0.0043927
0.199387	0.0043927	0.00446861
0.199388	0.00446861	0.00453503
0.199388	0.00453503	0.00459315
0.199388	0.00459315	0.00464401
0.199388	0.00464401	0.00468851
0.199388	0.00468851	0.00472744
0.199388	0.00472744	0.00476151
0.199388	0.00476151	0.00479132
0.199388	0.00479132	0.00481741
0.199388	0.00481741	0.00484023
0.199388	0.00484023	0.0048602
0.199388	0.0048602	0.00487768
0.199388	0.00487768	0.00489297
0.199388	0.00489297	0.00490635
0.199388	0.00490635	0.00491805
0.199389	0.00491805	0.00492829
0.199389	0.00492829	0.00493726
0.199389	0.00493726	0.0049451
0.199389	0.0049451	0.00495196
0.199389	0.00495196	0.00495796
0.199389	0.00495796	0.00496322
0.199389	0.00496322	0.00496782
0.199587	0.00496782	0.00497184
0.199588	0.00497184	0.00497536
0.199588	0.00497536	0.00497844
0.199588	0.00497844	0.00498113
0.199588	0.00498113	0.00498349
0.199588	0.00498349	0.00498556
0.199588	0.00498556	0.00498736
0.199588	0.00498736	0.00498894
0.199588	0.00498894	0.00499032
0.199588	0.00499032	0.00499153
0.199588	0.00499153	0.00499259
0.199588	0.00499259	0.00499351
0.199588	0.00499351	0.00499432
0.199588	0.00499432	0.00499503
0.199588	0.00499503	0.00499565
0.199589	0.00499565	0.0049962
0.199683	0.0049962	0.00499667
0.199683	0.00499667	0.00499709
0.199683	0.00499709	0.00499745
0.199684	0.00499745	0.00499777
0.199684	0.00499777	0.00499805
0.199684	0.00499805	0.00499829
0.199684	0.00499829	0.00499851
0.199684	0.00499851	0.00499869
0.199887	0.00499869	0.00499885
0.199888	0.00499885	0.004999
0.199888	0.004999	0.00499912
0.199888	0.00499912	0.00499923
0.199888	0.00499923	0.00499933
0.199888	0.00499933	0.00499941
0.199888	0.00499941	0.00499948
0.199888	0.00499948	0.00499955
0.199888	0.00499955	0.0049996
0.199888	0.0049996	0.00499965
0.199888	0.00499965	0.0049997
0.199888	0.0049997	0.00499973
0.199888	0.00499973	0.00499977
0.199888	0.00499977	0.0049998
0.199888	0.0049998	0.00499982
0.199983	0.00499982	0.00499984
0.199983	0.00499984	0.00487486
0.199983	0.00487486	0.0047655
0.199984	0.0047655	0.00466982
0.199984	0.00466982	0.00458609
0.199984	0.00458609	0.00451283
0.199984	0.00451283	0.00444872
0.199984	0.00444872	0.00439263
0.200192	0.00439263	0.00446855
0.200192	0.00446855	0.00453498
0.200192	0.00453498	0.00459311
0.200192	0.00459311	0.00464397
0.200192	0.00464397	0.00468847
0.200192	0.00468847	0.00472741
0.200192	0.00472741	0.00476149
0.200483	0.00476149	0.0047913
0.200483	0.0047913	0.00481739
0.200483	0.00481739	0.00484021
0.200484	0.00484021	0.00486019
0.200484	0.00486019	0.00487766
0.200484	0.00487766	0.00489296
0.200484	0.00489296	0.00490633
0.200484	0.00490633	0.00491804
0.200484	0.00491804	0.00492829
0.200484	0.00492829	0.00493725
0.200983	0.00493725	0.00494509
0.200983	0.00494509	0.00482696
0.200983	0.00482696	0.00472359
0.200984	0.00472359	0.00463314
0.200984	0.00463314	0.00455399
0.200984	0.00455399	0.00448475
0.200984	0.00448475	0.00442415
0.200984	0.00442415	0.00437113
0.200984	0.00437113	0.00432474
0.200984	0.00432474	0.00428415
0.200984	0.00428415	0.00424863
0.200984	0.00424863	0.00421755
0.200984	0.00421755	0.00419035
0.200984	0.00419035	0.00416656
0.200984	0.00416656	0.00414574
0.200984	0.00414574	0.00412752
0.200984	0.00412752	0.00411158
0.201192	0.00411158	0.00422263
0.201192	0.00422263	0.0043198
0.201192	0.0043198	0.00440483
0.201192	0.00440483	0.00447922
0.201192	0.00447922	0.00454432
0.201192	0.00454432	0.00460128
0.201192	0.00460128	0.00465112
0.201192	0.00465112	0.00469473
0.201396	0.00469473	0.00473289
0.201396	0.00473289	0.00476628
0.201396	0.00476628	0.00479549
0.201396	0.00479549	0.00482106
0.201396	0.00482106	0.00484342
0.201396	0.00484342	0.004863
0.201396	0.004863	0.00488012
0.201396	0.00488012	0.00489511
0.201396	0.00489511	0.00490822
0.201396	0.00490822	0.00491969
0.201397	0.00491969	0.00492973
0.201397	0.00492973	0.00493851
0.201397	0.00493851	0.0049462
0.201397	0.0049462	0.00495292
0.201397	0.00495292	0.00495881
0.201397	0.00495881	0.00496395
0.201492	0.00496395	0.00496846
0.201492	0.00496846	0.0049724
0.201492	0.0049724	0.00497585
0.201492	0.00497585	0.00497887
0.201492	0.00497887	0.00498151
0.201492	0.00498151	0.00498382
0.201492	0.00498382	0.00498584
0.201696	0.00498584	0.00498761
0.201696	0.00498761	0.00498916
0.201696	0.00498916	0.00499052
0.202992	0.00499052	0.0051167
0.202992	0.0051167	0.00497711
0.202992	0.00497711	0.00485497
0.202992	0.00485497	0.0047481
0.202992	0.0047481	0.00465459
0.202992	0.00465459	0.00457276
0.202992	0.00457276	0.00450117
0.202992	0.00450117	0.00443852
0.202992	0.00443852	0.00438371
0.202992	0.00438371	0.00433574
0.202992	0.00433574	0.00429377
0.202992	0.00429377	0.00425705
0.202993	0.00425705	0.00422492
0.202993	0.00422492	0.0041968
0.202993	0.0041968	0.0041722
0.202993	0.0041722	0.00415068
0.202993	0.00415068	0.00413184
0.202993	0.00413184	0.00411536
0.202993	0.00411536	0.00410094
0.202993	0.00410094	0.00408832
0.202993	0.00408832	0.00407728
0.202993	0.00407728	0.00406762
0.202993	0.00406762	0.00405917
0.202993	0.00405917	0.00405177
0.202993	0.00405177	0.0040453
0.203083	0.0040453	0.00416464
0.203083	0.00416464	0.00426906
0.203083	0.00426906	0.00436042
0.203084	0.00436042	0.00444037
0.203084	0.00444037	0.00451032
0.203084	0.00451032	0.00457153
0.203084	0.00457153	0.00462509
0.203084	0.00462509	0.00467195
0.203084	0.00467195	0.00471296
0.203287	0.00471296	0.00474884
0.203288	0.00474884	0.00478023
0.203288	0.00478023	0.0048077
0.203288	0.0048077	0.00483174
0.203288	0.00483174	0.00485277
0.203288	0.00485277	0.00487118
0.203288	0.00487118	0.00488728
0.203492	0.00488728	0.00490137
0.203492	0.00490137	0.0049137
0.203492	0.0049137	0.00492448
0.203492	0.00492448	0.00493392
0.203492	0.00493392	0.00494218
0.203492	0.00494218	0.00494941
0.203492	0.00494941	0.00495573
0.203492	0.00495573	0.00496127
0.203492	0.00496127	0.00496611
0.203492	0.00496611	0.00497034
0.203492	0.00497034	0.00497405
0.203492	0.00497405	0.00497729
0.203493	0.00497729	0.00498013
0.203493	0.00498013	0.00498261
0.203493	0.00498261	0.00498479
0.203587	0.00498479	0.00498669
0.203588	0.00498669	0.00498835
0.203588	0.00498835	0.00498981
0.203588	0.00498981	0.00499108
0.203588	0.00499108	0.00499219
0.203588	0.00499219	0.00499317
0.203588	0.00499317	0.00499402
0.203687	0.00499402	0.00499477
0.203688	0.00499477	0.00499542
0.203688	0.00499542	0.00499599
0.203688	0.00499599	0.0049965
0.203688	0.0049965	0.00499693
0.203688	0.00499693	0.00499732
0.203688	0.00499732	0.00499765
0.203792	0.00499765	0.00499794
0.203792	0.00499794	0.0049982
0.203792	0.0049982	0.00499842
0.203792	0.00499842	0.00499862
0.203792	0.00499862	0.00499879
0.203792	0.00499879	0.00499894
0.203792	0.00499894	0.00499908
0.203792	0.00499908	0.00499919
0.203887	0.00499919	0.00499929
0.203888	0.00499929	0.00499938
0.203888	0.00499938	0.00499946
0.203888	0.00499946	0.00499952
0.203888	0.00499952	0.00499958
0.203888	0.00499958	0.00499963
0.204183	0.00499963	0.00512468
0.204183	0.00512468	0.0051091
0.204183	0.0051091	0.00509546
0.204184	0.00509546	0.00508353
0.204184	0.00508353	0.00507308
0.204184	0.00507308	0.00506395
0.204184	0.00506395	0.00505595
0.204184	0.00505595	0.00504896
0.204487	0.00504896	0.00504284
0.204488	0.00504284	0.00503748
0.204488	0.00503748	0.0050328
0.204488	0.0050328	0.0050287
0.204488	0.0050287	0.00502511
0.204488	0.00502511	0.00502197
0.204488	0.00502197	0.00501922
0.204488	0.00501922	0.00501682
0.204488	0.00501682	0.00501472
0.204488	0.00501472	0.00501288
0.204488	0.00501288	0.00501127
0.204488	0.00501127	0.00500986
0.204488	0.00500986	0.00500863
0.204488	0.00500863	0.00500755
0.204488	0.00500755	0.0050066
0.204489	0.0050066	0.00500578
0.204489	0.00500578	0.00500505
0.204489	0.00500505	0.00500442
0.204489	0.00500442	0.00500387
0.204489	0.00500387	0.00500338
0.204489	0.00500338	0.00500296
0.204489	0.00500296	0.00500259
0.204489	0.00500259	0.00500227
0.204687	0.00500227	0.00500198
0.204688	0.00500198	0.00500173
0.204688	0.00500173	0.00500152
0.204688	0.00500152	0.00500133
0.204688	0.00500133	0.00500116
0.204688	0.00500116	0.00500102
0.204688	0.00500102	0.00500089
0.204688	0.00500089	0.00500078
0.204688	0.00500078	0.00500068
0.204688	0.00500068	0.00500059
0.204688	0.00500059	0.00500052
0.204688	0.00500052	0.00500045
0.204688	0.00500045	0.0050004
0.204688	0.0050004	0.00500035
0.204688	0.00500035	0.0050003
0.204689	0.0050003	0.00500027
0.204689	0.00500027	0.00500023
0.204792	0.00500023	0.0050002
0.204792	0.0050002	0.00500018
0.204792	0.00500018	0.00500015
0.204792	0.00500015	0.00500013
0.204792	0.00500013	0.00500012
0.204792	0.00500012	0.0050001
0.204792	0.0050001	0.00500009
0.204792	0.00500009	0.00500008
0.204975	0.00500008	0.00500007
0.204975	0.00500007	0.00500006
0.204975	0.00500006	0.00500005
0.204975	0.00500005	0.00500004
0.204975	0.00500004	0.00500004
0.204975	0.00500004	0.00500003
0.204975	0.00500003	0.00500003
0.204975	0.00500003	0.00500002
0.204976	0.00500002	0.00500002
0.204976	0.00500002	0.00500002
0.204976	0.00500002	0.00500002
0.204976	0.00500002	0.00500001
0.204976	0.00500001	0.00500001
0.204976	0.00500001	0.00500001
0.204976	0.00500001	0.00500001
0.205096	0.00500001	0.00512501
0.205096	0.00512501	0.00523438
0.205096	0.00523438	0.00520508
0.205096	0.00520508	0.00517945
0.205096	0.00517945	0.00515702
0.205096	0.00515702	0.00513739
0.205096	0.00513739	0.00512021
0.205096	0.00512021	0.00510519
0.205296	0.00510519	0.00509204
0.205296	0.00509204	0.00508053
0.205296	0.00508053	0.00507047
0.205892	0.00507047	0.00506166
0.205892	0.00506166	0.00505395
0.205892	0.00505395	0.0050472
0.205892	0.0050472	0.0050413
0.205892	0.0050413	0.00503614
0.205892	0.00503614	0.00503162
0.205892	0.00503162	0.00502767
0.205892	0.00502767	0.00502421
0.205892	0.00502421	0.00502118
0.205892	0.00502118	0.00501854
0.205892	0.00501854	0.00501622
0.205892	0.00501622	0.00501419
0.205893	0.00501419	0.00501242
0.205893	0.00501242	0.00501086
0.205893	0.00501086	0.00500951
0.205893	0.00500951	0.00500832
0.205893	0.00500832	0.00500728
0.205893	0.00500728	0.00500637
0.205893	0.00500637	0.00500557
0.205893	0.00500557	0.00500487
0.205893	0.00500487	0.00500426
0.205893	0.00500426	0.00500373
0.205893	0.00500373	0.00500326
0.205987	0.00500326	0.00500286
0.205988	0.00500286	0.0050025
0.205988	0.0050025	0.00500219
0.205988	0.00500219	0.00500191
0.205988	0.00500191	0.00487667
0.205988	0.00487667	0.00476709
0.205988	0.00476709	0.0046712
0.205988	0.0046712	0.0045873
0.206083	0.0045873	0.00463889
0.206083	0.00463889	0.00468403
0.206083	0.00468403	0.00472352
0.206084	0.00472352	0.00475808
0.206084	0.00475808	0.00478832
0.206084	0.00478832	0.00481478
0.206084	0.00481478	0.00483793
0.206387	0.00483793	0.00485819
0.206388	0.00485819	0.00487592
0.206388	0.00487592	0.00489143
0.206388	0.00489143	0.004905
0.206388	0.004905	0.00491687
0.206388	0.00491687	0.00492726
0.206388	0.00492726	0.00493635
0.206388	0.00493635	0.00494431
0.206388	0.00494431	0.00495127
0.206388	0.00495127	0.00495736
0.206388	0.00495736	0.00496269
0.206388	0.00496269	0.00496735
0.206388	0.00496735	0.00497143
0.206388	0.00497143	0.004975
0.206496	0.004975	0.00497813
0.206496	0.00497813	0.00498086
0.206496	0.00498086	0.00498325
0.206496	0.00498325	0.00498535
0.206496	0.00498535	0.00498718
0.206496	0.00498718	0.00498878
0.206496	0.00498878	0.00499018
0.206496	0.00499018	0.00499141
0.206687	0.00499141	0.00499248
0.207583	0.00499248	0.00511842
0.207896	0.00511842	0.00510362
0.207896	0.00510362	0.00509067
0.207896	0.00509067	0.00507933
0.207896	0.00507933	0.00506941
0.207896	0.00506941	0.00506074
0.207896	0.00506074	0.00505314
0.207896	0.00505314	0.0050465
0.207896	0.0050465	0.00504069
0.207896	0.00504069	0.0050356
0.207896	0.0050356	0.00503115
0.207897	0.00503115	0.00502726
0.207897	0.00502726	0.00502385
0.207897	0.00502385	0.00502087
0.207897	0.00502087	0.00501826
0.207897	0.00501826	0.00501597
0.207897	0.00501597	0.00501398
0.207897	0.00501398	0.00501223
0.207897	0.00501223	0.0050107
0.207897	0.0050107	0.00500936
0.207897	0.00500936	0.00500819
0.207897	0.00500819	0.00500717
0.208087	0.00500717	0.00513127
0.208088	0.00513127	0.00523986
0.208088	0.00523986	0.00533488
0.208088	0.00533488	0.00541802
0.208088	0.00541802	0.00549077
0.208088	0.00549077	0.00555442
0.208088	0.00555442	0.00548512
0.208088	0.00548512	0.00542448
0.208088	0.00542448	0.00537142
0.208088	0.00537142	0.00532499
0.208088	0.00532499	0.00528437
0.208088	0.00528437	0.00524882
0.208088	0.00524882	0.00521772
0.208088	0.00521772	0.0051905
0.208088	0.0051905	0.00516669
0.208089	0.00516669	0.00514585
0.208089	0.00514585	0.00512762
0.208089	0.00512762	0.00511167
0.208183	0.00511167	0.00509771
0.208183	0.00509771	0.00508549
0.208183	0.00508549	0.00507481
0.208184	0.00507481	0.00506546
0.208184	0.00506546	0.00505727
0.208184	0.00505727	0.00505011
0.208184	0.00505011	0.00504385
0.208383	0.00504385	0.00503837
0.208383	0.00503837	0.00503357
0.208383	0.00503357	0.00502937
0.208384	0.00502937	0.0050257
0.208384	0.0050257	0.00502249
0.208384	0.00502249	0.00501968
0.208384	0.00501968	0.00501722
0.208384	0.00501722	0.00501506
0.208683	0.00501506	0.00501318
0.208683	0.00501318	0.00501153
0.208683	0.00501153	0.00501009
0.208684	0.00501009	0.00500883
0.208684	0.00500883	0.00500773
0.208684	0.00500773	0.00500676
0.208684	0.00500676	0.00500591
0.208684	0.00500591	0.00500517
0.208684	0.00500517	0.00500453
0.208684	0.00500453	0.00500396
0.208684	0.00500396	0.00500347
0.208684	0.00500347	0.00500303
0.208684	0.00500303	0.00500265
0.208684	0.00500265	0.00500232
0.208684	0.00500232	0.00500203
0.208684	0.00500203	0.00500178
0.208684	0.00500178	0.00500155
0.208685	0.00500155	0.00500136
0.208685	0.00500136	0.00500119
0.208685	0.00500119	0.00500104
0.208685	0.00500104	0.00500091
0.208685	0.00500091	0.0050008
0.208887	0.0050008	0.0050007
0.208888	0.0050007	0.00500061
0.208888	0.00500061	0.00500053
0.208888	0.00500053	0.00500046
0.208888	0.00500046	0.00500041
0.208888	0.00500041	0.00500035
0.208888	0.00500035	0.00500031
0.208888	0.00500031	0.00500027
0.208888	0.00500027	0.00500024
0.208888	0.00500024	0.00500021
0.208888	0.00500021	0.00500018
0.208888	0.00500018	0.00500016
0.208888	0.00500016	0.00500014
0.208888	0.00500014	0.00487512
0.208888	0.00487512	0.00476573
0.208889	0.00476573	0.00467001
0.208996	0.00467001	0.00458626
0.208996	0.00458626	0.00451298
0.208996	0.00451298	0.00444885
0.208996	0.00444885	0.00439275
0.209192	0.00439275	0.00446865
0.209192	0.00446865	0.00453507
0.209192	0.00453507	0.00459319
0.209192	0.00459319	0.00464404
0.209192	0.00464404	0.00468853
0.209192	0.00468853	0.00472747
0.209192	0.00472747	0.00476153
0.209192	0.00476153	0.00479134
0.209292	0.00479134	0.00481742
0.209292	0.00481742	0.00484024
0.209292	0.00484024	0.00486021
0.209292	0.00486021	0.00487769
0.209292	0.00487769	0.00489298
0.209292	0.00489298	0.00490635
0.209292	0.00490635	0.00491806
0.209492	0.00491806	0.0049283
0.209492	0.0049283	0.00493726
0.209492	0.00493726	0.0049451
0.209492	0.0049451	0.00495197
0.209492	0.00495197	0.00495797
0.209492	0.00495797	0.00496322
0.209492	0.00496322	0.00496782
0.209492	0.00496782	0.00497184
0.209592	0.00497184	0.00497536
0.209592	0.00497536	0.00497844
0.209592	0.00497844	0.00498114
0.209592	0.00498114	0.00498349
0.209592	0.00498349	0.00498556
0.209592	0.00498556	0.00498736
0.209592	0.00498736	0.00498894
0.209792	0.00498894	0.00499032
0.209792	0.00499032	0.00499153
0.209792	0.00499153	0.00499259
0.209792	0.00499259	0.00499351
0.209792	0.00499351	0.00499432
0.209792	0.00499432	0.00499503
0.209792	0.00499503	0.00499565
0.209792	0.00499565	0.0049962
0.209792	0.0049962	0.00499667
0.209792	0.00499667	0.00499709
0.209792	0.00499709	0.00499745
0.209792	0.00499745	0.00499777
0.209793	0.00499777	0.00499805
0.209793	0.00499805	0.00499829
0.209793	0.00499829	0.00499851
0.209793	0.00499851	0.00499869
0.209896	0.00499869	0.00499885
0.209896	0.00499885	0.004999
0.209896	0.004999	0.00499912
0.209896	0.00499912	0.00499923
0.209896	0.00499923	0.00499933
0.209896	0.00499933	0.00499941
0.209896	0.00499941	0.00499948
0.210087	0.00499948	0.00512455
0.210088	0.00512455	0.00523398
0.210088	0.00523398	0.00532973
0.210088	0.00532973	0.00541351
0.210088	0.00541351	0.00548682
0.210088	0.00548682	0.00555097
0.210088	0.00555097	0.0056071
0.210088	0.0056071	0.00565621
0.210088	0.00565621	0.00569918
0.210088	0.00569918	0.00573679
0.210088	0.00573679	0.00576969
0.210088	0.00576969	0.00579848
0.210088	0.00579848	0.00582367
0.210088	0.00582367	0.00584571
0.210088	0.00584571	0.00573999
0.210089	0.00573999	0.00564749
0.210196	0.00564749	0.00556656
0.210196	0.00556656	0.00549574
0.210196	0.00549574	0.00543377
0.210196	0.00543377	0.00537955
0.210196	0.00537955	0.0053321
0.210196	0.0053321	0.00529059
0.210196	0.00529059	0.00525427
0.210387	0.00525427	0.00522248
0.210388	0.00522248	0.00519467
0.210696	0.00519467	0.00517034
0.210696	0.00517034	0.00514904
0.210696	0.00514904	0.00513041
0.210696	0.00513041	0.00511411
0.210696	0.00511411	0.00509985
0.210696	0.00509985	0.00508737
0.210696	0.00508737	0.00507644
0.210696	0.00507644	0.00506689
0.210696	0.00506689	0.00505853
0.210696	0.00505853	0.00505121
0.210697	0.00505121	0.00504481
0.210887	0.00504481	0.00503921
0.210888	0.00503921	0.00503431
0.210888	0.00503431	0.00503002
0.210888	0.00503002	0.00502626
0.210888	0.00502626	0.00502298
0.210888	0.00502298	0.00502011
0.210888	0.00502011	0.00501759
0.210888	0.00501759	0.00501539
0.210888	0.00501539	0.00501347
0.210888	0.00501347	0.00501179
0.210888	0.00501179	0.00501031
0.210888	0.00501031	0.00500902
0.210888	0.00500902	0.00500789
0.210888	0.00500789	0.00500691
0.210888	0.00500691	0.00500604
0.210889	0.00500604	0.00500529
0.210889	0.00500529	0.00500463
0.210983	0.00500463	0.00500405
0.210983	0.00500405	0.00500354
0.210983	0.00500354	0.0050031
0.210984	0.0050031	0.00500271
0.210984	0.00500271	0.00500237
0.210984	0.00500237	0.00487707
0.210984	0.00487707	0.00476744
0.211192	0.00476744	0.00479651
0.211192	0.00479651	0.00482195
0.211192	0.00482195	0.0048442
0.211192	0.0048442	0.00486367
0.211192	0.00486367	0.00488071
0.211192	0.00488071	0.00489562
0.211192	0.00489562	0.00490867
0.211192	0.00490867	0.00492009
0.211192	0.00492009	0.00493008
0.211192	0.00493008	0.00493882
0.211192	0.00493882	0.00494646
0.211192	0.00494646	0.00495316
0.211193	0.00495316	0.00495901
0.211193	0.00495901	0.00496413
0.211193	0.00496413	0.00496862
0.211271	0.00496862	0.00497254
0.211271	0.00497254	0.00497597
0.211271	0.00497597	0.00497897
0.211271	0.00497897	0.0049816
0.211271	0.0049816	0.0049839
0.211271	0.0049839	0.00498591
0.211271	0.00498591	0.00498767
0.211496	0.00498767	0.00498921
0.211496	0.00498921	0.00499056
0.211496	0.00499056	0.00499174
0.211496	0.00499174	0.00499277
0.211496	0.00499277	0.00499368
0.211496	0.00499368	0.00499447
0.211496	0.00499447	0.00499516
0.211792	0.00499516	0.00499576
0.212496	0.00499576	0.00499629
0.212796	0.00499629	0.00499675
0.212796	0.00499675	0.00499716
0.212796	0.00499716	0.00499751
0.212796	0.00499751	0.00499782
0.212796	0.00499782	0.0049981
0.212796	0.0049981	0.00499833
0.212796	0.00499833	0.00499854
0.212796	0.00499854	0.00499872
0.212796	0.00499872	0.00499888
0.212796	0.00499888	0.00499902
0.212797	0.00499902	0.00499914
0.212797	0.00499914	0.00499925
0.212797	0.00499925	0.00499934
0.212797	0.00499934	0.00499943
0.212797	0.00499943	0.0049995
