Rx 0.0219286 1 1 1 8 4714285
Rx 0.0229286 1 2 1 8 4714285
Rx 0.0239286 1 3 1 8 4714285
Rx 0.0239286 1 1 1 8 0
Rx 0.0249286 1 2 1 8 0
Rx 0.0249286 1 4 1 8 4714285
Rx 0.0259286 1 3 1 8 0
Rx 0.0259286 1 5 1 8 4714285
Rx 0.0259286 1 1 1 8 0
Rx 0.0269286 1 6 1 8 4714285
Rx 0.0269286 1 2 1 8 0
Rx 0.0269286 1 4 1 8 0
Rx 0.0279286 1 3 1 8 0
Rx 0.0279286 1 5 1 8 0
Rx 0.0279286 1 1 1 8 0
Rx 0.0289286 1 6 1 8 0
Rx 0.0289286 1 2 1 8 0
Rx 0.0289286 1 4 1 8 0
Rx 0.0292083 2 1 1 8 204160
Rx 0.0292125 2 2 1 8 208320
Rx 0.0292166 2 3 1 8 212480
Rx 0.0299286 1 3 1 8 0
Rx 0.0299286 1 5 1 8 0
Rx 0.0309286 1 6 1 8 0
Rx 0.0309286 1 4 1 8 0
Rx 0.0319286 1 5 1 8 0
Rx 0.0329286 1 6 1 8 0
Rx 0.0342083 2 4 1 8 204160
Rx 0.0342125 2 5 1 8 208320
Rx 0.0342166 2 6 1 8 212480
Rx 0.0409286 1 2 1 11 4714285
Rx 0.0409286 1 3 1 11 4714285
Rx 0.0409286 1 1 1 11 4714285
Rx 0.0429286 1 2 1 11 0
Rx 0.0429286 1 3 1 11 0
Rx 0.0429286 1 1 1 11 0
Rx 0.0449286 1 2 1 11 0
Rx 0.0449286 1 3 1 11 0
Rx 0.0449286 1 1 1 2 0
Rx 0.0449286 1 1 1 7 4714285
Rx 0.0459286 1 6 1 11 4714285
Rx 0.0459286 1 5 1 11 4714285
Rx 0.0459286 1 4 1 11 4714285
Rx 0.0469286 1 2 1 2 0
Rx 0.0469286 1 2 1 7 4714285
Rx 0.0469286 1 3 1 2 0
Rx 0.0469286 1 3 1 7 4714285
Rx 0.0469286 1 1 1 11 0
Rx 0.0469286 1 1 1 11 0
Rx 0.0479286 1 6 1 11 0
Rx 0.0479286 1 5 1 11 0
Rx 0.0479286 1 4 1 2 0
Rx 0.0479286 1 4 1 7 4714285
Rx 0.0499286 1 6 1 2 0
Rx 0.0499286 1 6 1 7 4714285
Rx 0.0499286 1 5 1 2 0
Rx 0.0499286 1 5 1 7 4714285
Rx 0.0499286 1 4 1 11 0
Rx 0.0499286 1 4 1 11 0
Rx 0.0519286 1 6 1 11 0
Rx 0.0519286 1 6 1 11 0
Rx 0.0519286 1 5 1 11 0
Rx 0.0519286 1 5 1 11 0
Rx 0.0519286 1 4 1 7 0
Rx 0.0519286 1 4 1 7 0
Rx 0.0519286 1 1 1 7 0
Rx 0.0519286 1 1 1 7 0
Rx 0.0529286 1 2 1 7 0
Rx 0.0529286 1 2 1 7 0
Rx 0.0539286 1 3 1 7 0
Rx 0.0539286 1 3 1 7 0
Rx 0.0549286 1 4 1 7 0
Rx 0.0549286 1 4 1 7 0
Rx 0.0559286 1 5 1 7 0
Rx 0.0559286 1 5 1 7 0
Rx 0.0559286 1 1 1 7 0
Rx 0.0559286 1 1 1 7 0
Rx 0.0569286 1 6 1 7 0
Rx 0.0569286 1 6 1 7 0
Rx 0.0569286 1 2 1 7 0
Rx 0.0569286 1 2 1 7 0
Rx 0.0569286 1 3 1 7 0
Rx 0.0569286 1 3 1 7 0
Rx 0.0589286 1 4 1 7 0
Rx 0.0589286 1 4 1 7 0
Rx 0.0599286 1 5 1 7 0
Rx 0.0599286 1 5 1 7 0
Rx 0.0609286 1 6 1 7 0
Rx 0.0609286 1 6 1 7 0
Rx 0.0819286 1 1 1 2 0
Rx 0.0819286 1 1 1 2 0
Rx 0.0819286 1 1 1 7 4714285
Rx 0.0819286 1 1 1 7 4714285
Rx 0.0839286 1 1 1 7 0
Rx 0.0839286 1 1 1 7 0
Rx 0.0849286 1 4 1 2 0
Rx 0.0849286 1 4 1 2 0
Rx 0.0849286 1 4 1 7 4714285
Rx 0.0849286 1 4 1 7 4714285
Rx 0.0859286 1 5 1 2 0
Rx 0.0859286 1 5 1 2 0
Rx 0.0859286 1 5 1 7 4714285
Rx 0.0859286 1 5 1 7 4714285
Rx 0.0859286 1 1 1 7 0
Rx 0.0859286 1 1 1 7 0
Rx 0.0869286 1 6 1 2 0
Rx 0.0869286 1 6 1 2 0
Rx 0.0869286 1 6 1 7 4714285
Rx 0.0869286 1 6 1 7 4714285
Rx 0.0869286 1 4 1 7 0
Rx 0.0869286 1 4 1 7 0
Rx 0.0879286 1 2 1 2 0
Rx 0.0879286 1 2 1 2 0
Rx 0.0879286 1 2 1 7 4714285
Rx 0.0879286 1 2 1 7 4714285
Rx 0.0879286 1 5 1 7 0
Rx 0.0879286 1 5 1 7 0
Rx 0.0879286 1 1 1 2 0
Rx 0.0879286 1 1 1 2 0
Rx 0.0879286 1 1 1 7 0
Rx 0.0879286 1 1 1 7 0
Rx 0.0889286 1 6 1 7 0
Rx 0.0889286 1 6 1 7 0
Rx 0.0889286 1 4 1 7 0
Rx 0.0889286 1 4 1 7 0
Rx 0.0899286 1 3 1 2 0
Rx 0.0899286 1 3 1 2 0
Rx 0.0899286 1 3 1 7 4714285
Rx 0.0899286 1 3 1 7 4714285
Rx 0.0899286 1 5 1 7 0
Rx 0.0899286 1 5 1 7 0
Rx 0.0909286 1 6 1 7 0
Rx 0.0909286 1 6 1 7 0
Rx 0.0909286 1 2 1 7 0
Rx 0.0909286 1 2 1 7 0
Rx 0.0909286 1 4 1 2 0
Rx 0.0909286 1 4 1 2 0
Rx 0.0909286 1 4 1 7 0
Rx 0.0909286 1 4 1 7 0
Rx 0.0919286 1 3 1 7 0
Rx 0.0919286 1 3 1 7 0
Rx 0.0919286 1 5 1 2 0
Rx 0.0919286 1 5 1 2 0
Rx 0.0919286 1 5 1 7 0
Rx 0.0919286 1 5 1 7 0
Rx 0.0929286 1 6 1 2 0
Rx 0.0929286 1 6 1 2 0
Rx 0.0929286 1 6 1 7 0
Rx 0.0929286 1 6 1 7 0
Rx 0.0929286 1 2 1 7 0
Rx 0.0929286 1 2 1 7 0
Rx 0.0939286 1 3 1 7 0
Rx 0.0939286 1 3 1 7 0
Rx 0.0949286 1 2 1 2 0
Rx 0.0949286 1 2 1 2 0
Rx 0.0949286 1 2 1 7 0
Rx 0.0949286 1 2 1 7 0
Rx 0.0959286 1 3 1 2 0
Rx 0.0959286 1 3 1 2 0
Rx 0.0959286 1 3 1 7 0
Rx 0.0959286 1 3 1 7 0
Rx 0.0979286 1 2 1 7 0
Rx 0.0979286 1 2 1 7 0
Rx 0.102912 2 4 3 2 0
Rx 0.102912 2 4 3 62 208320
Rx 0.107808 2 4 3 2 0
Rx 0.107808 2 4 3 58 204160
Rx 0.112708 2 4 3 2 0
Rx 0.112708 2 4 3 114 204160
Rx 0.117608 2 4 3 2 0
Rx 0.117608 2 4 3 225 204160
Rx 0.122508 2 4 3 2 0
Rx 0.122508 2 4 3 391 204160
Rx 0.122917 2 2 3 2 0
Rx 0.122917 2 2 3 62 212480
Rx 0.123408 2 4 3 58 204160
Rx 0.125408 2 4 3 2 0
Rx 0.127408 2 4 3 2 0
Rx 0.127408 2 4 3 724 204160
Rx 0.128208 2 2 3 2 0
Rx 0.128208 2 2 3 58 204160
Rx 0.128308 2 4 3 169 204160
Rx 0.130308 2 4 3 2 0
Rx 0.130912 2 1 3 2 0
Rx 0.130912 2 1 3 62 208320
Rx 0.132308 2 4 3 2 0
Rx 0.132308 2 4 3 1390 204160
Rx 0.133108 2 2 3 2 0
Rx 0.133108 2 2 3 114 204160
Rx 0.133208 2 4 3 391 204160
Rx 0.135208 2 4 3 2 0
Rx 0.137208 2 4 3 2 0
Rx 0.137208 2 4 3 1768 204160
Rx 0.137312 2 4 3 959 208320
Rx 0.138108 2 4 3 780 204160
Rx 0.138708 2 2 3 2 0
Rx 0.138708 2 2 3 225 504160
Rx 0.140108 2 4 3 2 0
Rx 0.140108 2 4 3 58 204160
Rx 0.142108 2 4 3 2 0
Rx 0.142108 2 4 3 1768 204160
Rx 0.142212 2 4 3 3554 208320
Rx 0.142912 2 6 3 2 0
Rx 0.142912 2 6 3 62 208320
Rx 0.143008 2 4 3 1571 204160
Rx 0.143608 2 2 3 2 0
Rx 0.143608 2 2 3 391 204160
Rx 0.144521 2 2 3 58 216640
Rx 0.145008 2 4 3 2 0
Rx 0.145008 2 4 3 225 204160
Rx 0.146596 2 2 3 2 0
Rx 0.147008 2 4 3 2 0
Rx 0.147008 2 4 3 1768 204160
Rx 0.147112 2 4 3 3554 208320
Rx 0.147217 2 4 3 128 212480
Rx 0.147808 2 6 3 2 0
Rx 0.147808 2 6 3 58 204160
Rx 0.147908 2 4 3 1501 204160
Rx 0.148508 2 2 3 2 0
Rx 0.148508 2 2 3 724 204160
Rx 0.149437 2 2 3 169 233280
Rx 0.149908 2 4 3 2 0
Rx 0.149908 2 4 3 447 204160
Rx 0.150933 2 5 3 2 0
Rx 0.150933 2 5 3 62 229120
Rx 0.151496 2 2 3 2 0
Rx 0.151908 2 4 3 2 0
Rx 0.151908 2 4 3 1768 204160
Rx 0.152012 2 4 3 3554 208320
Rx 0.152117 2 4 3 406 212480
Rx 0.152708 2 6 3 2 0
Rx 0.152708 2 6 3 114 204160
Rx 0.152808 2 4 3 1501 204160
Rx 0.153408 2 2 3 2 0
Rx 0.153408 2 2 3 688 204160
Rx 0.153512 2 2 3 706 208320
Rx 0.154346 2 2 3 391 241600
Rx 0.154808 2 4 3 2 0
Rx 0.154808 2 4 3 558 204160
Rx 0.156396 2 2 3 2 0
Rx 0.156808 2 4 3 2 0
Rx 0.156808 2 4 3 1768 204160
Rx 0.156912 2 4 3 3554 208320
Rx 0.157017 2 4 3 683 212480
Rx 0.157608 2 6 3 2 0
Rx 0.157608 2 6 3 225 204160
Rx 0.157708 2 4 3 1446 204160
Rx 0.158308 2 2 3 2 0
Rx 0.158308 2 2 3 760 204160
Rx 0.158412 2 2 3 1134 208320
Rx 0.159012 2 2 3 1390 208320
Rx 0.159262 2 2 3 225 258240
Rx 0.159708 2 4 3 2 0
Rx 0.159708 2 4 3 724 204160
Rx 0.161296 2 2 3 2 0
Rx 0.161296 2 2 3 58 291520
Rx 0.161708 2 4 3 2 0
Rx 0.161708 2 4 3 1768 204160
Rx 0.161812 2 4 3 3554 208320
Rx 0.161917 2 4 3 961 212480
Rx 0.162508 2 6 3 2 0
Rx 0.162508 2 6 3 391 204160
Rx 0.162608 2 4 3 1446 204160
Rx 0.163496 2 6 3 58 291520
Rx 0.163583 2 2 3 2 0
Rx 0.163583 2 2 3 760 579040
Rx 0.163596 2 2 3 558 291520
Rx 0.163687 2 2 3 1539 583200
Rx 0.163792 2 2 3 876 587360
Rx 0.163796 2 2 3 558 291520
Rx 0.163896 2 2 3 558 291520
Rx 0.163979 2 2 3 502 274880
Rx 0.164012 2 2 3 558 208320
Rx 0.164162 2 2 3 613 258240
Rx 0.164308 2 2 3 2 0
Rx 0.164608 2 4 3 2 0
Rx 0.164608 2 4 3 835 204160
Rx 0.165408 2 6 3 2 0
Rx 0.166196 2 2 3 2 0
Rx 0.166196 2 2 3 613 291520
Rx 0.166608 2 4 3 2 0
Rx 0.166608 2 4 3 1768 204160
Rx 0.166712 2 4 3 3554 208320
Rx 0.166817 2 4 3 1294 212480
Rx 0.167408 2 6 3 2 0
Rx 0.167408 2 6 3 724 204160
Rx 0.167512 2 4 3 891 208320
Rx 0.168392 2 2 3 2 0
Rx 0.168392 2 2 3 760 287360
Rx 0.168396 2 6 3 169 291520
Rx 0.168496 2 2 3 764 291520
Rx 0.168596 2 2 3 1040 291520
Rx 0.168696 2 2 3 613 291520
Rx 0.168796 2 2 3 613 291520
Rx 0.168996 2 2 3 764 291520
Rx 0.169096 2 2 3 1075 291520
Rx 0.169296 2 2 3 613 291520
Rx 0.169396 2 2 3 2 0
Rx 0.169592 2 2 3 764 287360
Rx 0.169596 2 4 3 2 0
Rx 0.169596 2 4 3 1501 291520
Rx 0.169696 2 2 3 1019 291520
Rx 0.169896 2 2 3 1224 291520
Rx 0.169996 2 2 3 613 291520
Rx 0.170137 2 2 3 764 233280
Rx 0.170212 2 2 3 298 208320
Rx 0.170308 2 6 3 2 0
Rx 0.170596 2 2 3 2 0
Rx 0.170596 2 2 3 760 291520
Rx 0.170696 2 2 3 135 291520
Rx 0.170912 2 3 3 2 0
Rx 0.170912 2 3 3 62 208320
Rx 0.171096 2 2 3 764 291520
Rx 0.171196 2 2 3 1539 291520
Rx 0.171296 2 2 3 95 291520
Rx 0.171396 2 2 3 58 291520
Rx 0.171596 2 4 3 2 0
Rx 0.171596 2 4 3 1768 291520
Rx 0.171671 2 4 3 2901 266560
Rx 0.171717 2 4 3 724 212480
Rx 0.171892 2 4 3 669 287360
Rx 0.171896 2 1 3 2 0
Rx 0.171896 2 1 3 41 291520
Rx 0.171996 2 1 3 21 291520
Rx 0.172096 2 4 3 891 291520
Rx 0.172308 2 4 3 780 204160
Rx 0.172312 2 6 3 2 0
Rx 0.172312 2 6 3 760 208320
Rx 0.172412 2 6 3 635 208320
Rx 0.173254 2 6 3 391 249920
Rx 0.173596 2 2 3 2 0
Rx 0.173596 2 2 3 613 291520
Rx 0.173696 2 2 3 764 291520
Rx 0.173796 2 2 3 764 291520
Rx 0.173896 2 2 3 648 291520
Rx 0.173996 2 2 3 502 291520
Rx 0.174096 2 2 3 613 291520
Rx 0.174292 2 2 3 764 287360
Rx 0.174296 2 1 3 21 0
Rx 0.174396 2 2 3 631 291520
Rx 0.174496 2 4 3 2 0
Rx 0.174496 2 4 3 1612 291520
Rx 0.174596 2 2 3 2 0
Rx 0.174687 2 2 3 1446 283200
Rx 0.174696 2 4 3 114 291520
Rx 0.174896 2 2 3 764 291520
Rx 0.175096 2 2 3 1539 291520
Rx 0.175196 2 2 3 705 291520
Rx 0.175396 2 2 3 447 291520
Rx 0.175492 2 2 3 558 287360
Rx 0.175496 2 6 3 2 0
Rx 0.175596 2 4 3 2 0
Rx 0.175696 2 2 3 2 0
Rx 0.175696 2 2 3 760 291520
Rx 0.175796 2 2 3 764 291520
Rx 0.175896 2 2 3 929 291520
Rx 0.175996 2 2 3 613 291520
Rx 0.176096 2 2 3 669 291520
Rx 0.176296 2 2 3 558 291520
Rx 0.176496 2 4 3 1668 291520
Rx 0.176596 2 2 3 764 291520
Rx 0.176696 2 4 3 2 0
Rx 0.176696 2 4 3 1612 291520
Rx 0.176792 2 2 3 2 0
Rx 0.176792 2 2 3 797 287360
Rx 0.176796 2 4 3 669 291520
Rx 0.176887 2 2 3 280 283200
Rx 0.176896 2 4 3 724 291520
Rx 0.176996 2 4 3 669 291520
Rx 0.177083 2 2 3 502 279040
Rx 0.177087 2 4 3 447 283200
Rx 0.177183 2 2 3 169 279040
Rx 0.177187 2 4 3 391 283200
Rx 0.177283 2 6 3 2 0
Rx 0.177283 2 6 3 558 279040
Rx 0.177287 2 4 3 502 283200
Rx 0.177375 2 6 3 169 270720
Rx 0.177379 2 2 3 169 274880
Rx 0.177383 2 4 3 391 279040
Rx 0.177483 2 6 3 169 279040
Rx 0.177487 2 2 3 169 283200
Rx 0.177492 2 4 3 391 287360
Rx 0.177587 2 6 3 225 283200
Rx 0.177592 2 4 3 447 287360
Rx 0.177683 2 6 3 169 279040
Rx 0.177687 2 2 3 391 283200
Rx 0.177692 2 4 3 2 0
Rx 0.177783 2 6 3 280 279040
Rx 0.177787 2 2 3 2 0
Rx 0.177896 2 6 3 225 291520
Rx 0.177987 2 6 3 280 283200
Rx 0.177992 2 2 3 764 287360
Rx 0.178087 2 6 3 280 283200
Rx 0.178096 2 2 3 298 291520
Rx 0.178196 2 6 3 280 291520
Rx 0.178271 2 6 3 2 0
Rx 0.178275 2 2 3 391 270720
Rx 0.178392 2 6 3 502 287360
Rx 0.178396 2 2 3 280 291520
Rx 0.178492 2 6 3 280 287360
Rx 0.178496 2 4 3 280 291520
Rx 0.178592 2 2 3 669 287360
Rx 0.178596 2 6 3 114 291520
Rx 0.178696 2 2 3 558 291520
Rx 0.178896 2 2 3 2 0
Rx 0.178896 2 2 3 760 291520
Rx 0.178996 2 2 3 1023 291520
Rx 0.179196 2 2 3 1168 291520
Rx 0.179287 2 6 3 2 0
Rx 0.179396 2 4 3 2 0
Rx 0.179396 2 4 3 891 291520
Rx 0.179592 2 2 3 764 287360
Rx 0.179596 2 4 3 835 291520
Rx 0.179796 2 2 3 1539 291520
Rx 0.179896 2 2 3 2 0
Rx 0.179996 2 2 3 1260 291520
Rx 0.180096 2 2 3 613 291520
Rx 0.180196 2 2 3 613 291520
Rx 0.180396 2 2 3 613 291520
Rx 0.180496 2 2 3 613 291520
Rx 0.180696 2 2 3 764 291520
Rx 0.180796 2 2 3 1130 291520
Rx 0.180896 2 6 3 58 291520
Rx 0.180996 2 2 3 2 0
Rx 0.180996 2 2 3 1279 291520
Rx 0.181096 2 2 3 558 291520
Rx 0.181196 2 2 3 558 291520
Rx 0.181396 2 4 3 2 0
Rx 0.181396 2 4 3 1612 291520
Rx 0.181496 2 4 3 780 291520
Rx 0.181592 2 4 3 669 287360
Rx 0.181596 2 2 3 764 291520
Rx 0.181696 2 4 3 669 291520
Rx 0.181787 2 2 3 742 283200
Rx 0.181792 2 4 3 613 287360
Rx 0.181887 2 2 3 280 283200
Rx 0.181892 2 4 3 613 287360
Rx 0.181996 2 4 3 502 291520
Rx 0.182083 2 2 3 2 0
Rx 0.182083 2 2 3 391 279040
Rx 0.182087 2 4 3 391 283200
Rx 0.182183 2 6 3 2 0
Rx 0.182183 2 6 3 558 279040
Rx 0.182187 2 2 3 169 283200
Rx 0.182296 2 6 3 169 291520
Rx 0.182383 2 2 3 225 279040
Rx 0.182387 2 6 3 169 283200
Rx 0.182479 2 2 3 169 274880
Rx 0.182483 2 4 3 2 0
Rx 0.182483 2 4 3 1279 279040
Rx 0.182487 2 6 3 225 283200
Rx 0.182596 2 6 3 169 291520
Rx 0.182683 2 6 3 225 279040
Rx 0.182687 2 2 3 391 283200
Rx 0.182692 2 4 3 891 287360
Rx 0.182783 2 6 3 169 279040
Rx 0.182787 2 2 3 169 283200
Rx 0.182792 2 4 3 280 287360
Rx 0.182896 2 6 3 280 291520
Rx 0.183096 2 6 3 558 291520
Rx 0.183179 2 6 3 2 0
Rx 0.183296 2 6 3 336 291520
Rx 0.183383 2 6 3 280 279040
Rx 0.183387 2 2 3 2 0
Rx 0.183387 2 2 3 613 283200
Rx 0.183392 2 4 3 336 287360
Rx 0.183487 2 6 3 225 283200
Rx 0.183492 2 2 3 764 287360
Rx 0.183583 2 6 3 280 279040
Rx 0.183587 2 2 3 242 283200
Rx 0.183696 2 2 3 225 291520
Rx 0.183787 2 2 3 225 283200
Rx 0.183792 2 6 3 558 287360
Rx 0.183883 2 2 3 225 279040
Rx 0.183992 2 2 3 225 287360
Rx 0.184096 2 6 3 558 291520
Rx 0.184183 2 2 3 336 279040
Rx 0.184187 2 6 3 2 0
Rx 0.184283 2 2 3 225 279040
Rx 0.184287 2 4 3 2 0
Rx 0.184287 2 4 3 613 283200
Rx 0.184387 2 4 3 447 283200
Rx 0.184392 2 6 3 613 287360
Rx 0.184496 2 2 3 2 0
Rx 0.184496 2 2 3 169 291520
Rx 0.184587 2 2 3 169 283200
Rx 0.184592 2 4 3 724 287360
Rx 0.184596 2 6 3 391 291520
Rx 0.184696 2 6 3 280 291520
Rx 0.184796 2 2 3 558 291520
Rx 0.184892 2 2 3 280 287360
Rx 0.184896 2 6 3 391 291520
Rx 0.185096 2 2 3 764 291520
Rx 0.185296 2 2 3 1539 291520
Rx 0.185396 2 2 3 95 291520
Rx 0.185496 2 2 3 2 0
Rx 0.185592 2 2 3 764 287360
Rx 0.185596 2 6 3 2 0
Rx 0.185596 2 6 3 724 291520
Rx 0.185696 2 2 3 686 291520
Rx 0.185896 2 2 3 764 291520
Rx 0.185996 2 2 3 964 291520
Rx 0.186196 2 2 3 764 291520
Rx 0.186296 2 4 3 2 0
Rx 0.186296 2 4 3 1612 291520
Rx 0.186387 2 4 3 780 283200
Rx 0.186396 2 2 3 353 291520
Rx 0.186492 2 4 3 780 287360
Rx 0.186496 2 2 3 2 0
Rx 0.186596 2 4 3 724 291520
Rx 0.186696 2 2 3 764 291520
Rx 0.186783 2 4 3 1224 279040
Rx 0.186792 2 2 3 409 287360
Rx 0.186896 2 4 3 447 291520
Rx 0.186983 2 2 3 447 279040
Rx 0.186987 2 4 3 502 283200
Rx 0.187087 2 6 3 2 0
Rx 0.187087 2 6 3 613 283200
Rx 0.187092 2 2 3 225 287360
Rx 0.187183 2 6 3 225 279040
Rx 0.187187 2 4 3 447 283200
Rx 0.187283 2 6 3 169 279040
Rx 0.187287 2 2 3 391 283200
Rx 0.187292 2 4 3 2 0
Rx 0.187387 2 6 3 169 283200
Rx 0.187487 2 6 3 169 283200
Rx 0.187492 2 4 3 1279 287360
Rx 0.187583 2 6 3 225 279040
Rx 0.187587 2 2 3 2 0
Rx 0.187587 2 2 3 336 283200
Rx 0.187592 2 4 3 447 287360
Rx 0.187687 2 6 3 169 283200
Rx 0.187692 2 2 3 169 287360
Rx 0.187787 2 6 3 280 283200
Rx 0.187792 2 4 3 502 287360
Rx 0.187879 2 6 3 225 274880
Rx 0.187883 2 2 3 558 279040
Rx 0.187987 2 6 3 280 283200
Rx 0.187992 2 2 3 280 287360
Rx 0.188096 2 6 3 2 0
Rx 0.188187 2 6 3 447 283200
Rx 0.188192 2 2 3 502 287360
Rx 0.188287 2 6 3 280 283200
Rx 0.188292 2 2 3 280 287360
Rx 0.188387 2 6 3 280 283200
Rx 0.188392 2 4 3 2 0
Rx 0.188487 2 6 3 225 283200
Rx 0.188492 2 2 3 280 287360
Rx 0.188587 2 6 3 280 283200
Rx 0.188592 2 2 3 2 0
Rx 0.188696 2 6 3 280 291520
Rx 0.188783 2 2 3 764 279040
Rx 0.188896 2 2 3 464 291520
Rx 0.188996 2 6 3 502 291520
Rx 0.189083 2 2 3 391 279040
Rx 0.189087 2 6 3 2 0
Rx 0.189192 2 2 3 169 287360
Rx 0.189196 2 4 3 1224 291520
Rx 0.189287 2 4 3 502 283200
Rx 0.189292 2 6 3 613 287360
Rx 0.189396 2 2 3 225 291520
Rx 0.189487 2 4 3 2 0
Rx 0.189487 2 4 3 447 283200
Rx 0.189492 2 6 3 502 287360
Rx 0.189592 2 6 3 336 287360
Rx 0.189696 2 2 3 2 0
Rx 0.189696 2 2 3 760 291520
Rx 0.189796 2 6 3 336 291520
Rx 0.189887 2 6 3 280 283200
Rx 0.189896 2 2 3 524 291520
Rx 0.189996 2 2 3 280 291520
Rx 0.190096 2 6 3 2 0
Rx 0.190196 2 2 3 613 291520
Rx 0.190287 2 2 3 336 283200
Rx 0.190292 2 6 3 764 287360
Rx 0.190396 2 6 3 797 291520
Rx 0.190496 2 2 3 280 291520
Rx 0.190596 2 6 3 613 291520
Rx 0.190687 2 6 3 280 283200
Rx 0.190692 2 2 3 2 0
Rx 0.190796 2 2 3 764 291520
Rx 0.190896 2 6 3 336 291520
Rx 0.190996 2 2 3 631 291520
Rx 0.191083 2 6 3 2 0
Rx 0.191087 2 2 3 225 283200
Rx 0.191183 2 4 3 2 0
Rx 0.191183 2 4 3 1168 279040
Rx 0.191187 2 6 3 613 283200
Rx 0.191192 2 2 3 169 287360
Rx 0.191283 2 4 3 447 279040
Rx 0.191287 2 6 3 225 283200
Rx 0.191292 2 2 3 225 287360
Rx 0.191492 2 4 3 835 287360
Rx 0.191496 2 6 3 336 291520
Rx 0.191575 2 4 3 391 270720
Rx 0.191579 2 6 3 225 274880
Rx 0.191583 2 2 3 336 279040
Rx 0.191687 2 2 3 2 0
Rx 0.191787 2 4 3 669 283200
Rx 0.191792 2 6 3 114 287360
Rx 0.191883 2 4 3 280 279040
Rx 0.191887 2 5 3 2 0
Rx 0.191892 2 2 3 447 287360
Rx 0.191983 2 5 3 45 279040
Rx 0.191987 2 2 3 169 283200
Rx 0.192083 2 4 3 447 279040
Rx 0.192087 2 5 3 17 283200
Rx 0.192092 2 6 3 2 0
Rx 0.192183 2 4 3 2 0
Rx 0.192196 2 2 3 391 291520
Rx 0.192283 2 6 3 764 279040
Rx 0.192287 2 2 3 169 283200
Rx 0.192387 2 4 3 1224 283200
Rx 0.192396 2 6 3 242 291520
Rx 0.192483 2 4 3 391 279040
Rx 0.192487 2 2 3 169 283200
Rx 0.192583 2 6 3 391 279040
Rx 0.192587 2 2 3 169 283200
Rx 0.192687 2 4 3 835 283200
Rx 0.192692 2 6 3 169 287360
Rx 0.192783 2 4 3 391 279040
Rx 0.192787 2 2 3 2 0
Rx 0.192787 2 2 3 391 283200
Rx 0.192883 2 6 3 169 279040
Rx 0.192887 2 2 3 169 283200
Rx 0.192987 2 4 3 391 283200
Rx 0.192992 2 6 3 169 287360
Rx 0.193092 2 2 3 391 287360
Rx 0.193187 2 2 3 169 283200
Rx 0.193192 2 6 3 2 0
Rx 0.193192 2 6 3 391 287360
Rx 0.193287 2 4 3 2 0
Rx 0.193287 2 4 3 1224 283200
Rx 0.193292 2 6 3 169 287360
Rx 0.193396 2 2 3 225 291520
Rx 0.193487 2 4 3 114 283200
Rx 0.193492 2 6 3 558 287360
Rx 0.193587 2 6 3 280 283200
Rx 0.193692 2 2 3 764 287360
Rx 0.193796 2 6 3 391 291520
Rx 0.193887 2 2 3 2 0
Rx 0.193887 2 2 3 464 283200
Rx 0.193892 2 6 3 169 287360
Rx 0.193996 2 2 3 169 291520
Rx 0.194087 2 4 3 891 283200
Rx 0.194092 2 6 3 391 287360
Rx 0.194183 2 5 3 2 0
Rx 0.194187 2 2 3 391 283200
Rx 0.194283 2 4 3 2 0
Rx 0.194287 2 6 3 2 0
Rx 0.194287 2 6 3 391 283200
Rx 0.194292 2 2 3 225 287360
Rx 0.194387 2 4 3 1279 283200
Rx 0.194392 2 6 3 169 287360
Rx 0.194496 2 6 3 169 291520
Rx 0.194583 2 6 3 280 279040
Rx 0.194587 2 2 3 391 283200
Rx 0.194592 2 4 3 502 287360
Rx 0.194683 2 6 3 225 279040
Rx 0.194687 2 2 3 336 283200
Rx 0.194896 2 2 3 2 0
Rx 0.194987 2 2 3 764 283200
Rx 0.194992 2 6 3 558 287360
Rx 0.195096 2 6 3 280 291520
Rx 0.195196 2 2 3 686 291520
Rx 0.195287 2 4 3 2 0
Rx 0.195292 2 6 3 2 0
Rx 0.195387 2 2 3 225 283200
Rx 0.195392 2 6 3 764 287360
Rx 0.195496 2 2 3 336 291520
Rx 0.195596 2 6 3 742 291520
Rx 0.195683 2 2 3 502 279040
Rx 0.195692 2 6 3 336 287360
Rx 0.195796 2 2 3 280 291520
Rx 0.195896 2 6 3 169 291520
Rx 0.195996 2 2 3 2 0
Rx 0.195996 2 2 3 391 291520
Rx 0.196083 2 4 3 891 279040
Rx 0.196087 2 6 3 391 283200
Rx 0.196092 2 2 3 225 287360
Rx 0.196183 2 4 3 502 279040
Rx 0.196187 2 6 3 225 283200
Rx 0.196192 2 2 3 169 287360
Rx 0.196283 2 4 3 2 0
Rx 0.196287 2 6 3 2 0
Rx 0.196292 2 2 3 225 287360
Rx 0.196383 2 4 3 891 279040
Rx 0.196487 2 4 3 391 283200
Rx 0.196492 2 6 3 558 287360
Rx 0.196583 2 4 3 447 279040
Rx 0.196587 2 6 3 169 283200
Rx 0.196592 2 2 3 336 287360
Rx 0.196687 2 4 3 391 283200
Rx 0.196692 2 2 3 225 287360
Rx 0.196787 2 4 3 391 283200
Rx 0.196792 2 6 3 169 287360
Rx 0.196883 2 4 3 447 279040
Rx 0.196887 2 2 3 391 283200
Rx 0.196983 2 4 3 114 279040
Rx 0.196987 2 2 3 2 0
Rx 0.197092 2 6 3 613 287360
Rx 0.197196 2 2 3 613 291520
Rx 0.197283 2 4 3 2 0
Rx 0.197287 2 6 3 2 0
Rx 0.197292 2 2 3 169 287360
Rx 0.197387 2 4 3 1224 283200
Rx 0.197392 2 6 3 558 287360
Rx 0.197496 2 2 3 225 291520
Rx 0.197587 2 4 3 891 283200
Rx 0.197592 2 6 3 391 287360
Rx 0.197683 2 4 3 447 279040
Rx 0.197687 2 6 3 169 283200
Rx 0.197692 2 2 3 391 287360
Rx 0.197796 2 2 3 169 291520
Rx 0.197887 2 4 3 835 283200
Rx 0.197892 2 6 3 169 287360
Rx 0.197983 2 4 3 447 279040
Rx 0.197987 2 6 3 169 283200
Rx 0.197992 2 2 3 2 0
Rx 0.198096 2 2 3 613 291520
Rx 0.198192 2 4 3 391 287360
Rx 0.198196 2 6 3 391 291520
Rx 0.198287 2 4 3 2 0
Rx 0.198292 2 6 3 2 0
Rx 0.198296 2 2 3 391 291520
Rx 0.198483 2 4 3 558 279040
Rx 0.198487 2 6 3 724 283200
Rx 0.198583 2 2 3 613 279040
Rx 0.198587 2 6 3 280 283200
Rx 0.198692 2 2 3 280 287360
Rx 0.198696 2 6 3 336 291520
Rx 0.198883 2 6 3 169 279040
Rx 0.198887 2 2 3 336 283200
Rx 0.198983 2 4 3 946 279040
Rx 0.198987 2 6 3 280 283200
Rx 0.198992 2 2 3 2 0
Rx 0.199183 2 6 3 391 279040
Rx 0.199187 2 2 3 669 283200
Rx 0.199192 2 4 3 447 287360
Rx 0.199271 2 6 3 2 0
Rx 0.199275 2 2 3 169 270720
Rx 0.199279 2 4 3 2 0
Rx 0.199396 2 4 3 891 291520
Rx 0.199487 2 2 3 225 283200
Rx 0.199492 2 4 3 391 287360
Rx 0.199496 2 6 3 558 291520
Rx 0.199587 2 2 3 169 283200
Rx 0.199592 2 6 3 169 287360
Rx 0.199696 2 4 3 169 291520
Rx 0.199787 2 2 3 558 283200
Rx 0.199792 2 6 3 336 287360
Rx 0.199896 2 2 3 280 291520
Rx 0.200087 2 2 3 2 0
Rx 0.200087 2 2 3 502 283200
Rx 0.200092 2 6 3 764 287360
Rx 0.200187 2 2 3 280 283200
Rx 0.200192 2 6 3 520 287360
Rx 0.200296 2 6 3 2 0
Rx 0.200387 2 2 3 336 283200
Rx 0.200392 2 4 3 2 0
Rx 0.200396 2 6 3 613 291520
Rx 0.200496 2 6 3 280 291520
Rx 0.200596 2 6 3 336 291520
Rx 0.200683 2 2 3 764 279040
Rx 0.200687 2 6 3 280 283200
Rx 0.200896 2 2 3 464 291520
Rx 0.200987 2 2 3 169 283200
Rx 0.200992 2 4 3 1390 287360
Rx 0.201083 2 4 3 502 279040
Rx 0.201087 2 6 3 558 283200
Rx 0.201187 2 2 3 2 0
Rx 0.201187 2 2 3 391 283200
Rx 0.201283 2 2 3 169 279040
Rx 0.201287 2 4 3 391 283200
Rx 0.201292 2 6 3 2 0
Rx 0.201383 2 4 3 2 0
Rx 0.201387 2 6 3 613 283200
Rx 0.201487 2 2 3 225 283200
Rx 0.201492 2 4 3 835 287360
Rx 0.201583 2 2 3 169 279040
Rx 0.201587 2 4 3 391 283200
Rx 0.201592 2 6 3 391 287360
Rx 0.201687 2 4 3 391 283200
Rx 0.201692 2 6 3 169 287360
Rx 0.201787 2 2 3 336 283200
Rx 0.201792 2 4 3 447 287360
Rx 0.201883 2 2 3 169 279040
Rx 0.201887 2 4 3 336 283200
Rx 0.201892 2 6 3 169 287360
Rx 0.201987 2 6 3 336 283200
Rx 0.202096 2 2 3 447 291520
Rx 0.202183 2 4 3 447 279040
Rx 0.202187 2 6 3 391 283200
Rx 0.202192 2 2 3 2 0
Rx 0.202296 2 6 3 2 0
Rx 0.202396 2 2 3 391 291520
Rx 0.202487 2 4 3 2 0
Rx 0.202487 2 4 3 1279 283200
Rx 0.202492 2 6 3 558 287360
Rx 0.202596 2 6 3 169 291520
Rx 0.202683 2 2 3 558 279040
Rx 0.202687 2 4 3 946 283200
Rx 0.202692 2 6 3 225 287360
Rx 0.202787 2 2 3 225 283200
Rx 0.202792 2 4 3 447 287360
Rx 0.202971 2 2 3 391 266560
Rx 0.202975 2 4 3 835 270720
Rx 0.203092 2 2 3 169 287360
Rx 0.203096 2 4 3 447 291520
Rx 0.203292 2 2 3 2 0
Rx 0.203292 2 2 3 336 287360
Rx 0.203296 2 4 3 169 291520
Rx 0.203387 2 6 3 2 0
Rx 0.203387 2 6 3 760 283200
Rx 0.203496 2 6 3 413 291520
Rx 0.203583 2 2 3 613 279040
Rx 0.203592 2 6 3 225 287360
Rx 0.203683 2 2 3 169 279040
Rx 0.203687 2 6 3 169 283200
Rx 0.203887 2 2 3 391 283200
Rx 0.203892 2 4 3 2 0
Rx 0.203892 2 4 3 1279 287360
Rx 0.203983 2 2 3 169 279040
Rx 0.203987 2 4 3 447 283200
Rx 0.203992 2 6 3 280 287360
Rx 0.204083 2 4 3 391 279040
Rx 0.204087 2 6 3 169 283200
Rx 0.204187 2 2 3 391 283200
Rx 0.204292 2 2 3 2 0
Rx 0.204296 2 6 3 391 291520
Rx 0.204387 2 4 3 780 283200
Rx 0.204392 2 6 3 2 0
Rx 0.204492 2 2 3 391 287360
Rx 0.204496 2 4 3 447 291520
Rx 0.204587 2 2 3 225 283200
Rx 0.204592 2 6 3 669 287360
Rx 0.204687 2 4 3 58 283200
Rx 0.204692 2 6 3 280 287360
Rx 0.204796 2 2 3 558 291520
Rx 0.204887 2 2 3 280 283200
Rx 0.204892 2 6 3 336 287360
Rx 0.204996 2 6 3 280 291520
Rx 0.205096 2 2 3 502 291520
Rx 0.205187 2 2 3 280 283200
Rx 0.205192 2 6 3 669 287360
Rx 0.205296 2 6 3 280 291520
Rx 0.205396 2 2 3 2 0
Rx 0.205496 2 6 3 2 0
Rx 0.205496 2 6 3 613 291520
Rx 0.205583 2 4 3 2 0
Rx 0.205583 2 4 3 58 279040
Rx 0.205587 2 6 3 280 283200
Rx 0.205696 2 2 3 1168 291520
Rx 0.205796 2 6 3 225 291520
Rx 0.205892 2 2 3 391 287360
Rx 0.205896 2 4 3 1168 291520
Rx 0.205996 2 2 3 169 291520
Rx 0.206087 2 4 3 1002 283200
Rx 0.206092 2 6 3 613 287360
Rx 0.206183 2 4 3 391 279040
Rx 0.206187 2 2 3 391 283200
Rx 0.206283 2 6 3 391 279040
Rx 0.206287 2 2 3 225 283200
Rx 0.206383 2 4 3 447 279040
Rx 0.206387 2 6 3 169 283200
Rx 0.206496 2 6 3 2 0
Rx 0.206583 2 2 3 2 0
Rx 0.206583 2 2 3 336 279040
Rx 0.206587 2 6 3 391 283200
Rx 0.206683 2 4 3 2 0
Rx 0.206683 2 4 3 1224 279040
Rx 0.206687 2 6 3 169 283200
Rx 0.206883 2 2 3 391 279040
Rx 0.206887 2 4 3 891 283200
Rx 0.206983 2 2 3 169 579040
Rx 0.206987 2 6 3 391 283200
Rx 0.206996 2 4 3 225 291520
Rx 0.207096 2 6 3 280 291520
Rx 0.207192 2 4 3 447 287360
Rx 0.207283 2 2 3 169 579040
Rx 0.207292 2 4 3 391 287360
Rx 0.207296 2 6 3 391 291520
Rx 0.207396 2 6 3 169 291520
Rx 0.207483 2 2 3 502 579040
Rx 0.207492 2 4 3 447 287360
Rx 0.207496 2 6 3 2 0
Rx 0.207583 2 2 3 225 579040
Rx 0.207592 2 4 3 391 287360
Rx 0.207596 2 6 3 391 291520
Rx 0.207696 2 6 3 225 291520
Rx 0.207783 2 2 3 169 579040
Rx 0.207792 2 4 3 2 0
Rx 0.207792 2 4 3 891 287360
Rx 0.207887 2 2 3 2 0
Rx 0.207896 2 4 3 391 291520
Rx 0.207996 2 6 3 391 291520
Rx 0.208079 2 2 3 669 574880
Rx 0.208087 2 4 3 891 283200
Rx 0.208092 2 6 3 169 287360
Rx 0.208187 2 2 3 169 583200
Rx 0.208196 2 4 3 391 291520
Rx 0.208296 2 6 3 502 291520
Rx 0.208383 2 2 3 447 579040
Rx 0.208387 2 4 3 114 283200
Rx 0.208492 2 2 3 225 587360
Rx 0.208496 2 6 3 2 0
Rx 0.208587 2 6 3 764 283200
Rx 0.208692 2 2 3 280 587360
Rx 0.208696 2 4 3 613 291520
Rx 0.208783 2 6 3 242 279040
Rx 0.208792 2 2 3 1057 287360
Rx 0.208883 2 2 3 2 0
Rx 0.208887 2 4 3 2 0
Rx 0.208887 2 4 3 946 283200
Rx 0.208896 2 2 3 169 291520
Rx 0.208983 2 4 3 391 279040
Rx 0.208987 2 2 3 225 283200
Rx 0.209083 2 6 3 558 279040
Rx 0.209087 2 2 3 225 283200
Rx 0.209192 2 4 3 835 287360
Rx 0.209271 2 4 3 391 266560
Rx 0.209275 2 6 3 336 270720
Rx 0.209396 2 6 3 169 291520
Rx 0.209496 2 4 3 391 291520
Rx 0.209596 2 6 3 2 0
Rx 0.209596 2 6 3 558 291520
Rx 0.209696 2 6 3 280 291520
Rx 0.209787 2 2 3 2 0
Rx 0.209787 2 2 3 1279 283200
Rx 0.209792 2 4 3 58 287360
Rx 0.209896 2 6 3 280 291520
Rx 0.209987 2 6 3 280 283200
Rx 0.209996 2 2 3 669 291520
Rx 0.210096 2 2 3 280 291520
Rx 0.210187 2 2 3 391 283200
Rx 0.210192 2 6 3 558 287360
Rx 0.210287 2 2 3 225 283200
Rx 0.210292 2 6 3 225 287360
Rx 0.210387 2 6 3 391 283200
Rx 0.210496 2 4 3 2 0
Rx 0.210496 2 4 3 58 291520
Rx 0.210587 2 6 3 2 0
Rx 0.210592 2 2 3 558 287360
Rx 0.210687 2 6 3 764 283200
Rx 0.210692 2 2 3 169 287360
Rx 0.210796 2 4 3 835 291520
Rx 0.210892 2 6 3 187 287360
Rx 0.210896 2 2 3 2 0
Rx 0.210896 2 2 3 391 291520
Rx 0.210983 2 6 3 169 279040
Rx 0.210987 2 2 3 169 283200
Rx 0.210992 2 4 3 1002 287360
Rx 0.211096 2 4 3 447 291520
Rx 0.211187 2 6 3 391 283200
Rx 0.211192 2 2 3 391 287360
Rx 0.211283 2 6 3 169 279040
Rx 0.211287 2 2 3 169 283200
Rx 0.211292 2 4 3 835 287360
Rx 0.211392 2 4 3 502 287360
Rx 0.211492 2 6 3 391 287360
Rx 0.211496 2 2 3 169 291520
Rx 0.211575 2 6 3 2 0
Rx 0.211579 2 2 3 225 274880
Rx 0.211583 2 4 3 2 0
Rx 0.211583 2 4 3 891 279040
Rx 0.211787 2 6 3 336 283200
Rx 0.211792 2 2 3 280 287360
Rx 0.211887 2 2 3 2 0
Rx 0.211892 2 3 3 2 0
Rx 0.211983 2 3 3 45 279040
Rx 0.211987 2 4 3 1002 283200
Rx 0.212087 2 6 3 447 283200
Rx 0.212092 2 2 3 447 287360
Rx 0.212179 2 2 3 225 274880
Rx 0.212187 2 3 3 17 283200
Rx 0.212192 2 4 3 946 287360
Rx 0.212283 2 6 3 391 279040
Rx 0.212287 2 4 3 447 283200
Rx 0.212379 2 6 3 169 274880
Rx 0.212383 2 2 3 169 279040
Rx 0.212492 2 4 3 780 287360
Rx 0.212592 2 6 3 2 0
Rx 0.212596 2 4 3 2 0
Rx 0.212692 2 6 3 447 287360
Rx 0.212696 2 2 3 447 291520
Rx 0.212796 2 4 3 724 291520
Rx 0.212887 2 1 3 2 0
Rx 0.212892 2 2 3 2 0
