Tx 0.007 1 1 0 12 
Tx 0.008 1 2 0 12 
Tx 0.009 1 3 0 12 
Rx 0.01 1 1 0 12 2999999
Tx 0.01 1 4 0 12 
Rx 0.011 1 2 0 12 2999999
Tx 0.011 1 5 0 12 
Rx 0.012 1 3 0 12 2999999
Tx 0.012 1 6 0 12 
Rx 0.013 1 4 0 12 2999999
Rx 0.014 1 5 0 12 2999999
Rx 0.015 1 6 0 12 2999999
Tx 0.022 1 1 0 3 
Tx 0.023 1 2 0 3 
Tx 0.024 1 3 0 3 
Rx 0.025 1 1 0 3 2999999
Tx 0.025 1 4 0 3 
Rx 0.026 1 2 0 3 2999999
Tx 0.026 1 5 0 3 
Rx 0.027 1 3 0 3 2999999
Tx 0.027 1 6 0 3 
Rx 0.028 1 4 0 3 2999999
Tx 0.0284 2 1 0 12 
Tx 0.0284 2 2 0 12 
Tx 0.0284 2 3 0 12 
Rx 0.0287083 2 1 0 12 308319
Rx 0.0287125 2 2 0 12 312479
Rx 0.0287166 2 3 0 12 316639
Rx 0.029 1 5 0 3 2999999
Rx 0.03 1 6 0 3 2999999
Tx 0.0334 2 4 0 12 
Tx 0.0334 2 5 0 12 
Tx 0.0334 2 6 0 12 
Rx 0.0337083 2 4 0 12 308319
Rx 0.0337125 2 5 0 12 312479
Rx 0.0337166 2 6 0 12 316639
Tx 0.037 1 1 1 43 
Tx 0.038 1 2 1 43 
Tx 0.039 1 3 1 43 
Tx 0.04 1 4 1 43 
Tx 0.041 1 5 1 43 
Tx 0.042 1 6 1 43 
Tx 0.063 1 3 1 19 
Tx 0.063 1 3 1 19 
Tx 0.067 1 1 1 19 
Tx 0.067 1 1 1 19 
Tx 0.068 1 2 1 19 
Tx 0.068 1 2 1 19 
Tx 0.07 1 4 1 19 
Tx 0.07 1 4 1 19 
Tx 0.071 1 5 1 19 
Tx 0.071 1 5 1 19 
Tx 0.072 1 6 1 19 
Tx 0.072 1 6 1 19 
Tx 0.1021 2 4 3 62 
Tx 0.107 2 4 3 1514 
Tx 0.1119 2 4 3 2914 
Tx 0.1168 2 4 3 5825 
Tx 0.1217 2 4 3 11646 
Tx 0.1221 2 2 3 62 
Tx 0.1226 2 4 3 5 
Tx 0.1266 2 4 3 20370 
Tx 0.127 2 2 3 1514 
Tx 0.1275 2 4 3 2925 
Tx 0.1301 2 1 3 62 
Tx 0.1315 2 4 3 37818 
Tx 0.1323 2 2 3 2914 
Tx 0.1324 2 4 3 8765 
Tx 0.1364 2 4 3 39184 
Tx 0.1365 2 4 3 33533 
Tx 0.1372 2 2 3 5825 
Tx 0.1373 2 4 3 20435 
Tx 0.1393 2 4 3 15 
Tx 0.1413 2 4 3 39176 
Tx 0.1414 2 4 3 39184 
Tx 0.1415 2 4 3 39184 
Tx 0.1416 2 4 3 25011 
Tx 0.1421 2 6 3 62 
Tx 0.1422 2 4 3 39184 
Tx 0.1428 2 2 3 11646 
Tx 0.1437 2 2 3 5 
Tx 0.1442 2 4 3 4590 
Tx 0.1462 2 4 3 37397 
Tx 0.1463 2 4 3 39184 
Tx 0.1464 2 4 3 39184 
Tx 0.1465 2 4 3 28243 
Tx 0.147 2 6 3 1514 
Tx 0.1471 2 4 3 39184 
Tx 0.1477 2 2 3 17032 
Tx 0.1478 2 2 3 3341 
Tx 0.1486 2 2 3 2926 
Tx 0.1491 2 4 3 11868 
Tx 0.1501 2 5 3 62 
Tx 0.1511 2 4 3 37397 
Tx 0.1512 2 4 3 39184 
Tx 0.1513 2 4 3 39184 
Tx 0.1514 2 4 3 34104 
Tx 0.1519 2 6 3 2914 
Tx 0.152 2 4 3 39184 
Tx 0.1526 2 2 3 17032 
Tx 0.1527 2 2 3 17032 
Tx 0.1528 2 2 3 3760 
Tx 0.1535 2 2 3 8767 
Tx 0.154 2 4 3 14740 
Tx 0.156 2 4 3 37397 
Tx 0.1561 2 4 3 39184 
Tx 0.1562 2 4 3 39184 
Tx 0.1563 2 4 3 39184 
Tx 0.1564 2 4 3 2196 
Tx 0.1568 2 6 3 5825 
Tx 0.1569 2 4 3 37405 
Tx 0.1575 2 2 3 17032 
Tx 0.1576 2 2 3 17032 
Tx 0.1577 2 2 3 16257 
Tx 0.1578 2 2 3 17032 
Tx 0.1579 2 2 3 5391 
Tx 0.1584 2 2 3 13617 
Tx 0.1585 2 2 3 6805 
Tx 0.1589 2 4 3 19434 
Tx 0.1604 2 2 3 18 
Tx 0.1609 2 4 3 37397 
Tx 0.161 2 4 3 39184 
Tx 0.1611 2 4 3 39184 
Tx 0.1612 2 4 3 39184 
Tx 0.1613 2 4 3 9471 
Tx 0.1617 2 6 3 11646 
Tx 0.1618 2 4 3 37405 
Tx 0.1624 2 2 3 17024 
Tx 0.1625 2 2 3 17032 
Tx 0.1626 2 2 3 16257 
Tx 0.1626 2 6 3 5 
Tx 0.1627 2 2 3 17032 
Tx 0.1628 2 2 3 17032 
Tx 0.1629 2 2 3 14542 
Tx 0.1631 2 2 3 13933 
Tx 0.1632 2 2 3 13933 
Tx 0.1633 2 2 3 13933 
Tx 0.1634 2 2 3 13933 
Tx 0.1635 2 2 3 16257 
Tx 0.1636 2 2 3 12532 
Tx 0.1638 2 4 3 22349 
Tx 0.1653 2 2 3 2917 
Tx 0.1658 2 4 3 37397 
Tx 0.1659 2 4 3 39184 
Tx 0.166 2 4 3 39184 
Tx 0.1661 2 4 3 39184 
Tx 0.1662 2 4 3 18198 
Tx 0.1666 2 6 3 14708 
Tx 0.1667 2 4 3 23151 
Tx 0.1667 2 6 3 5665 
Tx 0.1675 2 6 3 2926 
Tx 0.1676 2 2 3 17024 
Tx 0.1677 2 2 3 17032 
Tx 0.1678 2 2 3 17032 
Tx 0.1679 2 2 3 17032 
Tx 0.168 2 2 3 15483 
Tx 0.1681 2 2 3 16257 
Tx 0.1682 2 2 3 15483 
Tx 0.1683 2 2 3 15483 
Tx 0.1684 2 2 3 16257 
Tx 0.1685 2 2 3 17032 
Tx 0.1687 2 2 3 6962 
Tx 0.1687 2 4 3 19581 
Tx 0.1688 2 2 3 8511 
Tx 0.1688 2 4 3 19589 
Tx 0.1689 2 2 3 14708 
Tx 0.1689 2 4 3 339 
Tx 0.169 2 2 3 16257 
Tx 0.1691 2 2 3 17032 
Tx 0.1692 2 2 3 15483 
Tx 0.1693 2 2 3 14708 
Tx 0.1694 2 2 3 16257 
Tx 0.1695 2 2 3 12384 
Tx 0.1697 2 2 3 17032 
Tx 0.1698 2 2 3 5237 
Tx 0.1701 2 3 3 62 
Tx 0.1702 2 2 3 16257 
Tx 0.1703 2 2 3 15483 
Tx 0.1704 2 2 3 17032 
Tx 0.1705 2 2 3 15214 
Tx 0.1707 2 2 3 44 
Tx 0.1707 2 4 3 35614 
Tx 0.1708 2 4 3 35622 
Tx 0.1709 2 4 3 33840 
Tx 0.171 2 4 3 16027 
Tx 0.171 2 1 3 460 
Tx 0.1711 2 4 3 19589 
Tx 0.1711 2 1 3 512 
Tx 0.1712 2 1 3 550 
Tx 0.1712 2 4 3 17806 
Tx 0.1713 2 4 3 23395 
Tx 0.1715 2 6 3 15483 
Tx 0.1716 2 4 3 19589 
Tx 0.1716 2 6 3 7737 
Tx 0.1717 2 6 3 12384 
Tx 0.1718 2 6 3 2223 
Tx 0.1724 2 6 3 36 
Tx 0.1724 2 2 3 8736 
Tx 0.1725 2 6 3 8511 
Tx 0.1725 2 2 3 8511 
Tx 0.1726 2 6 3 229 
Tx 0.1726 2 2 3 16257 
Tx 0.1727 2 2 3 13625 
Tx 0.1731 2 2 3 13003 
Tx 0.1732 2 2 3 13003 
Tx 0.1733 2 2 3 13003 
Tx 0.1734 2 2 3 16257 
Tx 0.1735 2 2 3 15483 
Tx 0.1736 2 2 3 13925 
Tx 0.1736 2 4 3 3816 
Tx 0.1737 2 4 3 19589 
Tx 0.1737 2 2 3 7737 
Tx 0.1738 2 2 3 8511 
Tx 0.1738 2 4 3 19589 
Tx 0.1739 2 2 3 13933 
Tx 0.1739 2 4 3 3008 
Tx 0.174 2 2 3 15483 
Tx 0.1741 2 2 3 16257 
Tx 0.1742 2 2 3 16257 
Tx 0.1743 2 2 3 13159 
Tx 0.1744 2 2 3 16257 
Tx 0.1745 2 2 3 15483 
Tx 0.1747 2 2 3 11610 
Tx 0.1747 2 4 3 39 
Tx 0.1748 2 2 3 14708 
Tx 0.1749 2 2 3 17032 
Tx 0.175 2 2 3 16257 
Tx 0.1751 2 2 3 15483 
Tx 0.1752 2 2 3 16257 
Tx 0.1753 2 2 3 16257 
Tx 0.1754 2 2 3 16257 
Tx 0.1755 2 2 3 15483 
Tx 0.1756 2 4 3 4369 
Tx 0.1757 2 4 3 19589 
Tx 0.1757 2 2 3 7737 
Tx 0.1758 2 2 3 8511 
Tx 0.1758 2 4 3 19589 
Tx 0.1759 2 2 3 6962 
Tx 0.1759 2 4 3 21371 
Tx 0.176 2 2 3 8511 
Tx 0.176 2 4 3 19589 
Tx 0.1761 2 2 3 8511 
Tx 0.1761 2 4 3 17806 
Tx 0.1762 2 4 3 19589 
Tx 0.1762 2 2 3 7737 
Tx 0.1763 2 2 3 7737 
Tx 0.1763 2 4 3 17806 
Tx 0.1764 2 2 3 4638 
Tx 0.1764 2 4 3 10682 
Tx 0.1764 2 6 3 5413 
Tx 0.1765 2 2 3 4638 
Tx 0.1765 2 4 3 10674 
Tx 0.1765 2 6 3 4638 
Tx 0.1766 2 4 3 12462 
Tx 0.1766 2 6 3 5413 
Tx 0.1767 2 6 3 4638 
Tx 0.1767 2 2 3 4638 
Tx 0.1767 2 4 3 10682 
Tx 0.1768 2 6 3 4638 
Tx 0.1768 2 2 3 4638 
Tx 0.1768 2 4 3 10682 
Tx 0.1769 2 6 3 4638 
Tx 0.1769 2 2 3 4638 
Tx 0.1769 2 4 3 10682 
Tx 0.177 2 6 3 4638 
Tx 0.177 2 2 3 4638 
Tx 0.177 2 4 3 6930 
Tx 0.1771 2 6 3 6962 
Tx 0.1771 2 2 3 6962 
Tx 0.1772 2 6 3 6962 
Tx 0.1772 2 2 3 7737 
Tx 0.1773 2 6 3 6954 
Tx 0.1773 2 2 3 6962 
Tx 0.1774 2 6 3 6962 
Tx 0.1774 2 2 3 6962 
Tx 0.1775 2 6 3 6962 
Tx 0.1775 2 2 3 9286 
Tx 0.1776 2 6 3 6962 
Tx 0.1776 2 4 3 66 
Tx 0.1777 2 6 3 6962 
Tx 0.1777 2 2 3 7737 
Tx 0.1778 2 6 3 6962 
Tx 0.1778 2 2 3 9286 
Tx 0.1779 2 6 3 3469 
Tx 0.1779 2 2 3 7737 
Tx 0.178 2 2 3 15483 
Tx 0.1781 2 2 3 15483 
Tx 0.1782 2 2 3 15483 
Tx 0.1783 2 2 3 15483 
Tx 0.1784 2 6 3 51 
Tx 0.1784 2 2 3 16257 
Tx 0.1785 2 2 3 13933 
Tx 0.1785 2 4 3 4369 
Tx 0.1787 2 4 3 19589 
Tx 0.1787 2 2 3 8511 
Tx 0.1788 2 4 3 17806 
Tx 0.1788 2 2 3 7737 
Tx 0.1789 2 4 3 4812 
Tx 0.1789 2 2 3 12384 
Tx 0.179 2 2 3 16257 
Tx 0.1791 2 2 3 17032 
Tx 0.1792 2 2 3 15483 
Tx 0.1793 2 2 3 16257 
Tx 0.1794 2 2 3 15483 
Tx 0.1795 2 2 3 15483 
Tx 0.1797 2 2 3 16257 
Tx 0.1798 2 2 3 16257 
Tx 0.1799 2 2 3 17032 
Tx 0.18 2 2 3 16257 
Tx 0.1801 2 2 3 16257 
Tx 0.1802 2 2 3 17032 
Tx 0.1803 2 2 3 16257 
Tx 0.1804 2 2 3 15483 
Tx 0.1805 2 2 3 13933 
Tx 0.1805 2 4 3 4385 
Tx 0.1806 2 4 3 17806 
Tx 0.1807 2 4 3 19589 
Tx 0.1807 2 2 3 7737 
Tx 0.1808 2 2 3 6962 
Tx 0.1808 2 4 3 19589 
Tx 0.1809 2 2 3 6962 
Tx 0.1809 2 4 3 17806 
Tx 0.181 2 2 3 8511 
Tx 0.181 2 4 3 17806 
Tx 0.1811 2 4 3 16027 
Tx 0.1811 2 2 3 9286 
Tx 0.1812 2 4 3 16027 
Tx 0.1812 2 2 3 7737 
Tx 0.1813 2 4 3 12462 
Tx 0.1813 2 6 3 5413 
Tx 0.1813 2 2 3 5413 
Tx 0.1814 2 6 3 4638 
Tx 0.1814 2 2 3 4638 
Tx 0.1814 2 4 3 10682 
Tx 0.1815 2 6 3 4638 
Tx 0.1815 2 2 3 4638 
Tx 0.1816 2 6 3 5413 
Tx 0.1816 2 4 3 12462 
Tx 0.1817 2 6 3 4638 
Tx 0.1817 2 2 3 4638 
Tx 0.1817 2 4 3 10682 
Tx 0.1818 2 6 3 4638 
Tx 0.1818 2 2 3 4638 
Tx 0.1818 2 4 3 10682 
Tx 0.1819 2 6 3 5413 
Tx 0.1819 2 2 3 5413 
Tx 0.1819 2 4 3 12462 
Tx 0.182 2 2 3 4638 
Tx 0.182 2 4 3 10682 
Tx 0.182 2 6 3 4638 
Tx 0.1821 2 2 3 4638 
Tx 0.1821 2 4 3 7754 
Tx 0.1821 2 6 3 4638 
Tx 0.1822 2 2 3 8511 
Tx 0.1822 2 6 3 7729 
Tx 0.1823 2 6 3 6962 
Tx 0.1823 2 2 3 6962 
Tx 0.1824 2 6 3 6962 
Tx 0.1824 2 2 3 6962 
Tx 0.1825 2 6 3 6962 
Tx 0.1825 2 2 3 7428 
Tx 0.1826 2 6 3 2314 
Tx 0.1826 2 4 3 5330 
Tx 0.1827 2 6 3 6962 
Tx 0.1827 2 2 3 6179 
Tx 0.1827 2 4 3 3458 
Tx 0.1828 2 6 3 6187 
Tx 0.1829 2 2 3 6809 
Tx 0.1829 2 6 3 7737 
Tx 0.183 2 6 3 6962 
Tx 0.183 2 2 3 5568 
Tx 0.1831 2 6 3 6962 
Tx 0.1831 2 2 3 6187 
Tx 0.1832 2 2 3 5568 
Tx 0.1833 2 6 3 8511 
Tx 0.1833 2 2 3 6187 
Tx 0.1834 2 2 3 4949 
Tx 0.1834 2 4 3 4373 
Tx 0.1834 2 6 3 6187 
Tx 0.1835 2 2 3 3711 
Tx 0.1835 2 4 3 10682 
Tx 0.1835 2 6 3 4638 
Tx 0.1836 2 2 3 5413 
Tx 0.1836 2 6 3 6187 
Tx 0.1837 2 4 3 12462 
Tx 0.1837 2 6 3 5413 
Tx 0.1838 2 2 3 4638 
Tx 0.1838 2 4 3 10682 
Tx 0.1838 2 6 3 4638 
Tx 0.1839 2 2 3 4638 
Tx 0.1839 2 4 3 8375 
Tx 0.1839 2 6 3 5413 
Tx 0.184 2 2 3 6962 
Tx 0.184 2 6 3 7737 
Tx 0.1841 2 2 3 6962 
Tx 0.1841 2 6 3 9286 
Tx 0.1842 2 2 3 6962 
Tx 0.1843 2 2 3 13933 
Tx 0.1843 2 6 3 888 
Tx 0.1844 2 2 3 16257 
Tx 0.1845 2 2 3 15483 
Tx 0.1846 2 2 3 17032 
Tx 0.1847 2 6 3 9286 
Tx 0.1848 2 2 3 10835 
Tx 0.1848 2 6 3 5528 
Tx 0.1849 2 6 3 2922 
Tx 0.1849 2 2 3 12384 
Tx 0.185 2 2 3 15483 
Tx 0.1851 2 2 3 14708 
Tx 0.1852 2 2 3 15483 
Tx 0.1853 2 2 3 14708 
Tx 0.1854 2 2 3 13933 
Tx 0.1854 2 4 3 4395 
Tx 0.1855 2 4 3 19589 
Tx 0.1855 2 2 3 7737 
Tx 0.1856 2 2 3 6962 
Tx 0.1856 2 4 3 17806 
Tx 0.1857 2 4 3 19589 
Tx 0.1858 2 2 3 6962 
Tx 0.1858 2 4 3 21371 
Tx 0.1859 2 2 3 8511 
Tx 0.1859 2 4 3 17806 
Tx 0.186 2 4 3 16027 
Tx 0.186 2 2 3 7737 
Tx 0.1861 2 4 3 16027 
Tx 0.1861 2 2 3 7737 
Tx 0.1862 2 4 3 12462 
Tx 0.1862 2 6 3 5413 
Tx 0.1862 2 2 3 5413 
Tx 0.1863 2 6 3 5413 
Tx 0.1863 2 2 3 5413 
Tx 0.1863 2 4 3 12462 
Tx 0.1864 2 6 3 6187 
Tx 0.1864 2 2 3 6187 
Tx 0.1865 2 4 3 12462 
Tx 0.1865 2 6 3 5413 
Tx 0.1865 2 2 3 5413 
Tx 0.1866 2 6 3 4638 
Tx 0.1866 2 2 3 4638 
Tx 0.1866 2 4 3 10682 
Tx 0.1867 2 6 3 4638 
Tx 0.1867 2 4 3 12462 
Tx 0.1868 2 6 3 4638 
Tx 0.1868 2 2 3 4638 
Tx 0.1868 2 4 3 10682 
Tx 0.1869 2 6 3 4638 
Tx 0.1869 2 2 3 4638 
Tx 0.1869 2 4 3 10682 
Tx 0.187 2 6 3 4638 
Tx 0.187 2 2 3 4638 
Tx 0.187 2 4 3 12462 
Tx 0.1871 2 6 3 6954 
Tx 0.1871 2 2 3 6962 
Tx 0.1871 2 4 3 1624 
Tx 0.1872 2 6 3 6962 
Tx 0.1872 2 2 3 6962 
Tx 0.1873 2 6 3 6962 
Tx 0.1873 2 2 3 7737 
Tx 0.1874 2 6 3 6962 
Tx 0.1874 2 2 3 7737 
Tx 0.1875 2 6 3 4638 
Tx 0.1875 2 2 3 4638 
Tx 0.1875 2 4 3 8755 
Tx 0.1876 2 6 3 6962 
Tx 0.1876 2 2 3 7737 
Tx 0.1877 2 6 3 6962 
Tx 0.1878 2 6 3 6962 
Tx 0.1878 2 2 3 7737 
Tx 0.1879 2 6 3 6962 
Tx 0.1879 2 2 3 7737 
Tx 0.188 2 6 3 6962 
Tx 0.188 2 2 3 7737 
Tx 0.1881 2 2 3 7737 
Tx 0.1882 2 6 3 6962 
Tx 0.1882 2 2 3 7737 
Tx 0.1883 2 6 3 5413 
Tx 0.1883 2 2 3 5413 
Tx 0.1883 2 4 3 12462 
Tx 0.1884 2 2 3 4638 
Tx 0.1884 2 4 3 10682 
Tx 0.1884 2 6 3 4638 
Tx 0.1885 2 2 3 5413 
Tx 0.1885 2 6 3 6962 
Tx 0.1886 2 2 3 5413 
Tx 0.1886 2 4 3 12462 
Tx 0.1886 2 6 3 5413 
Tx 0.1887 2 4 3 10682 
Tx 0.1887 2 6 3 4638 
Tx 0.1888 2 2 3 6187 
Tx 0.1888 2 4 3 1760 
Tx 0.1888 2 6 3 8511 
Tx 0.1889 2 2 3 6962 
Tx 0.1889 2 6 3 7737 
Tx 0.189 2 2 3 6962 
Tx 0.189 2 6 3 9286 
Tx 0.1891 2 2 3 6962 
Tx 0.1892 2 2 3 6962 
Tx 0.1892 2 6 3 7737 
Tx 0.1893 2 2 3 6962 
Tx 0.1893 2 6 3 9286 
Tx 0.1894 2 2 3 8511 
Tx 0.1894 2 6 3 7737 
Tx 0.1895 2 6 3 6962 
Tx 0.1895 2 2 3 7737 
Tx 0.1896 2 6 3 8511 
Tx 0.1896 2 2 3 7737 
Tx 0.1897 2 6 3 7737 
Tx 0.1898 2 6 3 8511 
Tx 0.1898 2 2 3 7737 
Tx 0.1899 2 2 3 6962 
Tx 0.1899 2 6 3 7737 
Tx 0.19 2 2 3 7737 
Tx 0.19 2 6 3 7737 
Tx 0.1901 2 2 3 6962 
Tx 0.1902 2 2 3 8511 
Tx 0.1902 2 6 3 7737 
Tx 0.1903 2 6 3 6187 
Tx 0.1903 2 2 3 6187 
Tx 0.1903 2 4 3 4375 
Tx 0.1904 2 6 3 5413 
Tx 0.1904 2 2 3 5413 
Tx 0.1904 2 4 3 12462 
Tx 0.1905 2 4 3 12462 
Tx 0.1905 2 6 3 5413 
Tx 0.1905 2 2 3 5413 
Tx 0.1906 2 2 3 5413 
Tx 0.1906 2 4 3 12462 
Tx 0.1906 2 6 3 5413 
Tx 0.1907 2 4 3 10682 
Tx 0.1907 2 6 3 4638 
Tx 0.1908 2 4 3 10682 
Tx 0.1908 2 6 3 4638 
Tx 0.1908 2 2 3 4638 
Tx 0.1909 2 4 3 10682 
Tx 0.1909 2 6 3 4638 
Tx 0.1909 2 2 3 4638 
Tx 0.191 2 4 3 8900 
Tx 0.191 2 5 3 253 
Tx 0.191 2 6 3 3864 
Tx 0.191 2 2 3 3864 
Tx 0.1911 2 4 3 8900 
Tx 0.1911 2 5 3 253 
Tx 0.1911 2 2 3 3864 
Tx 0.1912 2 4 3 7117 
Tx 0.1912 2 5 3 201 
Tx 0.1912 2 6 3 3089 
Tx 0.1912 2 2 3 3089 
Tx 0.1913 2 5 3 819 
Tx 0.1913 2 6 3 4638 
Tx 0.1913 2 2 3 4638 
Tx 0.1914 2 4 3 10682 
Tx 0.1914 2 6 3 4638 
Tx 0.1914 2 2 3 5413 
Tx 0.1915 2 4 3 10682 
Tx 0.1915 2 6 3 4638 
Tx 0.1915 2 2 3 4638 
Tx 0.1916 2 4 3 10682 
Tx 0.1916 2 6 3 4638 
Tx 0.1916 2 2 3 4638 
Tx 0.1917 2 4 3 10682 
Tx 0.1917 2 6 3 4638 
Tx 0.1918 2 4 3 10682 
Tx 0.1918 2 6 3 4638 
Tx 0.1918 2 2 3 4638 
Tx 0.1919 2 4 3 10682 
Tx 0.1919 2 6 3 4638 
Tx 0.1919 2 2 3 4638 
Tx 0.192 2 4 3 10682 
Tx 0.192 2 6 3 4638 
Tx 0.192 2 2 3 4638 
Tx 0.1921 2 4 3 10682 
Tx 0.1921 2 2 3 4638 
Tx 0.1922 2 4 3 10682 
Tx 0.1922 2 6 3 4638 
Tx 0.1922 2 2 3 4638 
Tx 0.1923 2 6 3 4638 
Tx 0.1923 2 2 3 5413 
Tx 0.1924 2 4 3 10682 
Tx 0.1924 2 6 3 4638 
Tx 0.1924 2 2 3 4638 
Tx 0.1925 2 4 3 10682 
Tx 0.1925 2 6 3 4638 
Tx 0.1925 2 2 3 4638 
Tx 0.1926 2 4 3 10682 
Tx 0.1926 2 6 3 4638 
Tx 0.1926 2 2 3 5413 
Tx 0.1927 2 4 3 2582 
Tx 0.1927 2 6 3 6962 
Tx 0.1928 2 2 3 6962 
Tx 0.1928 2 6 3 7737 
Tx 0.1929 2 2 3 6962 
Tx 0.1929 2 6 3 7737 
Tx 0.193 2 2 3 6962 
Tx 0.193 2 6 3 9286 
Tx 0.1931 2 2 3 6962 
Tx 0.1932 2 2 3 4638 
Tx 0.1932 2 4 3 10682 
Tx 0.1932 2 6 3 4638 
Tx 0.1933 2 2 3 4638 
Tx 0.1933 2 6 3 5413 
Tx 0.1934 2 2 3 5413 
Tx 0.1934 2 4 3 12462 
Tx 0.1934 2 6 3 5413 
Tx 0.1935 2 2 3 4638 
Tx 0.1935 2 4 3 10682 
Tx 0.1935 2 6 3 4638 
Tx 0.1936 2 2 3 5413 
Tx 0.1936 2 4 3 12462 
Tx 0.1936 2 6 3 5413 
Tx 0.1937 2 4 3 10682 
Tx 0.1937 2 6 3 4638 
Tx 0.1938 2 4 3 10682 
Tx 0.1938 2 6 3 4638 
Tx 0.1938 2 2 3 4638 
Tx 0.1939 2 4 3 2779 
Tx 0.1939 2 6 3 6187 
Tx 0.1939 2 2 3 6187 
Tx 0.194 2 6 3 6962 
Tx 0.194 2 2 3 7737 
Tx 0.1941 2 2 3 8511 
Tx 0.1942 2 6 3 6962 
Tx 0.1942 2 2 3 6962 
Tx 0.1943 2 6 3 6962 
Tx 0.1943 2 2 3 6962 
Tx 0.1944 2 6 3 6962 
Tx 0.1944 2 2 3 7737 
Tx 0.1944 2 4 3 48 
Tx 0.1945 2 6 3 8511 
Tx 0.1945 2 2 3 7737 
Tx 0.1946 2 2 3 6962 
Tx 0.1946 2 6 3 7737 
Tx 0.1947 2 6 3 7737 
Tx 0.1948 2 6 3 8511 
Tx 0.1948 2 2 3 7737 
Tx 0.1949 2 2 3 6962 
Tx 0.1949 2 6 3 7737 
Tx 0.195 2 2 3 6962 
Tx 0.195 2 6 3 7737 
Tx 0.1951 2 2 3 6962 
Tx 0.1952 2 2 3 5413 
Tx 0.1952 2 4 3 12462 
Tx 0.1952 2 6 3 5413 
Tx 0.1953 2 2 3 4638 
Tx 0.1953 2 4 3 10682 
Tx 0.1953 2 6 3 4638 
Tx 0.1954 2 2 3 5413 
Tx 0.1954 2 6 3 5413 
Tx 0.1955 2 4 3 12462 
Tx 0.1955 2 6 3 5413 
Tx 0.1955 2 2 3 5413 
Tx 0.1956 2 2 3 5413 
Tx 0.1956 2 4 3 12462 
Tx 0.1956 2 6 3 5413 
Tx 0.1957 2 4 3 10682 
Tx 0.1957 2 6 3 4638 
Tx 0.1958 2 4 3 10682 
Tx 0.1958 2 6 3 4638 
Tx 0.1958 2 2 3 4638 
Tx 0.1959 2 4 3 10682 
Tx 0.1959 2 6 3 4638 
Tx 0.1959 2 2 3 4638 
Tx 0.196 2 4 3 10682 
Tx 0.196 2 6 3 4638 
Tx 0.196 2 2 3 4638 
Tx 0.1961 2 4 3 10682 
Tx 0.1961 2 2 3 5413 
Tx 0.1962 2 4 3 10682 
Tx 0.1962 2 6 3 4638 
Tx 0.1962 2 2 3 4638 
Tx 0.1963 2 4 3 4308 
Tx 0.1963 2 6 3 6187 
Tx 0.1963 2 2 3 6187 
Tx 0.1964 2 6 3 4638 
Tx 0.1964 2 2 3 5413 
Tx 0.1965 2 4 3 10682 
Tx 0.1965 2 6 3 4638 
Tx 0.1965 2 2 3 4638 
Tx 0.1966 2 4 3 10682 
Tx 0.1966 2 6 3 4638 
Tx 0.1966 2 2 3 4638 
Tx 0.1967 2 4 3 10682 
Tx 0.1967 2 6 3 4638 
Tx 0.1968 2 4 3 12462 
Tx 0.1968 2 6 3 5413 
Tx 0.1968 2 2 3 5413 
Tx 0.1969 2 4 3 10682 
Tx 0.1969 2 6 3 4638 
Tx 0.1969 2 2 3 4638 
Tx 0.197 2 4 3 10682 
Tx 0.197 2 6 3 4638 
Tx 0.197 2 2 3 5413 
Tx 0.1971 2 4 3 12462 
Tx 0.1971 2 2 3 5413 
Tx 0.1972 2 4 3 10477 
Tx 0.1972 2 6 3 4638 
Tx 0.1972 2 2 3 5413 
Tx 0.1973 2 4 3 10682 
Tx 0.1973 2 6 3 4638 
Tx 0.1973 2 2 3 4638 
Tx 0.1974 2 6 3 5413 
Tx 0.1974 2 2 3 5413 
Tx 0.1975 2 4 3 10682 
Tx 0.1975 2 6 3 4638 
Tx 0.1975 2 2 3 5413 
Tx 0.1976 2 4 3 10682 
Tx 0.1976 2 6 3 4638 
Tx 0.1976 2 2 3 4638 
Tx 0.1977 2 4 3 4367 
Tx 0.1977 2 6 3 6962 
Tx 0.1978 2 6 3 6962 
Tx 0.1978 2 2 3 8511 
Tx 0.1979 2 6 3 6962 
Tx 0.1979 2 2 3 7737 
Tx 0.198 2 2 3 6962 
Tx 0.198 2 6 3 9286 
Tx 0.1981 2 2 3 4638 
Tx 0.1981 2 4 3 10682 
Tx 0.1982 2 2 3 4638 
Tx 0.1982 2 4 3 10682 
Tx 0.1982 2 6 3 4638 
Tx 0.1983 2 2 3 6962 
Tx 0.1983 2 4 3 3406 
Tx 0.1983 2 6 3 6962 
Tx 0.1984 2 2 3 6187 
Tx 0.1984 2 6 3 5413 
Tx 0.1985 2 4 3 10682 
Tx 0.1985 2 6 3 4638 
Tx 0.1985 2 2 3 4638 
Tx 0.1986 2 4 3 10682 
Tx 0.1986 2 6 3 4638 
Tx 0.1986 2 2 3 4638 
Tx 0.1987 2 4 3 12462 
Tx 0.1987 2 6 3 5413 
Tx 0.1988 2 6 3 4638 
Tx 0.1988 2 2 3 4638 
Tx 0.1988 2 4 3 10682 
Tx 0.1989 2 6 3 4638 
Tx 0.1989 2 2 3 4638 
Tx 0.1989 2 4 3 4984 
Tx 0.199 2 6 3 8511 
Tx 0.199 2 2 3 7737 
Tx 0.1991 2 2 3 6962 
Tx 0.1992 2 2 3 6962 
Tx 0.1992 2 6 3 7737 
Tx 0.1993 2 2 3 6962 
Tx 0.1993 2 6 3 9286 
Tx 0.1994 2 2 3 6962 
Tx 0.1994 2 6 3 7737 
Tx 0.1995 2 2 3 6962 
Tx 0.1995 2 4 3 26 
Tx 0.1995 2 6 3 8511 
Tx 0.1996 2 2 3 8511 
Tx 0.1996 2 6 3 8511 
Tx 0.1997 2 6 3 7737 
Tx 0.1998 2 2 3 6962 
Tx 0.1998 2 6 3 7737 
Tx 0.1999 2 2 3 7737 
Tx 0.1999 2 6 3 7737 
Tx 0.2 2 2 3 6962 
Tx 0.2 2 6 3 7737 
Tx 0.2001 2 2 3 5413 
Tx 0.2001 2 4 3 12462 
Tx 0.2002 2 2 3 5413 
Tx 0.2002 2 4 3 12462 
Tx 0.2002 2 6 3 5413 
Tx 0.2003 2 2 3 4638 
Tx 0.2003 2 4 3 10682 
Tx 0.2003 2 6 3 4638 
Tx 0.2004 2 2 3 5413 
Tx 0.2004 2 4 3 12462 
Tx 0.2004 2 6 3 5413 
Tx 0.2005 2 2 3 4638 
Tx 0.2005 2 6 3 5413 
Tx 0.2006 2 2 3 4638 
Tx 0.2006 2 4 3 10682 
Tx 0.2006 2 6 3 5413 
Tx 0.2007 2 4 3 10682 
Tx 0.2007 2 6 3 4638 
Tx 0.2008 2 2 3 4638 
Tx 0.2008 2 4 3 10682 
Tx 0.2008 2 6 3 5413 
Tx 0.2009 2 2 3 4638 
Tx 0.2009 2 4 3 10682 
Tx 0.2009 2 6 3 4638 
Tx 0.201 2 2 3 4638 
Tx 0.201 2 4 3 10682 
Tx 0.201 2 6 3 4638 
Tx 0.2011 2 2 3 4638 
Tx 0.2011 2 4 3 10682 
Tx 0.2012 2 2 3 4638 
Tx 0.2012 2 4 3 10124 
Tx 0.2012 2 6 3 4638 
Tx 0.2013 2 2 3 6962 
Tx 0.2013 2 6 3 7737 
Tx 0.2014 2 2 3 4638 
Tx 0.2014 2 4 3 10682 
Tx 0.2014 2 6 3 5413 
Tx 0.2015 2 2 3 4638 
Tx 0.2015 2 6 3 4638 
Tx 0.2016 2 2 3 4638 
Tx 0.2016 2 4 3 10682 
Tx 0.2016 2 6 3 4638 
Tx 0.2017 2 4 3 12462 
Tx 0.2017 2 6 3 5413 
Tx 0.2018 2 4 3 10682 
Tx 0.2018 2 6 3 4638 
Tx 0.2018 2 2 3 4638 
Tx 0.2019 2 4 3 12462 
Tx 0.2019 2 6 3 5413 
Tx 0.2019 2 2 3 5413 
Tx 0.202 2 2 3 5413 
Tx 0.202 2 4 3 12462 
Tx 0.202 2 6 3 5413 
Tx 0.2021 2 4 3 10682 
Tx 0.2021 2 2 3 5413 
Tx 0.2022 2 4 3 12462 
Tx 0.2022 2 6 3 5413 
Tx 0.2022 2 2 3 5413 
Tx 0.2023 2 2 3 4638 
Tx 0.2023 2 4 3 10682 
Tx 0.2023 2 6 3 4638 
Tx 0.2024 2 2 3 4638 
Tx 0.2024 2 4 3 10682 
Tx 0.2024 2 6 3 4330 
Tx 0.2025 2 2 3 5413 
Tx 0.2025 2 6 3 4330 
Tx 0.2026 2 2 3 3864 
Tx 0.2026 2 4 3 4660 
Tx 0.2027 2 6 3 4330 
Tx 0.2028 2 2 3 8511 
Tx 0.2028 2 6 3 6809 
Tx 0.2029 2 2 3 6962 
Tx 0.2029 2 6 3 6809 
Tx 0.203 2 4 3 10682 
Tx 0.203 2 6 3 3711 
Tx 0.203 2 2 3 4638 
Tx 0.2031 2 4 3 12462 
Tx 0.2031 2 2 3 5413 
Tx 0.2032 2 2 3 4638 
Tx 0.2032 2 4 3 10682 
Tx 0.2032 2 6 3 3711 
Tx 0.2033 2 2 3 4638 
Tx 0.2033 2 4 3 10682 
Tx 0.2033 2 6 3 4638 
Tx 0.2034 2 2 3 5413 
Tx 0.2034 2 4 3 10189 
Tx 0.2034 2 6 3 4330 
Tx 0.2035 2 2 3 4638 
Tx 0.2035 2 6 3 5413 
Tx 0.2036 2 2 3 4638 
Tx 0.2036 2 4 3 10682 
Tx 0.2036 2 6 3 4638 
Tx 0.2037 2 4 3 10682 
Tx 0.2037 2 6 3 4638 
Tx 0.2038 2 2 3 4638 
Tx 0.2038 2 4 3 10682 
Tx 0.2038 2 6 3 5413 
Tx 0.2039 2 2 3 6962 
Tx 0.2039 2 4 3 2885 
Tx 0.2039 2 6 3 6962 
Tx 0.204 2 2 3 6962 
Tx 0.204 2 6 3 7737 
Tx 0.2041 2 2 3 6962 
Tx 0.2042 2 2 3 6962 
Tx 0.2042 2 6 3 7737 
Tx 0.2043 2 2 3 6962 
Tx 0.2043 2 6 3 7737 
Tx 0.2044 2 2 3 6962 
Tx 0.2044 2 6 3 9286 
Tx 0.2045 2 2 3 6962 
Tx 0.2045 2 6 3 7737 
Tx 0.2046 2 2 3 8511 
Tx 0.2046 2 6 3 7737 
Tx 0.2047 2 6 3 7737 
Tx 0.2047 2 4 3 21 
Tx 0.2048 2 2 3 6962 
Tx 0.2048 2 6 3 7737 
Tx 0.2049 2 2 3 8511 
Tx 0.2049 2 6 3 7737 
Tx 0.205 2 6 3 6187 
Tx 0.205 2 2 3 6187 
Tx 0.205 2 4 3 8736 
Tx 0.2051 2 4 3 12462 
Tx 0.2051 2 2 3 5413 
Tx 0.2052 2 2 3 4638 
Tx 0.2052 2 4 3 10682 
Tx 0.2052 2 6 3 4638 
Tx 0.2053 2 2 3 4638 
Tx 0.2053 2 4 3 12462 
Tx 0.2053 2 6 3 5413 
Tx 0.2054 2 2 3 5413 
Tx 0.2054 2 4 3 12462 
Tx 0.2054 2 6 3 5413 
Tx 0.2055 2 2 3 4638 
Tx 0.2055 2 4 3 10682 
Tx 0.2055 2 6 3 5413 
Tx 0.2056 2 2 3 5413 
Tx 0.2056 2 4 3 12462 
Tx 0.2056 2 6 3 5413 
Tx 0.2057 2 6 3 4638 
Tx 0.2058 2 4 3 10682 
Tx 0.2058 2 6 3 4638 
Tx 0.2058 2 2 3 4638 
Tx 0.2059 2 4 3 10682 
Tx 0.2059 2 6 3 4638 
Tx 0.2059 2 2 3 4638 
Tx 0.206 2 4 3 10682 
Tx 0.206 2 6 3 4638 
Tx 0.206 2 2 3 4638 
Tx 0.2061 2 4 3 12462 
Tx 0.2061 2 2 3 5413 
Tx 0.2062 2 2 3 4638 
Tx 0.2062 2 4 3 10682 
Tx 0.2062 2 6 3 4638 
Tx 0.2063 2 2 3 4638 
Tx 0.2063 2 4 3 6091 
Tx 0.2063 2 6 3 5413 
Tx 0.2064 2 2 3 8511 
Tx 0.2064 2 6 3 7737 
Tx 0.2065 2 6 3 4638 
Tx 0.2065 2 2 3 4638 
Tx 0.2065 2 4 3 10682 
Tx 0.2066 2 6 3 4638 
Tx 0.2066 2 2 3 5221 
Tx 0.2066 2 4 3 10682 
Tx 0.2067 2 6 3 5413 
Tx 0.2068 2 2 3 5221 
Tx 0.2068 2 4 3 10682 
Tx 0.2068 2 6 3 5413 
Tx 0.2069 2 2 3 5221 
Tx 0.2069 2 4 3 10682 
Tx 0.2069 2 6 3 4638 
Tx 0.207 2 2 3 6093 
Tx 0.207 2 4 3 12462 
Tx 0.207 2 6 3 5413 
Tx 0.2071 2 2 3 5221 
Tx 0.2071 2 4 3 10682 
Tx 0.2072 2 2 3 5221 
Tx 0.2072 2 4 3 10682 
Tx 0.2072 2 6 3 4638 
Tx 0.2073 2 2 3 6093 
Tx 0.2073 2 4 3 12462 
Tx 0.2073 2 6 3 5413 
Tx 0.2074 2 2 3 5221 
Tx 0.2074 2 4 3 10682 
Tx 0.2074 2 6 3 4638 
Tx 0.2075 2 2 3 5221 
Tx 0.2075 2 4 3 10682 
Tx 0.2075 2 6 3 5413 
Tx 0.2076 2 2 3 7834 
Tx 0.2076 2 4 3 3187 
Tx 0.2076 2 6 3 7737 
Tx 0.2077 2 6 3 6962 
Tx 0.2078 2 2 3 6962 
Tx 0.2078 2 4 3 21 
Tx 0.2078 2 6 3 7737 
Tx 0.2079 2 4 3 4369 
Tx 0.2079 2 6 3 6187 
Tx 0.2079 2 2 3 8706 
Tx 0.208 2 4 3 10682 
Tx 0.208 2 6 3 4638 
Tx 0.208 2 2 3 5221 
Tx 0.2081 2 4 3 12462 
Tx 0.2081 2 2 3 6093 
Tx 0.2082 2 6 3 4638 
Tx 0.2082 2 2 3 5221 
Tx 0.2082 2 4 3 12462 
Tx 0.2083 2 6 3 5413 
Tx 0.2083 2 2 3 6093 
Tx 0.2083 2 4 3 10682 
Tx 0.2084 2 4 3 10682 
Tx 0.2084 2 6 3 4638 
Tx 0.2084 2 2 3 5221 
Tx 0.2085 2 4 3 10682 
Tx 0.2085 2 6 3 4638 
Tx 0.2085 2 2 3 5221 
Tx 0.2086 2 4 3 10682 
Tx 0.2086 2 6 3 4638 
Tx 0.2086 2 2 3 4638 
Tx 0.2087 2 4 3 10484 
Tx 0.2087 2 6 3 4638 
Tx 0.2088 2 6 3 7737 
Tx 0.2088 2 2 3 7737 
Tx 0.2089 2 4 3 5 
Tx 0.2089 2 6 3 6187 
Tx 0.209 2 2 3 8511 
Tx 0.209 2 6 3 7737 
Tx 0.2091 2 2 3 7737 
Tx 0.2092 2 2 3 8511 
Tx 0.2092 2 6 3 7737 
Tx 0.2093 2 6 3 6962 
Tx 0.2093 2 2 3 9286 
Tx 0.2094 2 6 3 6962 
Tx 0.2094 2 2 3 6962 
Tx 0.2095 2 6 3 6962 
Tx 0.2095 2 2 3 9286 
Tx 0.2096 2 6 3 6962 
Tx 0.2096 2 2 3 6962 
Tx 0.2096 2 4 3 1458 
Tx 0.2097 2 6 3 9286 
Tx 0.2098 2 2 3 6962 
Tx 0.2098 2 6 3 7737 
Tx 0.2099 2 2 3 6962 
Tx 0.2099 2 6 3 7737 
Tx 0.21 2 2 3 4638 
Tx 0.21 2 4 3 10674 
Tx 0.21 2 6 3 4638 
Tx 0.2101 2 2 3 5413 
Tx 0.2101 2 4 3 12462 
Tx 0.2102 2 6 3 4638 
Tx 0.2102 2 2 3 4638 
Tx 0.2102 2 4 3 12462 
Tx 0.2103 2 6 3 4638 
Tx 0.2103 2 2 3 4638 
Tx 0.2103 2 4 3 12462 
Tx 0.2104 2 6 3 5413 
Tx 0.2104 2 2 3 5413 
Tx 0.2104 2 4 3 12462 
Tx 0.2105 2 6 3 4638 
Tx 0.2105 2 2 3 4638 
Tx 0.2105 2 4 3 12462 
Tx 0.2106 2 6 3 4638 
Tx 0.2106 2 2 3 4638 
Tx 0.2106 2 4 3 9981 
Tx 0.2107 2 6 3 5413 
Tx 0.2107 2 4 3 12462 
Tx 0.2108 2 6 3 4638 
Tx 0.2108 2 2 3 4638 
Tx 0.2108 2 4 3 12462 
Tx 0.2109 2 6 3 4638 
Tx 0.2109 2 2 3 4638 
Tx 0.2109 2 4 3 10682 
Tx 0.211 2 6 3 3864 
Tx 0.211 2 2 3 3864 
Tx 0.211 2 3 3 253 
Tx 0.2111 2 2 3 3864 
Tx 0.2111 2 3 3 253 
Tx 0.2111 2 4 3 8900 
Tx 0.2112 2 6 3 3089 
Tx 0.2112 2 2 3 3089 
Tx 0.2112 2 3 3 201 
Tx 0.2112 2 4 3 7117 
Tx 0.2113 2 6 3 4638 
Tx 0.2113 2 2 3 4638 
Tx 0.2113 2 3 3 819 
Tx 0.2113 2 4 3 10682 
Tx 0.2114 2 6 3 4638 
Tx 0.2114 2 2 3 4638 
Tx 0.2114 2 4 3 12462 
Tx 0.2115 2 6 3 4638 
Tx 0.2115 2 2 3 4638 
Tx 0.2115 2 4 3 12462 
Tx 0.2116 2 6 3 4638 
Tx 0.2116 2 2 3 4638 
Tx 0.2116 2 4 3 10682 
Tx 0.2117 2 6 3 4638 
Tx 0.2117 2 4 3 11321 
Tx 0.2118 2 6 3 4638 
Tx 0.2118 2 2 3 4638 
Tx 0.2118 2 4 3 8738 
Tx 0.2119 2 6 3 4638 
Tx 0.2119 2 2 3 4638 
Tx 0.2119 2 4 3 10682 
Tx 0.212 2 6 3 3089 
Tx 0.212 2 1 3 201 
Tx 0.212 2 2 3 3089 
Tx 0.2121 2 1 3 253 
Tx 0.2121 2 2 3 3864 
Tx 0.2121 2 4 3 8900 
Tx 0.2122 2 6 3 3864 
Tx 0.2122 2 1 3 253 
Tx 0.2122 2 2 3 3864 
Tx 0.2122 2 4 3 8900 
Tx 0.2123 2 6 3 4638 
Tx 0.2123 2 1 3 2219 
Tx 0.2123 2 2 3 4638 
Tx 0.2123 2 4 3 10682 
Tx 0.2124 2 6 3 5413 
Tx 0.2124 2 2 3 5413 
Tx 0.2124 2 4 3 12462 
Tx 0.2125 2 6 3 4638 
Tx 0.2125 2 2 3 4638 
Tx 0.2125 2 4 3 10682 
Tx 0.2126 2 6 3 6187 
Tx 0.2126 2 2 3 6187 
Tx 0.2126 2 4 3 3198 
Tx 0.2127 2 6 3 6962 
Tx 0.2127 2 4 3 1480 
Tx 0.2128 2 6 3 3089 
Tx 0.2128 2 2 3 3089 
Tx 0.2128 2 4 3 7117 
