0.124917	0	1400
0.130208	1400	2800
0.135108	2800	4200
0.135108	4200	5600
0.140708	5600	7000
0.140708	7000	8400
0.140709	8400	9800
0.140709	9800	11200
0.145608	11200	12600
0.145608	12600	14000
0.145609	14000	15400
0.145609	15400	16800
0.145609	16800	18200
0.145609	18200	19600
0.145609	19600	21000
0.146521	21000	22400
0.150508	22400	23800
0.150508	23800	25200
0.150509	25200	26600
0.150509	26600	28000
0.150509	28000	29400
0.150509	29400	30800
0.150509	30800	32200
0.150509	32200	33600
0.150509	33600	35000
0.150509	35000	36400
0.150509	36400	37800
0.150509	37800	39200
0.150509	39200	40600
0.151438	40600	42000
0.151438	42000	43400
0.151438	43400	44800
0.155408	44800	46200
0.155408	46200	47600
0.155409	47600	49000
0.155409	49000	50400
0.155409	50400	51800
0.155409	51800	53200
0.155409	53200	54600
0.155409	54600	56000
0.155409	56000	57400
0.155409	57400	58800
0.155409	58800	60200
0.155409	60200	61600
0.155513	61600	63000
0.155513	63000	64400
0.155513	64400	65800
0.155513	65800	67200
0.155513	67200	68600
0.155513	68600	70000
0.155513	70000	71400
0.155513	71400	72800
0.155513	72800	74200
0.155513	74200	75600
0.155513	75600	77000
0.155513	77000	78400
0.155513	78400	79800
0.156346	79800	81200
0.156346	81200	82600
0.156346	82600	84000
0.156346	84000	85400
0.156346	85400	86800
0.156346	86800	88200
0.156346	88200	89600
0.160308	89600	91000
0.160308	91000	92400
0.160309	92400	93800
0.160309	93800	95200
0.160309	95200	96600
0.160309	96600	98000
0.160309	98000	99400
0.160309	99400	100800
0.160309	100800	102200
0.160309	102200	103600
0.160309	103600	105000
0.160309	105000	106400
0.160309	106400	107800
0.160413	107800	109200
0.160413	109200	110600
0.160413	110600	112000
0.160413	112000	113400
0.160413	113400	114800
0.160413	114800	116200
0.160413	116200	117600
0.160413	117600	119000
0.160413	119000	120400
0.160413	120400	121800
0.160413	121800	123200
0.160413	123200	124600
0.160413	124600	126000
0.160414	126000	127400
0.160414	127400	128800
0.160414	128800	130200
0.160414	130200	131600
0.160414	131600	133000
0.160414	133000	134400
0.160414	134400	135800
0.160414	135800	137200
0.161013	137200	138600
0.161013	138600	140000
0.161013	140000	141400
0.161013	141400	142800
0.161013	142800	144200
0.161013	144200	145600
0.161013	145600	147000
0.161013	147000	148400
0.161013	148400	149800
0.161013	149800	151200
0.161013	151200	152600
0.161013	152600	154000
0.161013	154000	155400
0.161014	155400	156800
0.161014	156800	158200
0.161014	158200	159600
0.161014	159600	161000
0.161014	161000	162400
0.161014	162400	163800
0.161014	163800	165200
0.161014	165200	166600
0.161014	166600	168000
0.161014	168000	169400
0.161014	169400	170800
0.161014	170800	172200
0.161262	172200	173600
0.161263	173600	175000
0.161263	175000	176400
0.161263	176400	177800
0.163296	177800	179200
0.165583	179200	180600
0.165583	180600	182000
0.165583	182000	183400
0.165584	183400	184800
0.165584	184800	186200
0.165584	186200	187600
0.165584	187600	189000
0.165584	189000	190400
0.165584	190400	191800
0.165584	191800	193200
0.165584	193200	194600
0.165584	194600	196000
0.165584	196000	197400
0.165687	197400	198800
0.165688	198800	200200
0.165688	200200	201600
0.165688	201600	203000
0.165688	203000	204400
0.165688	204400	205800
0.165688	205800	207200
0.165688	207200	208600
0.165688	208600	210000
0.165688	210000	211400
0.165688	211400	212800
0.165688	212800	214200
0.165688	214200	215600
0.165688	215600	217000
0.165688	217000	218400
0.165689	218400	219800
0.165689	219800	221200
0.165689	221200	222600
0.165689	222600	224000
0.165689	224000	225400
0.165689	225400	226800
0.165689	226800	228200
0.165689	228200	229600
0.165689	229600	231000
0.165689	231000	232400
0.165689	232400	233800
0.165689	233800	235200
0.165689	235200	236600
0.165792	236600	238000
0.165792	238000	239400
0.165792	239400	240800
0.165792	240800	242200
0.165792	242200	243600
0.165792	243600	245000
0.165792	245000	246400
0.165792	246400	247800
0.165792	247800	249200
0.165792	249200	250600
0.165792	250600	252000
0.165792	252000	253400
0.165793	253400	254800
0.165793	254800	256200
0.165793	256200	257600
0.165793	257600	259000
0.165793	259000	260400
0.165793	260400	261800
0.165793	261800	263200
0.165793	263200	264600
0.165793	264600	266000
0.165793	266000	267400
0.165793	267400	268800
0.165793	268800	270200
0.165793	270200	271600
0.165793	271600	273000
0.165796	273000	274400
0.165796	274400	275800
0.165796	275800	277200
0.165796	277200	278600
0.165796	278600	280000
0.165796	280000	281400
0.165796	281400	282800
0.165796	282800	284200
0.165796	284200	285600
0.165796	285600	287000
0.165896	287000	288400
0.165896	288400	289800
0.165896	289800	291200
0.165896	291200	292600
0.165896	292600	294000
0.165896	294000	295400
0.165896	295400	296800
0.165896	296800	298200
0.165896	298200	299600
0.165896	299600	301000
0.165979	301000	302400
0.165979	302400	303800
0.165979	303800	305200
0.165979	305200	306600
0.165979	306600	308000
0.16598	308000	309400
0.16598	309400	310800
0.16598	310800	312200
0.16598	312200	313600
0.166013	313600	315000
0.166013	315000	316400
0.166013	316400	317800
0.166013	317800	319200
0.166013	319200	320600
0.166013	320600	322000
0.166013	322000	323400
0.166013	323400	324800
0.166013	324800	326200
0.166013	326200	327600
0.166162	327600	329000
0.166163	329000	330400
0.166163	330400	331800
0.166163	331800	333200
0.166163	333200	334600
0.166163	334600	336000
0.166163	336000	337400
0.166163	337400	338800
0.166163	338800	340200
0.166163	340200	341600
0.166163	341600	343000
0.168196	343000	344400
0.168196	344400	345800
0.168196	345800	347200
0.168196	347200	348600
0.168196	348600	350000
0.168196	350000	351400
0.168196	351400	352800
0.168196	352800	354200
0.168196	354200	355600
0.168196	355600	357000
0.168197	357000	358400
0.170392	358400	359800
0.170392	359800	361200
0.170392	361200	362600
0.170392	362600	364000
0.170392	364000	365400
0.170392	365400	366800
0.170392	366800	368200
0.170392	368200	369600
0.170392	369600	371000
0.170392	371000	372400
0.170392	372400	373800
0.170392	373800	375200
0.170393	375200	376600
0.170496	376600	378000
0.170496	378000	379400
0.170496	379400	380800
0.170496	380800	382200
0.170496	382200	383600
0.170496	383600	385000
0.170496	385000	386400
0.170496	386400	387800
0.170496	387800	389200
0.170496	389200	390600
0.170497	390600	392000
0.170497	392000	393400
0.170497	393400	394800
0.170497	394800	396200
0.170596	396200	397600
0.170596	397600	399000
0.170596	399000	400400
0.170596	400400	401800
0.170596	401800	403200
0.170596	403200	404600
0.170596	404600	406000
0.170596	406000	407400
0.170596	407400	408800
0.170596	408800	410200
0.170597	410200	411600
0.170597	411600	413000
0.170597	413000	414400
0.170597	414400	415800
0.170597	415800	417200
0.170597	417200	418600
0.170597	418600	420000
0.170597	420000	421400
0.170597	421400	422800
0.170696	422800	424200
0.170696	424200	425600
0.170696	425600	427000
0.170696	427000	428400
0.170696	428400	429800
0.170696	429800	431200
0.170696	431200	432600
0.170696	432600	434000
0.170696	434000	435400
0.170696	435400	436800
0.170697	436800	438200
0.170796	438200	439600
0.170796	439600	441000
0.170796	441000	442400
0.170796	442400	443800
0.170796	443800	445200
0.170796	445200	446600
0.170796	446600	448000
0.170796	448000	449400
0.170796	449400	450800
0.170796	450800	452200
0.170797	452200	453600
0.170996	453600	455000
0.170996	455000	456400
0.170996	456400	457800
0.170996	457800	459200
0.170996	459200	460600
0.170996	460600	462000
0.170996	462000	463400
0.170996	463400	464800
0.170996	464800	466200
0.170996	466200	467600
0.170997	467600	469000
0.170997	469000	470400
0.170997	470400	471800
0.171096	471800	473200
0.171096	473200	474600
0.171096	474600	476000
0.171096	476000	477400
0.171096	477400	478800
0.171096	478800	480200
0.171096	480200	481600
0.171096	481600	483000
0.171096	483000	484400
0.171096	484400	485800
0.171097	485800	487200
0.171097	487200	488600
0.171097	488600	490000
0.171097	490000	491400
0.171097	491400	492800
0.171097	492800	494200
0.171097	494200	495600
0.171097	495600	497000
0.171097	497000	498400
0.171097	498400	499800
0.171296	499800	501200
0.171296	501200	502600
0.171296	502600	504000
0.171296	504000	505400
0.171296	505400	506800
0.171296	506800	508200
0.171296	508200	509600
0.171296	509600	511000
0.171296	511000	512400
0.171296	512400	513800
0.171297	513800	515200
0.171592	515200	516600
0.171592	516600	518000
0.171592	518000	519400
0.171592	519400	520800
0.171592	520800	522200
0.171592	522200	523600
0.171592	523600	525000
0.171592	525000	526400
0.171592	526400	527800
0.171592	527800	529200
0.171592	529200	530600
0.171592	530600	532000
0.171593	532000	533400
0.171696	533400	534800
0.171696	534800	536200
0.171696	536200	537600
0.171696	537600	539000
0.171696	539000	540400
0.171696	540400	541800
0.171696	541800	543200
0.171696	543200	544600
0.171696	544600	546000
0.171696	546000	547400
0.171697	547400	548800
0.171697	548800	550200
0.171697	550200	551600
0.171697	551600	553000
0.171697	553000	554400
0.171697	554400	555800
0.171697	555800	557200
0.171697	557200	558600
0.171697	558600	560000
0.171896	560000	561400
0.171896	561400	562800
0.171896	562800	564200
0.171896	564200	565600
0.171896	565600	567000
0.171896	567000	568400
0.171896	568400	569800
0.171896	569800	571200
0.171896	571200	572600
0.171896	572600	574000
0.171897	574000	575400
0.171897	575400	576800
0.171897	576800	578200
0.171897	578200	579600
0.171897	579600	581000
0.171897	581000	582400
0.171897	582400	583800
0.171897	583800	585200
0.171897	585200	586600
0.171897	586600	588000
0.171897	588000	589400
0.171897	589400	590800
0.171996	590800	592200
0.171996	592200	593600
0.171996	593600	595000
0.171996	595000	596400
0.171996	596400	597800
0.171996	597800	599200
0.171996	599200	600600
0.171996	600600	602000
0.171996	602000	603400
0.171996	603400	604800
0.171997	604800	606200
0.172138	606200	607600
0.172138	607600	609000
0.172138	609000	610400
0.172138	610400	611800
0.172138	611800	613200
0.172138	613200	614600
0.172138	614600	616000
0.172138	616000	617400
0.172138	617400	618800
0.172138	618800	620200
0.172138	620200	621600
0.172138	621600	623000
0.172138	623000	624400
0.172213	624400	625800
0.172213	625800	627200
0.172213	627200	628600
0.172213	628600	630000
0.172213	630000	631400
0.172213	631400	632800
0.172596	632800	634200
0.172596	634200	635600
0.172596	635600	637000
0.172596	637000	638400
0.172596	638400	639800
0.172596	639800	641200
0.172596	641200	642600
0.172596	642600	644000
0.172596	644000	645400
0.172596	645400	646800
0.172597	646800	648200
0.172597	648200	649600
0.172597	649600	651000
0.172696	651000	652400
0.172696	652400	653800
0.172696	653800	655200
0.173096	655200	656600
0.173096	656600	658000
0.173096	658000	659400
0.173096	659400	660800
0.173096	660800	662200
0.173096	662200	663600
0.173096	663600	665000
0.173096	665000	666400
0.173096	666400	667800
0.173096	667800	669200
0.173097	669200	670600
0.173097	670600	672000
0.173097	672000	673400
0.173196	673400	674800
0.173196	674800	676200
0.173196	676200	677600
0.173196	677600	679000
0.173196	679000	680400
0.173196	680400	681800
0.173196	681800	683200
0.173196	683200	684600
0.173196	684600	686000
0.173196	686000	687400
0.173197	687400	688800
0.173197	688800	690200
0.173197	690200	691600
0.173197	691600	693000
0.173197	693000	694400
0.173197	694400	695800
0.173197	695800	697200
0.173197	697200	698600
0.173197	698600	700000
0.173197	700000	701400
0.173197	701400	702800
0.173197	702800	704200
0.173197	704200	705600
0.173197	705600	707000
0.173198	707000	708400
0.173198	708400	709800
0.173198	709800	711200
0.173198	711200	712600
0.173296	712600	714000
0.173296	714000	715400
0.173396	715400	716800
0.175596	716800	718200
0.175596	718200	719600
0.175596	719600	721000
0.175596	721000	722400
0.175596	722400	723800
0.175596	723800	725200
0.175596	725200	726600
0.175596	726600	728000
0.175596	728000	729400
0.175596	729400	730800
0.175597	730800	732200
0.175696	732200	733600
0.175696	733600	735000
0.175696	735000	736400
0.175696	736400	737800
0.175696	737800	739200
0.175696	739200	740600
0.175696	740600	742000
0.175696	742000	743400
0.175696	743400	744800
0.175696	744800	746200
0.175697	746200	747600
0.175697	747600	749000
0.175697	749000	750400
0.175796	750400	751800
0.175796	751800	753200
0.175796	753200	754600
0.175796	754600	756000
0.175796	756000	757400
0.175796	757400	758800
0.175796	758800	760200
0.175796	760200	761600
0.175796	761600	763000
0.175796	763000	764400
0.175797	764400	765800
0.175797	765800	767200
0.175797	767200	768600
0.175797	768600	770000
0.175896	770000	771400
0.175896	771400	772800
0.175896	772800	774200
0.175896	774200	775600
0.175896	775600	777000
0.175896	777000	778400
0.175896	778400	779800
0.175896	779800	781200
0.175896	781200	782600
0.175896	782600	784000
0.175897	784000	785400
0.175897	785400	786800
0.175996	786800	788200
0.175996	788200	789600
0.175996	789600	791000
0.175996	791000	792400
0.175996	792400	793800
0.175996	793800	795200
0.175996	795200	796600
0.175996	796600	798000
0.175996	798000	799400
0.176096	799400	800800
0.176096	800800	802200
0.176096	802200	803600
0.176096	803600	805000
0.176096	805000	806400
0.176096	806400	807800
0.176096	807800	809200
0.176096	809200	810600
0.176096	810600	812000
0.176096	812000	813400
0.176097	813400	814800
0.176292	814800	816200
0.176292	816200	817600
0.176292	817600	819000
0.176292	819000	820400
0.176292	820400	821800
0.176292	821800	823200
0.176292	823200	824600
0.176292	824600	826000
0.176292	826000	827400
0.176292	827400	828800
0.176292	828800	830200
0.176292	830200	831600
0.176293	831600	833000
0.176396	833000	834400
0.176396	834400	835800
0.176396	835800	837200
0.176396	837200	838600
0.176396	838600	840000
0.176396	840000	841400
0.176396	841400	842800
0.176396	842800	844200
0.176396	844200	845600
0.176396	845600	847000
0.176397	847000	848400
0.176397	848400	849800
0.176687	849800	851200
0.176688	851200	852600
0.176688	852600	854000
0.176688	854000	855400
0.176688	855400	856800
0.176688	856800	858200
0.176688	858200	859600
0.176688	859600	861000
0.176688	861000	862400
0.176688	862400	863800
0.176688	863800	865200
0.176688	865200	866600
0.176688	866600	868000
0.176688	868000	869400
0.176688	869400	870800
0.176689	870800	872200
0.176689	872200	873600
0.176689	873600	875000
0.176689	875000	876400
0.176689	876400	877800
0.176689	877800	879200
0.176689	879200	880600
0.176689	880600	882000
0.176689	882000	883400
0.176689	883400	884800
0.176689	884800	886200
0.176896	886200	887600
0.176896	887600	889000
0.176896	889000	890400
0.176896	890400	891800
0.176896	891800	893200
0.176896	893200	894600
0.176896	894600	896000
0.176896	896000	897400
0.176896	897400	898800
0.176896	898800	900200
0.176897	900200	901600
0.176897	901600	903000
0.176897	903000	904400
0.177096	904400	905800
0.177096	905800	907200
0.177096	907200	908600
0.177096	908600	910000
0.177096	910000	911400
0.177096	911400	912800
0.177096	912800	914200
0.177096	914200	915600
0.177096	915600	917000
0.177096	917000	918400
0.177097	918400	919800
0.177097	919800	921200
0.177097	921200	922600
0.177097	922600	924000
0.177097	924000	925400
0.177097	925400	926800
0.177097	926800	928200
0.177097	928200	929600
0.177097	929600	931000
0.177097	931000	932400
0.177097	932400	933800
0.177097	933800	935200
0.177097	935200	936600
0.177097	936600	938000
0.177098	938000	939400
0.177098	939400	940800
0.177098	940800	942200
0.177098	942200	943600
0.177196	943600	945000
0.177196	945000	946400
0.177196	946400	947800
0.177196	947800	949200
0.177196	949200	950600
0.177196	950600	952000
0.177196	952000	953400
0.177196	953400	954800
0.177196	954800	956200
0.177196	956200	957600
0.177197	957600	959000
0.177197	959000	960400
0.177197	960400	961800
0.177396	961800	963200
0.177396	963200	964600
0.177396	964600	966000
0.177396	966000	967400
0.177396	967400	968800
0.177396	968800	970200
0.177396	970200	971600
0.177396	971600	973000
0.177492	973000	974400
0.177492	974400	975800
0.177492	975800	977200
0.177492	977200	978600
0.177492	978600	980000
0.177492	980000	981400
0.177492	981400	982800
0.177492	982800	984200
0.177492	984200	985600
0.177492	985600	987000
0.177696	987000	988400
0.177696	988400	989800
0.177696	989800	991200
0.177696	991200	992600
0.177696	992600	994000
0.177696	994000	995400
0.177696	995400	996800
0.177696	996800	998200
0.177696	998200	999600
0.177696	999600	1001000
0.177697	1001000	1002400
0.177697	1002400	1003800
0.177697	1003800	1005200
0.177796	1005200	1006600
0.177796	1006600	1008000
0.177796	1008000	1009400
0.177796	1009400	1010800
0.177796	1010800	1012200
0.177796	1012200	1013600
0.177796	1013600	1015000
0.177796	1015000	1016400
0.177796	1016400	1017800
0.177796	1017800	1019200
0.177797	1019200	1020600
0.177797	1020600	1022000
0.177797	1022000	1023400
0.177797	1023400	1024800
0.177896	1024800	1026200
0.177896	1026200	1027600
0.177896	1027600	1029000
0.177896	1029000	1030400
0.177896	1030400	1031800
0.177896	1031800	1033200
0.177896	1033200	1034600
0.177896	1034600	1036000
0.177896	1036000	1037400
0.177896	1037400	1038800
0.177897	1038800	1040200
0.177897	1040200	1041600
0.177897	1041600	1043000
0.177897	1043000	1044400
0.177897	1044400	1045800
0.177897	1045800	1047200
0.177897	1047200	1048600
0.177996	1048600	1050000
0.177996	1050000	1051400
0.177996	1051400	1052800
0.177996	1052800	1054200
0.177996	1054200	1055600
0.177996	1055600	1057000
0.177996	1057000	1058400
0.177996	1058400	1059800
0.177996	1059800	1061200
0.177996	1061200	1062600
0.177997	1062600	1064000
0.178096	1064000	1065400
0.178096	1065400	1066800
0.178096	1066800	1068200
0.178096	1068200	1069600
0.178096	1069600	1071000
0.178096	1071000	1072400
0.178096	1072400	1073800
0.178096	1073800	1075200
0.178096	1075200	1076600
0.178096	1076600	1078000
0.178097	1078000	1079400
0.178097	1079400	1080800
0.178296	1080800	1082200
0.178296	1082200	1083600
0.178296	1083600	1085000
0.178296	1085000	1086400
0.178296	1086400	1087800
0.178296	1087800	1089200
0.178296	1089200	1090600
0.178296	1090600	1092000
0.178296	1092000	1093400
0.178296	1093400	1094800
0.178596	1094800	1096200
0.178596	1096200	1097600
0.178596	1097600	1099000
0.178596	1099000	1100400
0.178596	1100400	1101800
0.178596	1101800	1103200
0.178596	1103200	1104600
0.178596	1104600	1106000
0.178596	1106000	1107400
0.178596	1107400	1108800
0.178597	1108800	1110200
0.178597	1110200	1111600
0.178597	1111600	1113000
0.178792	1113000	1114400
0.178792	1114400	1115800
0.178792	1115800	1117200
0.178792	1117200	1118600
0.178792	1118600	1120000
0.178792	1120000	1121400
0.178792	1121400	1122800
0.178792	1122800	1124200
0.178792	1124200	1125600
0.178792	1125600	1127000
0.178792	1127000	1128400
0.178792	1128400	1129800
0.178793	1129800	1131200
0.178793	1131200	1132600
0.178793	1132600	1134000
0.178887	1134000	1135400
0.178888	1135400	1136800
0.178888	1136800	1138200
0.178888	1138200	1139600
0.178888	1139600	1141000
0.179083	1141000	1142400
0.179083	1142400	1143800
0.179083	1143800	1145200
0.179084	1145200	1146600
0.179084	1146600	1148000
0.179084	1148000	1149400
0.179084	1149400	1150800
0.179084	1150800	1152200
0.179084	1152200	1153600
0.179183	1153600	1155000
0.179183	1155000	1156400
0.179183	1156400	1157800
0.179379	1157800	1159200
0.179379	1159200	1160600
0.179379	1160600	1162000
0.179487	1162000	1163400
0.179488	1163400	1164800
0.179488	1164800	1166200
0.179993	1166200	1167600
0.180592	1167600	1169000
0.180696	1169000	1170400
0.180996	1170400	1171800
0.181196	1171800	1173200
0.181592	1173200	1174600
0.181797	1174600	1176000
0.181996	1176000	1177400
0.182096	1177400	1178800
0.182396	1178800	1180200
0.182496	1180200	1181600
0.182796	1181600	1183000
0.182996	1183000	1184400
0.183096	1184400	1185800
0.183596	1185800	1187200
0.183788	1187200	1188600
0.184188	1188600	1190000
0.185388	1190000	1191400
0.185492	1191400	1192800
0.185992	1192800	1194200
0.186796	1194200	1195600
0.187096	1195600	1197000
0.187297	1197000	1198400
0.187592	1198400	1199800
0.187697	1199800	1201200
0.187996	1201200	1202600
0.188196	1202600	1204000
0.188696	1204000	1205400
0.188984	1205400	1206800
0.189692	1206800	1208200
0.190192	1208200	1209600
0.190784	1209600	1211000
0.191083	1211000	1212400
0.191696	1212400	1213800
0.191996	1213800	1215200
0.192496	1215200	1216600
0.192996	1216600	1218000
0.193583	1218000	1219400
0.194196	1219400	1220800
0.194888	1220800	1222200
0.195692	1222200	1223600
0.195996	1223600	1225000
0.196688	1225000	1226400
0.197196	1226400	1227800
0.197496	1227800	1229200
0.197996	1229200	1230600
0.198692	1230600	1232000
0.199197	1232000	1233400
0.200096	1233400	1234800
0.200584	1234800	1236200
0.201188	1236200	1237600
0.201787	1237600	1239000
0.202088	1239000	1240400
0.202684	1240400	1241800
0.203187	1241800	1243200
0.203788	1243200	1244600
0.204396	1244600	1246000
0.204971	1246000	1247400
0.205584	1247400	1248800
0.206188	1248800	1250200
0.206796	1250200	1251600
0.207188	1251600	1253000
0.207697	1253000	1254400
0.208287	1254400	1255800
0.209283	1255800	1257200
0.210079	1257200	1258600
0.210384	1258600	1260000
0.210792	1260000	1261400
0.211088	1261400	1262800
0.211789	1262800	1264200
0.212096	1264200	1265600
0.212592	1265600	1267000
