0.124917	0	0.004
0.130208	0.004	0.00425
0.135108	0.00425	0.00434375
0.135108	0.00434375	0.00442578
0.140708	0.00442578	0.00449756
0.140708	0.00449756	0.00456036
0.140709	0.00456036	0.00461532
0.140709	0.00461532	0.0046634
0.145608	0.0046634	0.00470548
0.145608	0.00470548	0.00474229
0.145609	0.00474229	0.0047745
0.145609	0.0047745	0.00480269
0.145609	0.00480269	0.00482735
0.145609	0.00482735	0.00484893
0.145609	0.00484893	0.00486782
0.146521	0.00486782	0.00500934
0.150508	0.00500934	0.00500817
0.150508	0.00500817	0.00500715
0.150509	0.00500715	0.00500626
0.150509	0.00500626	0.00500547
0.150509	0.00500547	0.00500479
0.150509	0.00500479	0.00500419
0.150509	0.00500419	0.00500367
0.150509	0.00500367	0.00500321
0.150509	0.00500321	0.0050028
0.150509	0.0050028	0.00500245
0.150509	0.00500245	0.00500215
0.150509	0.00500215	0.00500188
0.150509	0.00500188	0.00500164
0.151438	0.00500164	0.00512644
0.151438	0.00512644	0.00511063
0.151438	0.00511063	0.0050968
0.155408	0.0050968	0.0050847
0.155408	0.0050847	0.00507411
0.155409	0.00507411	0.00506485
0.155409	0.00506485	0.00505674
0.155409	0.00505674	0.00504965
0.155409	0.00504965	0.00504344
0.155409	0.00504344	0.00503801
0.155409	0.00503801	0.00503326
0.155409	0.00503326	0.0050291
0.155409	0.0050291	0.00502546
0.155409	0.00502546	0.00502228
0.155409	0.00502228	0.00501949
0.155513	0.00501949	0.00501706
0.155513	0.00501706	0.00501492
0.155513	0.00501492	0.00501306
0.155513	0.00501306	0.00501143
0.155513	0.00501143	0.00501
0.155513	0.00501	0.00500875
0.155513	0.00500875	0.00500765
0.155513	0.00500765	0.0050067
0.155513	0.0050067	0.00500586
0.155513	0.00500586	0.00500513
0.155513	0.00500513	0.00500449
0.155513	0.00500449	0.00500392
0.155513	0.00500392	0.00500343
0.156346	0.00500343	0.005128
0.156346	0.005128	0.005112
0.156346	0.005112	0.005098
0.156346	0.005098	0.00508575
0.156346	0.00508575	0.00507503
0.156346	0.00507503	0.00506565
0.156346	0.00506565	0.00505744
0.160308	0.00505744	0.00505026
0.160308	0.00505026	0.00504398
0.160309	0.00504398	0.00503848
0.160309	0.00503848	0.00503367
0.160309	0.00503367	0.00502946
0.160309	0.00502946	0.00502578
0.160309	0.00502578	0.00502256
0.160309	0.00502256	0.00501974
0.160309	0.00501974	0.00501727
0.160309	0.00501727	0.00501511
0.160309	0.00501511	0.00501322
0.160309	0.00501322	0.00501157
0.160309	0.00501157	0.00501012
0.160413	0.00501012	0.00500886
0.160413	0.00500886	0.00500775
0.160413	0.00500775	0.00500678
0.160413	0.00500678	0.00500593
0.160413	0.00500593	0.00500519
0.160413	0.00500519	0.00500454
0.160413	0.00500454	0.00500397
0.160413	0.00500397	0.00500348
0.160413	0.00500348	0.00500304
0.160413	0.00500304	0.00500266
0.160413	0.00500266	0.00500233
0.160413	0.00500233	0.00500204
0.160413	0.00500204	0.00500178
0.160414	0.00500178	0.00500156
0.160414	0.00500156	0.00500136
0.160414	0.00500136	0.00500119
0.160414	0.00500119	0.00500104
0.160414	0.00500104	0.00500091
0.160414	0.00500091	0.0050008
0.160414	0.0050008	0.0050007
0.160414	0.0050007	0.00500061
0.161013	0.00500061	0.00512553
0.161013	0.00512553	0.00523484
0.161013	0.00523484	0.00533049
0.161013	0.00533049	0.00541417
0.161013	0.00541417	0.0054874
0.161013	0.0054874	0.00555148
0.161013	0.00555148	0.00560754
0.161013	0.00560754	0.0056566
0.161013	0.0056566	0.00569952
0.161013	0.00569952	0.00573708
0.161013	0.00573708	0.00576995
0.161013	0.00576995	0.0057987
0.161013	0.0057987	0.00582386
0.161014	0.00582386	0.00584588
0.161014	0.00584588	0.00586515
0.161014	0.00586515	0.005882
0.161014	0.005882	0.00577175
0.161014	0.00577175	0.00567528
0.161014	0.00567528	0.00559087
0.161014	0.00559087	0.00551701
0.161014	0.00551701	0.00545238
0.161014	0.00545238	0.00539584
0.161014	0.00539584	0.00534636
0.161014	0.00534636	0.00530306
0.161014	0.00530306	0.00526518
0.161262	0.00526518	0.00523203
0.161263	0.00523203	0.00520303
0.161263	0.00520303	0.00517765
0.161263	0.00517765	0.00515544
0.163296	0.00515544	0.00538601
0.165583	0.00538601	0.00533776
0.165583	0.00533776	0.00529554
0.165583	0.00529554	0.00525859
0.165584	0.00525859	0.00522627
0.165584	0.00522627	0.00519799
0.165584	0.00519799	0.00517324
0.165584	0.00517324	0.00515158
0.165584	0.00515158	0.00513263
0.165584	0.00513263	0.00511605
0.165584	0.00511605	0.00510155
0.165584	0.00510155	0.00508885
0.165584	0.00508885	0.00507775
0.165584	0.00507775	0.00506803
0.165687	0.00506803	0.00505952
0.165688	0.00505952	0.00505208
0.165688	0.00505208	0.00504557
0.165688	0.00504557	0.00503987
0.165688	0.00503987	0.00503489
0.165688	0.00503489	0.00503053
0.165688	0.00503053	0.00502671
0.165688	0.00502671	0.00502337
0.165688	0.00502337	0.00502045
0.165688	0.00502045	0.00501789
0.165688	0.00501789	0.00501566
0.165688	0.00501566	0.0050137
0.165688	0.0050137	0.00501199
0.165688	0.00501199	0.00501049
0.165688	0.00501049	0.00500918
0.165689	0.00500918	0.00500803
0.165689	0.00500803	0.00500703
0.165689	0.00500703	0.00500615
0.165689	0.00500615	0.00500538
0.165689	0.00500538	0.0050047
0.165689	0.0050047	0.00500412
0.165689	0.00500412	0.0050036
0.165689	0.0050036	0.00500315
0.165689	0.00500315	0.00500276
0.165689	0.00500276	0.00500241
0.165689	0.00500241	0.00500211
0.165689	0.00500211	0.00500184
0.165689	0.00500184	0.00500161
0.165792	0.00500161	0.00500141
0.165792	0.00500141	0.00500123
0.165792	0.00500123	0.00500108
0.165792	0.00500108	0.00500094
0.165792	0.00500094	0.00500083
0.165792	0.00500083	0.00500072
0.165792	0.00500072	0.00500063
0.165792	0.00500063	0.00500055
0.165792	0.00500055	0.00500048
0.165792	0.00500048	0.00500042
0.165792	0.00500042	0.00500037
0.165792	0.00500037	0.00500032
0.165793	0.00500032	0.00500028
0.165793	0.00500028	0.00500025
0.165793	0.00500025	0.00500021
0.165793	0.00500021	0.00500019
0.165793	0.00500019	0.00500016
0.165793	0.00500016	0.00500014
0.165793	0.00500014	0.00500012
0.165793	0.00500012	0.00500011
0.165793	0.00500011	0.00500009
0.165793	0.00500009	0.00500008
0.165793	0.00500008	0.00500007
0.165793	0.00500007	0.00500006
0.165793	0.00500006	0.00500005
0.165793	0.00500005	0.00500005
0.165796	0.00500005	0.00500004
0.165796	0.00500004	0.00487503
0.165796	0.00487503	0.00476565
0.165796	0.00476565	0.00466995
0.165796	0.00466995	0.0045862
0.165796	0.0045862	0.00451293
0.165796	0.00451293	0.00444881
0.165796	0.00444881	0.00439271
0.165796	0.00439271	0.00434362
0.165796	0.00434362	0.00430067
0.165896	0.00430067	0.00426308
0.165896	0.00426308	0.0042302
0.165896	0.0042302	0.00420142
0.165896	0.00420142	0.00417625
0.165896	0.00417625	0.00415421
0.165896	0.00415421	0.00413494
0.165896	0.00413494	0.00411807
0.165896	0.00411807	0.00410331
0.165896	0.00410331	0.0040904
0.165896	0.0040904	0.0040791
0.165979	0.0040791	0.00406921
0.165979	0.00406921	0.00406056
0.165979	0.00406056	0.00405299
0.165979	0.00405299	0.00404636
0.165979	0.00404636	0.00404057
0.16598	0.00404057	0.0040355
0.16598	0.0040355	0.00403106
0.16598	0.00403106	0.00402718
0.16598	0.00402718	0.00402378
0.166013	0.00402378	0.00414581
0.166013	0.00414581	0.00425258
0.166013	0.00425258	0.00434601
0.166013	0.00434601	0.00442776
0.166013	0.00442776	0.00449929
0.166013	0.00449929	0.00456187
0.166013	0.00456187	0.00461664
0.166013	0.00461664	0.00466456
0.166013	0.00466456	0.00470649
0.166013	0.00470649	0.00474318
0.166162	0.00474318	0.00477528
0.166163	0.00477528	0.00480337
0.166163	0.00480337	0.00482795
0.166163	0.00482795	0.00484945
0.166163	0.00484945	0.00486827
0.166163	0.00486827	0.00488474
0.166163	0.00488474	0.00489914
0.166163	0.00489914	0.00491175
0.166163	0.00491175	0.00492278
0.166163	0.00492278	0.00493243
0.166163	0.00493243	0.00494088
0.168196	0.00494088	0.00519827
0.168196	0.00519827	0.00542348
0.168196	0.00542348	0.00562055
0.168196	0.00562055	0.00579298
0.168196	0.00579298	0.00594386
0.168196	0.00594386	0.00607587
0.168196	0.00607587	0.00619139
0.168196	0.00619139	0.00629246
0.168196	0.00629246	0.00638091
0.168196	0.00638091	0.00620829
0.168197	0.00620829	0.00605726
0.170392	0.00605726	0.0059251
0.170392	0.0059251	0.00580946
0.170392	0.00580946	0.00570828
0.170392	0.00570828	0.00561974
0.170392	0.00561974	0.00554227
0.170392	0.00554227	0.00547449
0.170392	0.00547449	0.00541518
0.170392	0.00541518	0.00536328
0.170392	0.00536328	0.00531787
0.170392	0.00531787	0.00527813
0.170392	0.00527813	0.00524337
0.170392	0.00524337	0.00521295
0.170393	0.00521295	0.00518633
0.170496	0.00518633	0.00516304
0.170496	0.00516304	0.00514266
0.170496	0.00514266	0.00512482
0.170496	0.00512482	0.00510922
0.170496	0.00510922	0.00509557
0.170496	0.00509557	0.00508362
0.170496	0.00508362	0.00507317
0.170496	0.00507317	0.00506402
0.170496	0.00506402	0.00505602
0.170496	0.00505602	0.00504902
0.170497	0.00504902	0.00504289
0.170497	0.00504289	0.00503753
0.170497	0.00503753	0.00503284
0.170497	0.00503284	0.00502873
0.170596	0.00502873	0.00502514
0.170596	0.00502514	0.005022
0.170596	0.005022	0.00501925
0.170596	0.00501925	0.00501684
0.170596	0.00501684	0.00501474
0.170596	0.00501474	0.00501289
0.170596	0.00501289	0.00501128
0.170596	0.00501128	0.00500987
0.170596	0.00500987	0.00500864
0.170596	0.00500864	0.00500756
0.170597	0.00500756	0.00500661
0.170597	0.00500661	0.00500578
0.170597	0.00500578	0.00500506
0.170597	0.00500506	0.00500443
0.170597	0.00500443	0.00500387
0.170597	0.00500387	0.00500339
0.170597	0.00500339	0.00500296
0.170597	0.00500296	0.00500259
0.170597	0.00500259	0.00500227
0.170696	0.00500227	0.00500198
0.170696	0.00500198	0.00500174
0.170696	0.00500174	0.00500152
0.170696	0.00500152	0.00500133
0.170696	0.00500133	0.00500116
0.170696	0.00500116	0.00500102
0.170696	0.00500102	0.00500089
0.170696	0.00500089	0.00500078
0.170696	0.00500078	0.00500068
0.170696	0.00500068	0.00500059
0.170697	0.00500059	0.00500052
0.170796	0.00500052	0.00500045
0.170796	0.00500045	0.0050004
0.170796	0.0050004	0.00500035
0.170796	0.00500035	0.0050003
0.170796	0.0050003	0.00500027
0.170796	0.00500027	0.00500023
0.170796	0.00500023	0.0050002
0.170796	0.0050002	0.00500018
0.170796	0.00500018	0.00500015
0.170796	0.00500015	0.00500013
0.170797	0.00500013	0.00500012
0.170996	0.00500012	0.0050001
0.170996	0.0050001	0.00500009
0.170996	0.00500009	0.00500008
0.170996	0.00500008	0.00500007
0.170996	0.00500007	0.00500006
0.170996	0.00500006	0.00500005
0.170996	0.00500005	0.00500004
0.170996	0.00500004	0.00500004
0.170996	0.00500004	0.00500003
0.170996	0.00500003	0.00500003
0.170997	0.00500003	0.00500002
0.170997	0.00500002	0.00500002
0.170997	0.00500002	0.00500002
0.171096	0.00500002	0.00512502
0.171096	0.00512502	0.00523439
0.171096	0.00523439	0.00533009
0.171096	0.00533009	0.00541383
0.171096	0.00541383	0.0054871
0.171096	0.0054871	0.00555121
0.171096	0.00555121	0.00560731
0.171096	0.00560731	0.00565639
0.171096	0.00565639	0.00569934
0.171096	0.00569934	0.00573693
0.171097	0.00573693	0.00576981
0.171097	0.00576981	0.00579858
0.171097	0.00579858	0.00582376
0.171097	0.00582376	0.00584579
0.171097	0.00584579	0.00586507
0.171097	0.00586507	0.00588193
0.171097	0.00588193	0.00589669
0.171097	0.00589669	0.0059096
0.171097	0.0059096	0.0059209
0.171097	0.0059209	0.00593079
0.171296	0.00593079	0.00593944
0.171296	0.00593944	0.00594701
0.171296	0.00594701	0.00595363
0.171296	0.00595363	0.00595943
0.171296	0.00595943	0.0059645
0.171296	0.0059645	0.00596894
0.171296	0.00596894	0.00597282
0.171296	0.00597282	0.00597622
0.171296	0.00597622	0.00597919
0.171296	0.00597919	0.00598179
0.171297	0.00598179	0.00598407
0.171592	0.00598407	0.00598606
0.171592	0.00598606	0.0059878
0.171592	0.0059878	0.00598932
0.171592	0.00598932	0.00599066
0.171592	0.00599066	0.00599183
0.171592	0.00599183	0.00599285
0.171592	0.00599285	0.00599374
0.171592	0.00599374	0.00599452
0.171592	0.00599452	0.00599521
0.171592	0.00599521	0.0059958
0.171592	0.0059958	0.00599633
0.171592	0.00599633	0.00599679
0.171593	0.00599679	0.00599719
0.171696	0.00599719	0.00599754
0.171696	0.00599754	0.00599785
0.171696	0.00599785	0.00599812
0.171696	0.00599812	0.00599835
0.171696	0.00599835	0.00599856
0.171696	0.00599856	0.00599874
0.171696	0.00599874	0.00599889
0.171696	0.00599889	0.00599903
0.171696	0.00599903	0.00599915
0.171696	0.00599915	0.00599926
0.171697	0.00599926	0.00599935
0.171697	0.00599935	0.00599943
0.171697	0.00599943	0.0059995
0.171697	0.0059995	0.00599956
0.171697	0.00599956	0.00599962
0.171697	0.00599962	0.00599966
0.171697	0.00599966	0.00599971
0.171697	0.00599971	0.00599974
0.171697	0.00599974	0.00599977
0.171896	0.00599977	0.0059998
0.171896	0.0059998	0.00599983
0.171896	0.00599983	0.00599985
0.171896	0.00599985	0.00599987
0.171896	0.00599987	0.00599988
0.171896	0.00599988	0.0059999
0.171896	0.0059999	0.00599991
0.171896	0.00599991	0.00599992
0.171896	0.00599992	0.00599993
0.171896	0.00599993	0.00599994
0.171897	0.00599994	0.00599994
0.171897	0.00599994	0.00599995
0.171897	0.00599995	0.00599996
0.171897	0.00599996	0.00599996
0.171897	0.00599996	0.00599997
0.171897	0.00599997	0.00599997
0.171897	0.00599997	0.00599997
0.171897	0.00599997	0.00599998
0.171897	0.00599998	0.00599998
0.171897	0.00599998	0.00599998
0.171897	0.00599998	0.00599998
0.171897	0.00599998	0.00599999
0.171996	0.00599999	0.00599999
0.171996	0.00599999	0.00599999
0.171996	0.00599999	0.00599999
0.171996	0.00599999	0.00599999
0.171996	0.00599999	0.00599999
0.171996	0.00599999	0.00599999
0.171996	0.00599999	0.00599999
0.171996	0.00599999	0.00599999
0.172138	0.00599999	0.00612499
0.172138	0.00612499	0.00623437
0.172138	0.00623437	0.00633007
0.172138	0.00633007	0.00641381
0.172138	0.00641381	0.00648709
0.172138	0.00648709	0.0065512
0.172138	0.0065512	0.0066073
0.172138	0.0066073	0.00665639
0.172138	0.00665639	0.00669934
0.172138	0.00669934	0.00673692
0.172138	0.00673692	0.00676981
0.172138	0.00676981	0.00679858
0.172138	0.00679858	0.00682376
0.172213	0.00682376	0.00684579
0.172213	0.00684579	0.00686506
0.172213	0.00686506	0.00675693
0.172213	0.00675693	0.00666231
0.172213	0.00666231	0.00657952
0.172213	0.00657952	0.00650708
0.172596	0.00650708	0.0064437
0.172596	0.0064437	0.00638823
0.172596	0.00638823	0.0063397
0.172596	0.0063397	0.00629724
0.172596	0.00629724	0.00626009
0.172596	0.00626009	0.00622757
0.172596	0.00622757	0.00619913
0.172596	0.00619913	0.00617424
0.172596	0.00617424	0.00615246
0.172596	0.00615246	0.0061334
0.172597	0.0061334	0.00611672
0.172597	0.00611672	0.00610213
0.172597	0.00610213	0.00608937
0.172696	0.00608937	0.00607819
0.172696	0.00607819	0.00606842
0.172696	0.00606842	0.00605987
0.173096	0.00605987	0.00617738
0.173096	0.00617738	0.00628021
0.173096	0.00628021	0.00637018
0.173096	0.00637018	0.00644891
0.173096	0.00644891	0.0065178
0.173096	0.0065178	0.00657807
0.173096	0.00657807	0.00663081
0.173096	0.00663081	0.00667696
0.173096	0.00667696	0.00671734
0.173096	0.00671734	0.00675267
0.173097	0.00675267	0.00678359
0.173097	0.00678359	0.00681064
0.173097	0.00681064	0.00683431
0.173196	0.00683431	0.00685502
0.173196	0.00685502	0.00687314
0.173196	0.00687314	0.006889
0.173196	0.006889	0.00690287
0.173196	0.00690287	0.00691501
0.173196	0.00691501	0.00692564
0.173196	0.00692564	0.00693493
0.173196	0.00693493	0.00694307
0.173196	0.00694307	0.00695018
0.173196	0.00695018	0.00670641
0.173197	0.00670641	0.00649311
0.173197	0.00649311	0.00630647
0.173197	0.00630647	0.00614316
0.173197	0.00614316	0.00600026
0.173197	0.00600026	0.00587523
0.173197	0.00587523	0.00576583
0.173197	0.00576583	0.0056701
0.173197	0.0056701	0.00558633
0.173197	0.00558633	0.00551304
0.173197	0.00551304	0.00544891
0.173197	0.00544891	0.0053928
0.173197	0.0053928	0.0053437
0.173197	0.0053437	0.00530073
0.173197	0.00530073	0.00526314
0.173198	0.00526314	0.00523025
0.173198	0.00523025	0.00520147
0.173198	0.00520147	0.00517628
0.173198	0.00517628	0.00515425
0.173296	0.00515425	0.00513497
0.173296	0.00513497	0.0051181
0.173396	0.0051181	0.00510333
0.175596	0.00510333	0.00509042
0.175596	0.00509042	0.00507911
0.175596	0.00507911	0.00506922
0.175596	0.00506922	0.00506057
0.175596	0.00506057	0.005053
0.175596	0.005053	0.00504637
0.175596	0.00504637	0.00504058
0.175596	0.00504058	0.0050355
0.175596	0.0050355	0.00503107
0.175596	0.00503107	0.00502718
0.175597	0.00502718	0.00502378
0.175696	0.00502378	0.00502081
0.175696	0.00502081	0.00501821
0.175696	0.00501821	0.00501593
0.175696	0.00501593	0.00501394
0.175696	0.00501394	0.0050122
0.175696	0.0050122	0.00501067
0.175696	0.00501067	0.00500934
0.175696	0.00500934	0.00500817
0.175696	0.00500817	0.00500715
0.175696	0.00500715	0.00500625
0.175697	0.00500625	0.00500547
0.175697	0.00500547	0.00500479
0.175697	0.00500479	0.00500419
0.175796	0.00500419	0.00500367
0.175796	0.00500367	0.00500321
0.175796	0.00500321	0.0050028
0.175796	0.0050028	0.00500245
0.175796	0.00500245	0.00500215
0.175796	0.00500215	0.00500188
0.175796	0.00500188	0.00500164
0.175796	0.00500164	0.00500144
0.175796	0.00500144	0.00500126
0.175796	0.00500126	0.0050011
0.175797	0.0050011	0.00500096
0.175797	0.00500096	0.00500084
0.175797	0.00500084	0.00500074
0.175797	0.00500074	0.00500064
0.175896	0.00500064	0.00500056
0.175896	0.00500056	0.00500049
0.175896	0.00500049	0.00500043
0.175896	0.00500043	0.00500037
0.175896	0.00500037	0.00500033
0.175896	0.00500033	0.00500029
0.175896	0.00500029	0.00500025
0.175896	0.00500025	0.00500022
0.175896	0.00500022	0.00500019
0.175896	0.00500019	0.00500017
0.175897	0.00500017	0.00500015
0.175897	0.00500015	0.00500013
0.175996	0.00500013	0.00500011
0.175996	0.00500011	0.0050001
0.175996	0.0050001	0.00500008
0.175996	0.00500008	0.00500007
0.175996	0.00500007	0.00500006
0.175996	0.00500006	0.00500005
0.175996	0.00500005	0.00500005
0.175996	0.00500005	0.00500004
0.175996	0.00500004	0.00500004
0.176096	0.00500004	0.00512503
0.176096	0.00512503	0.0052344
0.176096	0.0052344	0.0053301
0.176096	0.0053301	0.00541384
0.176096	0.00541384	0.00548711
0.176096	0.00548711	0.00555122
0.176096	0.00555122	0.00560732
0.176096	0.00560732	0.0056564
0.176096	0.0056564	0.00569935
0.176096	0.00569935	0.00573693
0.176097	0.00573693	0.00576981
0.176292	0.00576981	0.00579859
0.176292	0.00579859	0.00582376
0.176292	0.00582376	0.00584579
0.176292	0.00584579	0.00586507
0.176292	0.00586507	0.00588193
0.176292	0.00588193	0.00589669
0.176292	0.00589669	0.00590961
0.176292	0.00590961	0.0059209
0.176292	0.0059209	0.00593079
0.176292	0.00593079	0.00593944
0.176292	0.00593944	0.00594701
0.176292	0.00594701	0.00595363
0.176293	0.00595363	0.00595943
0.176396	0.00595943	0.0059645
0.176396	0.0059645	0.00596894
0.176396	0.00596894	0.00597282
0.176396	0.00597282	0.00597622
0.176396	0.00597622	0.00597919
0.176396	0.00597919	0.00598179
0.176396	0.00598179	0.00598407
0.176396	0.00598407	0.00598606
0.176396	0.00598606	0.0059878
0.176396	0.0059878	0.00598932
0.176397	0.00598932	0.00599066
0.176397	0.00599066	0.00599183
0.176687	0.00599183	0.00599285
0.176688	0.00599285	0.00599374
0.176688	0.00599374	0.00599452
0.176688	0.00599452	0.00599521
0.176688	0.00599521	0.0059958
0.176688	0.0059958	0.00599633
0.176688	0.00599633	0.00599679
0.176688	0.00599679	0.00599719
0.176688	0.00599719	0.00599754
0.176688	0.00599754	0.00599785
0.176688	0.00599785	0.00599812
0.176688	0.00599812	0.00599835
0.176688	0.00599835	0.00599856
0.176688	0.00599856	0.00599874
0.176688	0.00599874	0.00599889
0.176689	0.00599889	0.00599903
0.176689	0.00599903	0.00599915
0.176689	0.00599915	0.00599926
0.176689	0.00599926	0.00599935
0.176689	0.00599935	0.00599943
0.176689	0.00599943	0.0059995
0.176689	0.0059995	0.00599956
0.176689	0.00599956	0.00599962
0.176689	0.00599962	0.00599966
0.176689	0.00599966	0.00599971
0.176689	0.00599971	0.00599974
0.176896	0.00599974	0.00599977
0.176896	0.00599977	0.0059998
0.176896	0.0059998	0.00599983
0.176896	0.00599983	0.00599985
0.176896	0.00599985	0.00599987
0.176896	0.00599987	0.00599988
0.176896	0.00599988	0.0059999
0.176896	0.0059999	0.00599991
0.176896	0.00599991	0.00599992
0.176896	0.00599992	0.00599993
0.176897	0.00599993	0.00599994
0.176897	0.00599994	0.00599994
0.176897	0.00599994	0.00599995
0.177096	0.00599995	0.00612496
0.177096	0.00612496	0.00623434
0.177096	0.00623434	0.00633004
0.177096	0.00633004	0.00641379
0.177096	0.00641379	0.00648706
0.177096	0.00648706	0.00655118
0.177096	0.00655118	0.00660728
0.177096	0.00660728	0.00665637
0.177096	0.00665637	0.00669932
0.177096	0.00669932	0.00673691
0.177097	0.00673691	0.0067698
0.177097	0.0067698	0.00679857
0.177097	0.00679857	0.00682375
0.177097	0.00682375	0.00684578
0.177097	0.00684578	0.00686506
0.177097	0.00686506	0.00688192
0.177097	0.00688192	0.00689668
0.177097	0.00689668	0.0069096
0.177097	0.0069096	0.0069209
0.177097	0.0069209	0.00693078
0.177097	0.00693078	0.00693944
0.177097	0.00693944	0.00694701
0.177097	0.00694701	0.00695363
0.177097	0.00695363	0.00695943
0.177098	0.00695943	0.0069645
0.177098	0.0069645	0.00696893
0.177098	0.00696893	0.00697282
0.177098	0.00697282	0.00697621
0.177196	0.00697621	0.00685419
0.177196	0.00685419	0.00674741
0.177196	0.00674741	0.00665399
0.177196	0.00665399	0.00657224
0.177196	0.00657224	0.00650071
0.177196	0.00650071	0.00643812
0.177196	0.00643812	0.00638335
0.177196	0.00638335	0.00633543
0.177196	0.00633543	0.0062935
0.177196	0.0062935	0.00625681
0.177197	0.00625681	0.00622471
0.177197	0.00622471	0.00619662
0.177197	0.00619662	0.00617205
0.177396	0.00617205	0.00615054
0.177396	0.00615054	0.00613172
0.177396	0.00613172	0.00611525
0.177396	0.00611525	0.00610085
0.177396	0.00610085	0.00608824
0.177396	0.00608824	0.00607721
0.177396	0.00607721	0.00606756
0.177396	0.00606756	0.00605911
0.177492	0.00605911	0.00605172
0.177492	0.00605172	0.00604526
0.177492	0.00604526	0.0060396
0.177492	0.0060396	0.00603465
0.177492	0.00603465	0.00603032
0.177492	0.00603032	0.00602653
0.177492	0.00602653	0.00602321
0.177492	0.00602321	0.00602031
0.177492	0.00602031	0.00601777
0.177492	0.00601777	0.00601555
0.177696	0.00601555	0.0060136
0.177696	0.0060136	0.0060119
0.177696	0.0060119	0.00601042
0.177696	0.00601042	0.00600911
0.177696	0.00600911	0.00600797
0.177696	0.00600797	0.00600698
0.177696	0.00600698	0.0060061
0.177696	0.0060061	0.00600534
0.177696	0.00600534	0.00600467
0.177696	0.00600467	0.00600409
0.177697	0.00600409	0.00600358
0.177697	0.00600358	0.00600313
0.177697	0.00600313	0.00600274
0.177796	0.00600274	0.00600239
0.177796	0.00600239	0.00600209
0.177796	0.00600209	0.00600183
0.177796	0.00600183	0.0060016
0.177796	0.0060016	0.0060014
0.177796	0.0060014	0.00600123
0.177796	0.00600123	0.00600107
0.177796	0.00600107	0.00600094
0.177796	0.00600094	0.00600082
0.177796	0.00600082	0.00600072
0.177797	0.00600072	0.00600063
0.177797	0.00600063	0.00600055
0.177797	0.00600055	0.00600048
0.177797	0.00600048	0.00600042
0.177896	0.00600042	0.00600037
0.177896	0.00600037	0.00600032
0.177896	0.00600032	0.00600028
0.177896	0.00600028	0.00600024
0.177896	0.00600024	0.00600021
0.177896	0.00600021	0.00600019
0.177896	0.00600019	0.00600016
0.177896	0.00600016	0.00600014
0.177896	0.00600014	0.00600012
0.177896	0.00600012	0.00600011
0.177897	0.00600011	0.00600009
0.177897	0.00600009	0.00600008
0.177897	0.00600008	0.00600007
0.177897	0.00600007	0.00600006
0.177897	0.00600006	0.00600005
0.177897	0.00600005	0.00600005
0.177897	0.00600005	0.00600004
0.177996	0.00600004	0.00600003
0.177996	0.00600003	0.00600003
0.177996	0.00600003	0.00600003
0.177996	0.00600003	0.00600002
0.177996	0.00600002	0.00600002
0.177996	0.00600002	0.00600002
0.177996	0.00600002	0.00600001
0.177996	0.00600001	0.00600001
0.177996	0.00600001	0.00600001
0.177996	0.00600001	0.00600001
0.177997	0.00600001	0.00600001
0.178096	0.00600001	0.00612501
0.178096	0.00612501	0.00623438
0.178096	0.00623438	0.00633008
0.178096	0.00633008	0.00641382
0.178096	0.00641382	0.00648709
0.178096	0.00648709	0.00655121
0.178096	0.00655121	0.0066073
0.178096	0.0066073	0.00665639
0.178096	0.00665639	0.00669934
0.178096	0.00669934	0.00673692
0.178097	0.00673692	0.00676981
0.178097	0.00676981	0.00679858
0.178296	0.00679858	0.00682376
0.178296	0.00682376	0.00684579
0.178296	0.00684579	0.00686507
0.178296	0.00686507	0.00688193
0.178296	0.00688193	0.00689669
0.178296	0.00689669	0.0069096
0.178296	0.0069096	0.0069209
0.178296	0.0069209	0.00693079
0.178296	0.00693079	0.00693944
0.178296	0.00693944	0.00694701
0.178596	0.00694701	0.00695363
0.178596	0.00695363	0.00695943
0.178596	0.00695943	0.0069645
0.178596	0.0069645	0.00696894
0.178596	0.00696894	0.00697282
0.178596	0.00697282	0.00697622
0.178596	0.00697622	0.00697919
0.178596	0.00697919	0.00698179
0.178596	0.00698179	0.00698407
0.178596	0.00698407	0.00698606
0.178597	0.00698606	0.0069878
0.178597	0.0069878	0.00698932
0.178597	0.00698932	0.00699066
0.178792	0.00699066	0.00699183
0.178792	0.00699183	0.00699285
0.178792	0.00699285	0.00699374
0.178792	0.00699374	0.00699452
0.178792	0.00699452	0.00699521
0.178792	0.00699521	0.0069958
0.178792	0.0069958	0.00699633
0.178792	0.00699633	0.00699679
0.178792	0.00699679	0.00699719
0.178792	0.00699719	0.00699754
0.178792	0.00699754	0.00699785
0.178792	0.00699785	0.00699812
0.178793	0.00699812	0.00699835
0.178793	0.00699835	0.00699856
0.178793	0.00699856	0.00699874
0.178887	0.00699874	0.00699889
0.178888	0.00699889	0.00699903
0.178888	0.00699903	0.00699915
0.178888	0.00699915	0.00699926
0.178888	0.00699926	0.00699935
0.179083	0.00699935	0.00712443
0.179083	0.00712443	0.00723388
0.179083	0.00723388	0.00732964
0.179084	0.00732964	0.00741344
0.179084	0.00741344	0.00748676
0.179084	0.00748676	0.00755091
0.179084	0.00755091	0.00760705
0.179084	0.00760705	0.00765617
0.179084	0.00765617	0.00769915
0.179183	0.00769915	0.00773675
0.179183	0.00773675	0.00776966
0.179183	0.00776966	0.00779845
0.179379	0.00779845	0.00782364
0.179379	0.00782364	0.00784569
0.179379	0.00784569	0.00786497
0.179487	0.00786497	0.00788185
0.179488	0.00788185	0.00789662
0.179488	0.00789662	0.00790954
0.179687	0.00790954	0.00792085
0.179688	0.00792085	0.00793074
0.179688	0.00793074	0.0079394
0.179688	0.0079394	0.00794698
0.179688	0.00794698	0.0079536
0.179688	0.0079536	0.0079594
0.179688	0.0079594	0.00796448
0.179992	0.00796448	0.00796892
0.179992	0.00796892	0.0079728
0.179992	0.0079728	0.0079762
0.179992	0.0079762	0.00797917
0.179992	0.00797917	0.00798178
0.179992	0.00798178	0.00798406
0.179992	0.00798406	0.00798605
0.179992	0.00798605	0.00798779
0.179992	0.00798779	0.00798932
0.179992	0.00798932	0.00799065
0.179992	0.00799065	0.00799182
0.179992	0.00799182	0.00799284
0.179993	0.00799284	0.00799374
0.180096	0.00799374	0.00811952
0.180096	0.00811952	0.00822958
0.180096	0.00822958	0.00832588
0.180096	0.00832588	0.00841015
0.180096	0.00841015	0.00848388
0.180096	0.00848388	0.00854839
0.180275	0.00854839	0.00860484
0.180275	0.00860484	0.00865424
0.180275	0.00865424	0.00869746
0.180275	0.00869746	0.00873527
0.180275	0.00873527	0.00876836
0.180275	0.00876836	0.00879732
0.180275	0.00879732	0.00882265
0.180396	0.00882265	0.00871982
0.180396	0.00871982	0.00862984
0.180396	0.00862984	0.00855111
0.180396	0.00855111	0.00848222
0.180396	0.00848222	0.00842195
0.180592	0.00842195	0.0083692
0.180592	0.0083692	0.00832305
0.180592	0.00832305	0.00828267
0.180592	0.00828267	0.00824733
0.180592	0.00824733	0.00821642
0.180592	0.00821642	0.00818936
0.180592	0.00818936	0.00816569
0.180592	0.00816569	0.00814498
0.180592	0.00814498	0.00812686
0.180592	0.00812686	0.008111
0.180592	0.008111	0.00809713
0.180592	0.00809713	0.00808498
0.180696	0.00808498	0.00807436
0.180696	0.00807436	0.00806506
0.180696	0.00806506	0.00805693
0.180696	0.00805693	0.00804981
0.180696	0.00804981	0.00804359
0.180696	0.00804359	0.00803814
0.180696	0.00803814	0.00803337
0.180696	0.00803337	0.0080292
0.180696	0.0080292	0.00802555
0.180696	0.00802555	0.00802235
0.180896	0.00802235	0.00801956
0.180896	0.00801956	0.00801711
0.180896	0.00801711	0.00801497
0.180896	0.00801497	0.0080131
0.180896	0.0080131	0.00801146
0.180896	0.00801146	0.00801003
0.180896	0.00801003	0.00800878
0.180896	0.00800878	0.00800768
0.180896	0.00800768	0.00800672
0.180896	0.00800672	0.00800588
0.180897	0.00800588	0.00800514
0.180897	0.00800514	0.0080045
0.180897	0.0080045	0.00800394
0.180996	0.00800394	0.00800344
0.180996	0.00800344	0.00800301
0.180996	0.00800301	0.00800264
0.180996	0.00800264	0.00800231
0.180996	0.00800231	0.00800202
0.180996	0.00800202	0.00800176
0.180996	0.00800176	0.00800154
0.180996	0.00800154	0.00800135
0.180996	0.00800135	0.00800118
0.180996	0.00800118	0.00800103
0.180997	0.00800103	0.0080009
0.180997	0.0080009	0.00800079
0.180997	0.00800079	0.00800069
0.180997	0.00800069	0.0080006
0.180997	0.0080006	0.00800053
0.180997	0.00800053	0.00800046
0.180997	0.00800046	0.0080004
0.180997	0.0080004	0.00800035
0.180997	0.00800035	0.00800031
0.181196	0.00800031	0.00812527
0.181196	0.00812527	0.00823461
0.181196	0.00823461	0.00833028
0.181196	0.00833028	0.008414
0.181196	0.008414	0.00848725
0.181196	0.00848725	0.00855134
0.181196	0.00855134	0.00860742
0.181196	0.00860742	0.0086565
0.181196	0.0086565	0.00869943
0.181196	0.00869943	0.008737
0.181197	0.008737	0.00876988
0.181197	0.00876988	0.00867364
0.181197	0.00867364	0.00858944
0.181197	0.00858944	0.00851576
0.181197	0.00851576	0.00845129
0.181197	0.00845129	0.00839487
0.181197	0.00839487	0.00834551
0.181197	0.00834551	0.00830232
0.181197	0.00830232	0.00826453
0.181197	0.00826453	0.00823147
0.181197	0.00823147	0.00820253
0.181592	0.00820253	0.00817722
0.181592	0.00817722	0.00815506
0.181592	0.00815506	0.00813568
0.181592	0.00813568	0.00811872
0.181592	0.00811872	0.00810388
0.181592	0.00810388	0.0080909
0.181592	0.0080909	0.00807953
0.181592	0.00807953	0.00806959
0.181592	0.00806959	0.00806089
0.181592	0.00806089	0.00805328
0.181592	0.00805328	0.00804662
0.181592	0.00804662	0.00804079
0.181593	0.00804079	0.00803569
0.181796	0.00803569	0.00803123
0.181796	0.00803123	0.00802733
0.181796	0.00802733	0.00802391
0.181796	0.00802391	0.00802092
0.181796	0.00802092	0.00801831
0.181796	0.00801831	0.00801602
0.181796	0.00801602	0.00801401
0.181796	0.00801401	0.00801226
0.181796	0.00801226	0.00801073
0.181796	0.00801073	0.00800939
0.181797	0.00800939	0.00800821
0.181797	0.00800821	0.00800719
0.181797	0.00800719	0.00800629
0.181797	0.00800629	0.0080055
0.181797	0.0080055	0.00800481
0.181797	0.00800481	0.00800421
0.181797	0.00800421	0.00800368
0.181797	0.00800368	0.00800322
0.181797	0.00800322	0.00800282
0.181797	0.00800282	0.00800247
0.181797	0.00800247	0.00800216
0.181797	0.00800216	0.00800189
0.181797	0.00800189	0.00800165
0.181797	0.00800165	0.00800144
0.181798	0.00800144	0.00800126
0.181798	0.00800126	0.00800111
0.181798	0.00800111	0.00800097
0.181798	0.00800097	0.00800085
0.181996	0.00800085	0.00800074
0.181996	0.00800074	0.00800065
0.181996	0.00800065	0.00800057
0.181996	0.00800057	0.00800049
0.181996	0.00800049	0.00800043
0.181996	0.00800043	0.00800038
0.181996	0.00800038	0.00800033
0.181996	0.00800033	0.00800029
0.181996	0.00800029	0.00800025
0.181996	0.00800025	0.00800022
0.181997	0.00800022	0.00800019
0.181997	0.00800019	0.00800017
0.181997	0.00800017	0.00800015
0.181997	0.00800015	0.00800013
0.181997	0.00800013	0.00800011
0.181997	0.00800011	0.0080001
0.181997	0.0080001	0.00800009
0.181997	0.00800009	0.00800007
0.181997	0.00800007	0.00800006
0.181997	0.00800006	0.00800006
0.181997	0.00800006	0.00800005
0.181997	0.00800005	0.00800004
0.181997	0.00800004	0.00800004
0.182096	0.00800004	0.00812503
0.182096	0.00812503	0.0082344
0.182096	0.0082344	0.0083301
0.182096	0.0083301	0.00841384
0.182096	0.00841384	0.00848711
0.182096	0.00848711	0.00855122
0.182096	0.00855122	0.00860732
0.182096	0.00860732	0.0086564
0.182096	0.0086564	0.00869935
0.182096	0.00869935	0.00873693
0.182097	0.00873693	0.00876981
0.182196	0.00876981	0.00879859
0.182196	0.00879859	0.00882376
0.182196	0.00882376	0.00884579
0.182196	0.00884579	0.00861507
0.182196	0.00861507	0.00841318
0.182196	0.00841318	0.00823654
0.182196	0.00823654	0.00808197
0.182196	0.00808197	0.00794672
0.182196	0.00794672	0.00782838
0.182196	0.00782838	0.00772483
0.182197	0.00772483	0.00763423
0.182396	0.00763423	0.00755495
0.182396	0.00755495	0.00748558
0.182396	0.00748558	0.00742488
0.182396	0.00742488	0.00737177
0.182396	0.00737177	0.0073253
0.182396	0.0073253	0.00728464
0.182396	0.00728464	0.00724906
0.182396	0.00724906	0.00721792
0.182396	0.00721792	0.00719068
0.182396	0.00719068	0.00716685
0.182397	0.00716685	0.00714599
0.182496	0.00714599	0.00712774
0.182496	0.00712774	0.00711177
0.182496	0.00711177	0.0070978
0.182496	0.0070978	0.00708558
0.182496	0.00708558	0.00707488
0.182496	0.00707488	0.00706552
0.182496	0.00706552	0.00705733
0.182496	0.00705733	0.00705016
0.182496	0.00705016	0.00704389
0.182496	0.00704389	0.0070384
0.182497	0.0070384	0.0070336
0.182696	0.0070336	0.0070294
0.182696	0.0070294	0.00702573
0.182696	0.00702573	0.00702251
0.182696	0.00702251	0.0070197
0.182696	0.0070197	0.00701723
0.182696	0.00701723	0.00701508
0.182696	0.00701508	0.00701319
0.182696	0.00701319	0.00701154
0.182696	0.00701154	0.0070101
0.182696	0.0070101	0.00700884
0.182697	0.00700884	0.00700773
0.182697	0.00700773	0.00700677
0.182697	0.00700677	0.00700592
0.182796	0.00700592	0.00700518
0.182796	0.00700518	0.00700453
0.182796	0.00700453	0.00700397
0.182796	0.00700397	0.00700347
0.182796	0.00700347	0.00700304
0.182796	0.00700304	0.00700265
0.182796	0.00700265	0.00700232
0.182796	0.00700232	0.00700203
0.182796	0.00700203	0.00700178
0.182796	0.00700178	0.00700155
0.182797	0.00700155	0.00700136
0.182797	0.00700136	0.00700119
0.182797	0.00700119	0.00700104
0.182797	0.00700104	0.00700091
0.182797	0.00700091	0.0070008
0.182797	0.0070008	0.0070007
0.182797	0.0070007	0.00700061
0.182797	0.00700061	0.00700053
0.182797	0.00700053	0.00700046
0.182797	0.00700046	0.00700041
0.182797	0.00700041	0.00700035
0.182996	0.00700035	0.00700031
0.182996	0.00700031	0.00700027
0.182996	0.00700027	0.00700024
0.182996	0.00700024	0.00700021
0.182996	0.00700021	0.00700018
0.182996	0.00700018	0.00700016
0.182996	0.00700016	0.00700014
0.182996	0.00700014	0.00700012
0.182996	0.00700012	0.0070001
0.182996	0.0070001	0.00700009
0.182997	0.00700009	0.00700008
0.182997	0.00700008	0.00700007
0.182997	0.00700007	0.00700006
0.182997	0.00700006	0.00700005
0.182997	0.00700005	0.00700004
0.182997	0.00700004	0.00700004
0.182997	0.00700004	0.00700003
0.182997	0.00700003	0.00700003
0.182997	0.00700003	0.00700002
0.182997	0.00700002	0.00700002
0.182997	0.00700002	0.00700002
0.182997	0.00700002	0.00700002
0.182997	0.00700002	0.00700001
0.183096	0.00700001	0.00712501
0.183096	0.00712501	0.00723438
0.183096	0.00723438	0.00733009
0.183096	0.00733009	0.00741382
0.183096	0.00741382	0.0074871
0.183096	0.0074871	0.00755121
0.183096	0.00755121	0.00760731
0.183096	0.00760731	0.00765639
0.183096	0.00765639	0.00769934
0.183096	0.00769934	0.00773693
0.183196	0.00773693	0.00776981
0.183196	0.00776981	0.00779858
0.183196	0.00779858	0.00782376
0.183196	0.00782376	0.00784579
0.183196	0.00784579	0.00786506
0.183196	0.00786506	0.00788193
0.183196	0.00788193	0.00789669
0.183196	0.00789669	0.0079096
0.183196	0.0079096	0.0079209
0.183196	0.0079209	0.00793079
0.183596	0.00793079	0.00793944
0.183596	0.00793944	0.00794701
0.183596	0.00794701	0.00795363
0.183596	0.00795363	0.00795943
0.183596	0.00795943	0.0079645
0.183596	0.0079645	0.00796894
0.183596	0.00796894	0.00797282
0.183596	0.00797282	0.00797622
0.183596	0.00797622	0.00797919
0.183596	0.00797919	0.00798179
0.183597	0.00798179	0.00798407
0.183597	0.00798407	0.00786106
0.183597	0.00786106	0.00775342
0.183787	0.00775342	0.00765925
0.183788	0.00765925	0.00757684
0.183788	0.00757684	0.00750474
0.183788	0.00750474	0.00744164
0.183788	0.00744164	0.00738644
0.183788	0.00738644	0.00733813
0.183788	0.00733813	0.00729587
0.183788	0.00729587	0.00725888
0.183788	0.00725888	0.00722652
0.183788	0.00722652	0.00719821
0.183788	0.00719821	0.00717343
0.183788	0.00717343	0.00715175
0.183788	0.00715175	0.00713278
0.183788	0.00713278	0.00711618
0.183887	0.00711618	0.00710166
0.183888	0.00710166	0.00708895
0.183888	0.00708895	0.00707783
0.183888	0.00707783	0.0070681
0.183888	0.0070681	0.00705959
0.184083	0.00705959	0.00717714
0.184083	0.00717714	0.00728
0.184083	0.00728	0.00737
0.184084	0.00737	0.00744875
0.184084	0.00744875	0.00751765
0.184084	0.00751765	0.00757795
0.184084	0.00757795	0.0076307
0.184187	0.0076307	0.00767686
0.184188	0.00767686	0.00771726
0.184188	0.00771726	0.0077526
0.184383	0.0077526	0.00778352
0.184383	0.00778352	0.00781058
0.184383	0.00781058	0.00783426
0.184384	0.00783426	0.00785498
0.184479	0.00785498	0.0078731
0.184479	0.0078731	0.00788897
0.184479	0.00788897	0.00790285
0.184687	0.00790285	0.00791499
0.184688	0.00791499	0.00792562
0.184688	0.00792562	0.00793491
0.184688	0.00793491	0.00794305
0.184688	0.00794305	0.00795017
0.184688	0.00795017	0.0079564
0.184688	0.0079564	0.00796185
0.184787	0.00796185	0.00796661
0.184788	0.00796661	0.00797079
0.184788	0.00797079	0.00797444
0.185387	0.00797444	0.00810263
0.185388	0.00810263	0.0082148
0.185388	0.0082148	0.00831295
0.185388	0.00831295	0.00839883
0.185388	0.00839883	0.00847398
0.185388	0.00847398	0.00853973
0.185388	0.00853973	0.00859726
0.185388	0.00859726	0.0086476
0.185388	0.0086476	0.00869165
0.185388	0.00869165	0.0087302
0.185388	0.0087302	0.00876392
0.185492	0.00876392	0.00879343
0.185492	0.00879343	0.00881925
0.185492	0.00881925	0.00884184
0.185492	0.00884184	0.00886161
0.185492	0.00886161	0.00887891
0.185492	0.00887891	0.00889405
0.185492	0.00889405	0.00890729
0.185492	0.00890729	0.00891888
0.185492	0.00891888	0.00892902
0.185492	0.00892902	0.00893789
0.185492	0.00893789	0.00894566
0.185492	0.00894566	0.00895245
0.185493	0.00895245	0.00895839
0.185587	0.00895839	0.00896359
0.185588	0.00896359	0.00896814
0.185588	0.00896814	0.00897212
0.185588	0.00897212	0.00897561
0.185588	0.00897561	0.00897866
0.185696	0.00897866	0.00898132
0.185696	0.00898132	0.00898366
0.185696	0.00898366	0.0089857
0.185696	0.0089857	0.00898749
0.185787	0.00898749	0.00898905
0.185788	0.00898905	0.00899042
0.185788	0.00899042	0.00899162
0.185788	0.00899162	0.00899266
0.185883	0.00899266	0.00899358
0.185883	0.00899358	0.00899438
0.185883	0.00899438	0.00899508
0.185884	0.00899508	0.0089957
0.185992	0.0089957	0.00899624
0.185992	0.00899624	0.00899671
0.185992	0.00899671	0.00899712
0.185992	0.00899712	0.00899748
0.186183	0.00899748	0.00912279
0.186183	0.00912279	0.00923244
0.186183	0.00923244	0.00932839
0.186184	0.00932839	0.00941234
0.186184	0.00941234	0.00948579
0.186184	0.00948579	0.00955007
0.186283	0.00955007	0.00960631
0.186283	0.00960631	0.00965552
0.186283	0.00965552	0.00969858
0.186284	0.00969858	0.00973626
0.186496	0.00973626	0.00976922
0.186496	0.00976922	0.00979807
0.186496	0.00979807	0.00982331
0.186587	0.00982331	0.0098454
0.186588	0.0098454	0.00986472
0.186588	0.00986472	0.00988163
0.186796	0.00988163	0.00989643
0.186796	0.00989643	0.00990937
0.186796	0.00990937	0.0099207
0.186796	0.0099207	0.00993061
0.186796	0.00993061	0.00993929
0.186796	0.00993929	0.00994688
0.186796	0.00994688	0.00995352
0.186796	0.00995352	0.00995933
0.186796	0.00995933	0.00996441
0.186796	0.00996441	0.00996886
0.186892	0.00996886	0.00997275
0.186892	0.00997275	0.00997616
0.186892	0.00997616	0.00997914
0.186892	0.00997914	0.00998174
0.186892	0.00998174	0.00998403
0.187096	0.00998403	0.010111
0.187096	0.010111	0.0102221
0.187096	0.0102221	0.0103194
0.187096	0.0103194	0.0104045
0.187096	0.0104045	0.0104789
0.187096	0.0104789	0.010544
0.187096	0.010544	0.010601
0.187096	0.010601	0.0106509
0.187096	0.0106509	0.0106945
0.187096	0.0106945	0.0107327
0.187097	0.0107327	0.0107661
0.187097	0.0107661	0.0107954
0.187097	0.0107954	0.0108209
0.187296	0.0108209	0.0108433
0.187296	0.0108433	0.0108629
0.187296	0.0108629	0.01088
0.187296	0.01088	0.010895
0.187296	0.010895	0.0109082
0.187296	0.0109082	0.0109196
0.187296	0.0109196	0.0109297
0.187296	0.0109297	0.0109385
0.187296	0.0109385	0.0109462
0.187296	0.0109462	0.0109529
0.187297	0.0109529	0.0109588
0.187297	0.0109588	0.0109639
0.187297	0.0109639	0.0109684
0.187297	0.0109684	0.0108474
0.187297	0.0108474	0.0107415
0.187297	0.0107415	0.0106488
0.187297	0.0106488	0.0105677
0.187297	0.0105677	0.0104967
0.187297	0.0104967	0.0104346
0.187297	0.0104346	0.0103803
0.187297	0.0103803	0.0103328
0.187297	0.0103328	0.0102912
0.187297	0.0102912	0.0102548
0.187297	0.0102548	0.0102229
0.187298	0.0102229	0.0101951
0.187298	0.0101951	0.0101707
0.187298	0.0101707	0.0101493
0.187298	0.0101493	0.0101307
0.187396	0.0101307	0.0101143
0.187396	0.0101143	0.0101
0.187592	0.0101	0.0100875
0.187592	0.0100875	0.0100766
0.187592	0.0100766	0.010067
0.187592	0.010067	0.0100586
0.187592	0.0100586	0.0100513
0.187592	0.0100513	0.0100449
0.187592	0.0100449	0.0100393
0.187592	0.0100393	0.0100344
0.187592	0.0100344	0.0100301
0.187592	0.0100301	0.0100263
0.187592	0.0100263	0.010023
0.187592	0.010023	0.0100201
0.187593	0.0100201	0.0100176
0.187696	0.0100176	0.0100154
0.187696	0.0100154	0.0100135
0.187696	0.0100135	0.0100118
0.187696	0.0100118	0.0100103
0.187696	0.0100103	0.010009
0.187696	0.010009	0.0100079
0.187696	0.0100079	0.0100069
0.187696	0.0100069	0.0100061
0.187696	0.0100061	0.0100053
0.187696	0.0100053	0.0100046
0.187697	0.0100046	0.0100041
0.187697	0.0100041	0.0100035
0.187697	0.0100035	0.0100031
0.187896	0.0100031	0.0100027
0.187896	0.0100027	0.0100024
0.187896	0.0100024	0.0100021
0.187896	0.0100021	0.0100018
0.187896	0.0100018	0.0100016
0.187896	0.0100016	0.0100014
0.187896	0.0100014	0.0100012
0.187896	0.0100012	0.0100011
0.187896	0.0100011	0.0100009
0.187896	0.0100009	0.0100008
0.187897	0.0100008	0.0100007
0.187897	0.0100007	0.0100006
0.187897	0.0100006	0.0100005
0.187996	0.0100005	0.0100005
0.187996	0.0100005	0.0100004
0.187996	0.0100004	0.0100004
0.187996	0.0100004	0.0100003
0.187996	0.0100003	0.0100003
0.187996	0.0100003	0.0100002
0.187996	0.0100002	0.0100002
0.187996	0.0100002	0.0100002
0.187996	0.0100002	0.0100002
0.187996	0.0100002	0.0100001
0.187997	0.0100001	0.0100001
0.187997	0.0100001	0.0100001
0.187997	0.0100001	0.0100001
0.187997	0.0100001	0.0100001
0.187997	0.0100001	0.0100001
0.187997	0.0100001	0.0100001
0.187997	0.0100001	0.0100001
0.187997	0.0100001	0.01
0.188196	0.01	0.010125
0.188196	0.010125	0.0102344
0.188196	0.0102344	0.0103301
0.188196	0.0103301	0.0104138
0.188196	0.0104138	0.0104871
0.188196	0.0104871	0.0105512
0.188196	0.0105512	0.0106073
0.188196	0.0106073	0.0106564
0.188196	0.0106564	0.0106994
0.188196	0.0106994	0.0107369
0.188197	0.0107369	0.0107698
0.188197	0.0107698	0.0107986
0.188197	0.0107986	0.0108238
0.188396	0.0108238	0.0108458
0.188396	0.0108458	0.0108651
0.188396	0.0108651	0.0108819
0.188396	0.0108819	0.0108967
0.188396	0.0108967	0.0109096
0.188396	0.0109096	0.0109209
0.188396	0.0109209	0.0109308
0.188696	0.0109308	0.0109394
0.188696	0.0109394	0.010947
0.188696	0.010947	0.0109536
0.188696	0.0109536	0.0109594
0.188696	0.0109594	0.0109645
0.188696	0.0109645	0.0109689
0.188696	0.0109689	0.0109728
0.188696	0.0109728	0.0109762
0.188696	0.0109762	0.0109792
0.188696	0.0109792	0.0109818
0.188697	0.0109818	0.0109841
0.188697	0.0109841	0.0109861
0.188697	0.0109861	0.0109878
0.188792	0.0109878	0.0109893
0.188792	0.0109893	0.0109907
0.188792	0.0109907	0.0109918
0.188792	0.0109918	0.0109928
0.188792	0.0109928	0.0109937
0.188792	0.0109937	0.0109945
0.188792	0.0109945	0.0109952
0.188792	0.0109952	0.0109958
0.188983	0.0109958	0.0109963
0.188983	0.0109963	0.0109968
0.188983	0.0109968	0.0109972
0.188984	0.0109972	0.0109975
0.188984	0.0109975	0.0109978
0.188984	0.0109978	0.0109981
0.188984	0.0109981	0.0109984
0.188984	0.0109984	0.0109986
0.189092	0.0109986	0.0111237
0.189092	0.0111237	0.0112333
0.189092	0.0112333	0.0113291
0.189092	0.0113291	0.011413
0.189287	0.011413	0.0114863
0.189288	0.0114863	0.0115506
0.189288	0.0115506	0.0116067
0.189288	0.0116067	0.0116559
0.189288	0.0116559	0.0116989
0.189288	0.0116989	0.0117365
0.189288	0.0117365	0.0117695
0.189587	0.0117695	0.0117983
0.189588	0.0117983	0.0118235
0.189588	0.0118235	0.0118456
0.189588	0.0118456	0.0118649
0.189588	0.0118649	0.0118818
0.189588	0.0118818	0.0118965
0.189692	0.0118965	0.0119095
0.189692	0.0119095	0.0119208
0.189692	0.0119208	0.0119307
0.189883	0.0119307	0.0119394
0.189883	0.0119394	0.0119469
0.189883	0.0119469	0.0119536
0.189884	0.0119536	0.0119594
0.189884	0.0119594	0.0119644
0.189884	0.0119644	0.0119689
0.189884	0.0119689	0.0119728
0.189884	0.0119728	0.0119762
0.189884	0.0119762	0.0119792
0.189884	0.0119792	0.0119818
0.189992	0.0119818	0.011984
0.189992	0.011984	0.011986
0.189992	0.011986	0.0119878
0.189992	0.0119878	0.0119893
0.189992	0.0119893	0.0119906
0.190192	0.0119906	0.0121168
0.190192	0.0121168	0.0122272
0.190192	0.0122272	0.0123238
0.190192	0.0123238	0.0124083
0.190192	0.0124083	0.0124823
0.190192	0.0124823	0.012547
0.190192	0.012547	0.0126036
0.190192	0.0126036	0.0126532
0.190192	0.0126532	0.0126965
0.190292	0.0126965	0.0127345
0.190292	0.0127345	0.0127677
0.190292	0.0127677	0.0127967
0.190292	0.0127967	0.0128221
0.190292	0.0128221	0.0128443
0.190492	0.0128443	0.0128638
0.190492	0.0128638	0.0128808
0.190492	0.0128808	0.0128957
0.190492	0.0128957	0.0129088
0.190492	0.0129088	0.0129202
0.190783	0.0129202	0.0129301
0.190783	0.0129301	0.0129389
0.190783	0.0129389	0.0129465
0.190784	0.0129465	0.0129532
0.190784	0.0129532	0.012959
0.190784	0.012959	0.0129642
0.190784	0.0129642	0.0129686
0.190784	0.0129686	0.0129726
0.190784	0.0129726	0.012976
0.190784	0.012976	0.012979
0.190784	0.012979	0.0129816
0.190784	0.0129816	0.0129839
0.190784	0.0129839	0.0129859
0.190896	0.0129859	0.0129877
0.190896	0.0129877	0.0129892
0.190896	0.0129892	0.0129906
0.190896	0.0129906	0.0129917
0.190896	0.0129917	0.0129928
0.190896	0.0129928	0.0129937
0.190896	0.0129937	0.0129945
0.190896	0.0129945	0.0129952
0.190896	0.0129952	0.0129958
0.191083	0.0129958	0.0131213
0.191083	0.0131213	0.0132311
0.191083	0.0132311	0.0133272
0.191084	0.0133272	0.0134113
0.191084	0.0134113	0.0134849
0.191084	0.0134849	0.0135493
0.191084	0.0135493	0.0136056
0.191192	0.0136056	0.0136549
0.191192	0.0136549	0.0136981
0.191192	0.0136981	0.0137358
0.191396	0.0137358	0.0137688
0.191396	0.0137688	0.0137977
0.191396	0.0137977	0.013823
0.191396	0.013823	0.0138451
0.191696	0.0138451	0.0138645
0.191696	0.0138645	0.0138814
0.191696	0.0138814	0.0138963
0.191696	0.0138963	0.0139092
0.191696	0.0139092	0.0139206
0.191696	0.0139206	0.0139305
0.191696	0.0139305	0.0139392
0.191696	0.0139392	0.0139468
0.191696	0.0139468	0.0139534
0.191696	0.0139534	0.0139593
0.191697	0.0139593	0.0139643
0.191697	0.0139643	0.0139688
0.191697	0.0139688	0.0139727
0.191896	0.0139727	0.0139761
0.191896	0.0139761	0.0139791
0.191896	0.0139791	0.0138567
0.191896	0.0138567	0.0137496
0.191896	0.0137496	0.0136559
0.191896	0.0136559	0.0135739
0.191896	0.0135739	0.0135022
0.191896	0.0135022	0.0134394
0.191896	0.0134394	0.0133845
0.191896	0.0133845	0.0133364
0.191996	0.0133364	0.0132944
0.191996	0.0132944	0.0132576
0.191996	0.0132576	0.0132254
0.191996	0.0132254	0.0131972
0.191996	0.0131972	0.0131726
0.192196	0.0131726	0.013276
0.192196	0.013276	0.0133665
0.192196	0.0133665	0.0134457
0.192196	0.0134457	0.013515
0.192196	0.013515	0.0135756
0.192196	0.0135756	0.0136286
0.192196	0.0136286	0.0136751
0.192196	0.0136751	0.0137157
0.192196	0.0137157	0.0137512
0.192196	0.0137512	0.0137823
0.192197	0.0137823	0.0138095
0.192287	0.0138095	0.0138333
0.192288	0.0138333	0.0138542
0.192288	0.0138542	0.0138724
0.192288	0.0138724	0.0138883
0.192288	0.0138883	0.0139023
0.192288	0.0139023	0.0139145
0.192496	0.0139145	0.0139252
0.192496	0.0139252	0.0139346
0.192496	0.0139346	0.0139427
0.192496	0.0139427	0.0139499
0.192496	0.0139499	0.0139562
0.192796	0.0139562	0.0139616
0.192796	0.0139616	0.0139664
0.192796	0.0139664	0.0139706
0.192796	0.0139706	0.0139743
0.192796	0.0139743	0.0139775
0.192796	0.0139775	0.0139803
0.192796	0.0139803	0.0139828
0.192796	0.0139828	0.0139849
0.192796	0.0139849	0.0139868
0.192796	0.0139868	0.0139885
0.192797	0.0139885	0.0139899
0.192797	0.0139899	0.0139912
0.192797	0.0139912	0.0139923
0.192996	0.0139923	0.0139932
0.192996	0.0139932	0.0139941
0.192996	0.0139941	0.0139948
0.192996	0.0139948	0.0139955
0.192996	0.0139955	0.013996
0.192996	0.013996	0.0139965
0.192996	0.0139965	0.013997
0.192996	0.013997	0.0139973
0.192996	0.0139973	0.0139977
0.192996	0.0139977	0.013998
0.192997	0.013998	0.0139982
0.192997	0.0139982	0.0139984
0.193087	0.0139984	0.0141236
0.193088	0.0141236	0.0142332
0.193088	0.0142332	0.014329
0.193088	0.014329	0.0144129
0.193192	0.0144129	0.0144863
0.193192	0.0144863	0.0145505
0.193192	0.0145505	0.0146067
0.193292	0.0146067	0.0146559
0.193292	0.0146559	0.0146989
0.193292	0.0146989	0.0147365
0.193292	0.0147365	0.0147694
0.193583	0.0147694	0.0147983
0.193583	0.0147983	0.0148235
0.193583	0.0148235	0.0148455
0.193584	0.0148455	0.0148649
0.193584	0.0148649	0.0148817
0.193584	0.0148817	0.0148965
0.193892	0.0148965	0.0149095
0.193892	0.0149095	0.0149208
0.193892	0.0149208	0.0149307
0.193892	0.0149307	0.0149393
0.193892	0.0149393	0.0149469
0.193892	0.0149469	0.0149536
0.193892	0.0149536	0.0149594
0.193892	0.0149594	0.0149644
0.193987	0.0149644	0.0149689
0.193988	0.0149689	0.0149728
0.193988	0.0149728	0.0149762
0.194196	0.0149762	0.0151042
0.194196	0.0151042	0.0152161
0.194196	0.0152161	0.0153141
0.194196	0.0153141	0.0153999
0.194196	0.0153999	0.0154749
0.194196	0.0154749	0.0155405
0.194196	0.0155405	0.0155979
0.194287	0.0155979	0.0156482
0.194288	0.0156482	0.0156922
0.194288	0.0156922	0.0157307
0.194487	0.0157307	0.0157643
0.194488	0.0157643	0.0157938
0.194488	0.0157938	0.0158196
0.194587	0.0158196	0.0158421
0.194588	0.0158421	0.0158618
0.194588	0.0158618	0.0158791
0.194787	0.0158791	0.0158942
0.194788	0.0158942	0.0159074
0.194788	0.0159074	0.015919
0.194788	0.015919	0.0159291
0.194788	0.0159291	0.015938
0.194788	0.015938	0.0159457
0.194788	0.0159457	0.0158275
0.194887	0.0158275	0.0157241
0.194888	0.0157241	0.0156336
0.194888	0.0156336	0.0155544
0.195092	0.0155544	0.0156101
0.195092	0.0156101	0.0156588
0.195092	0.0156588	0.0157015
0.195092	0.0157015	0.0157388
0.195092	0.0157388	0.0157714
0.195092	0.0157714	0.0158
0.195092	0.0158	0.015825
0.195187	0.015825	0.0158469
0.195188	0.0158469	0.015866
0.195188	0.015866	0.0158828
0.195396	0.0158828	0.0158974
0.195396	0.0158974	0.0159102
0.195396	0.0159102	0.0159215
0.195396	0.0159215	0.0159313
0.195692	0.0159313	0.0159399
0.195692	0.0159399	0.0159474
0.195692	0.0159474	0.015954
0.195692	0.015954	0.0159597
0.195692	0.0159597	0.0159647
0.195692	0.0159647	0.0159692
0.195692	0.0159692	0.015973
0.195692	0.015973	0.0159764
0.195692	0.0159764	0.0159793
0.195692	0.0159793	0.0159819
0.195692	0.0159819	0.0159842
0.195692	0.0159842	0.0159862
0.195693	0.0159862	0.0159879
0.195887	0.0159879	0.0159894
0.195888	0.0159894	0.0159907
0.195888	0.0159907	0.0159919
0.195888	0.0159919	0.0159929
0.195888	0.0159929	0.0159938
0.195888	0.0159938	0.0159946
0.195888	0.0159946	0.0159952
0.195888	0.0159952	0.0159958
0.195888	0.0159958	0.0159964
0.195996	0.0159964	0.0159968
0.195996	0.0159968	0.0159972
0.195996	0.0159972	0.0159976
0.196187	0.0159976	0.0161229
0.196188	0.0161229	0.0162325
0.196188	0.0162325	0.0163284
0.196188	0.0163284	0.0164124
0.196188	0.0164124	0.0164858
0.196188	0.0164858	0.0165501
0.196188	0.0165501	0.0166063
0.196292	0.0166063	0.0166555
0.196292	0.0166555	0.0166986
0.196292	0.0166986	0.0167363
0.196292	0.0167363	0.0167692
0.196587	0.0167692	0.0167981
0.196588	0.0167981	0.0168233
0.196588	0.0168233	0.0168454
0.196588	0.0168454	0.0167397
0.196588	0.0167397	0.0166473
0.196588	0.0166473	0.0165664
0.196588	0.0165664	0.0164956
0.196687	0.0164956	0.0164336
0.196688	0.0164336	0.0163794
0.196688	0.0163794	0.016332
0.196688	0.016332	0.0162905
0.196688	0.0162905	0.0162542
0.196688	0.0162542	0.0162224
0.196987	0.0162224	0.0161946
0.196988	0.0161946	0.0161703
0.196988	0.0161703	0.016149
0.196988	0.016149	0.0161304
0.196988	0.0161304	0.0161141
0.196988	0.0161141	0.0160998
0.196988	0.0160998	0.0160873
0.196988	0.0160873	0.0160764
0.196988	0.0160764	0.0160669
0.196988	0.0160669	0.0160585
0.196988	0.0160585	0.0160512
0.196988	0.0160512	0.0160448
0.196988	0.0160448	0.0160392
0.197196	0.0160392	0.0161593
0.197196	0.0161593	0.0162644
0.197196	0.0162644	0.0163563
0.197196	0.0163563	0.0164368
0.197196	0.0164368	0.0165072
0.197196	0.0165072	0.0165688
0.197196	0.0165688	0.0166227
0.197196	0.0166227	0.0166699
0.197196	0.0166699	0.0167111
0.197196	0.0167111	0.0167472
0.197197	0.0167472	0.0167788
0.197197	0.0167788	0.0168065
0.197197	0.0168065	0.0168307
0.197387	0.0168307	0.0168518
0.197388	0.0168518	0.0168704
0.197388	0.0168704	0.0168866
0.197388	0.0168866	0.0169007
0.197496	0.0169007	0.0169131
0.197496	0.0169131	0.016924
0.197496	0.016924	0.0169335
0.197496	0.0169335	0.0169418
0.197496	0.0169418	0.0169491
0.197496	0.0169491	0.0169554
0.197683	0.0169554	0.016961
0.197683	0.016961	0.0169659
0.197683	0.0169659	0.0169702
0.197684	0.0169702	0.0169739
0.197684	0.0169739	0.0169771
0.197684	0.0169771	0.01698
0.197684	0.01698	0.0169825
0.197684	0.0169825	0.0169847
0.197684	0.0169847	0.0169866
0.197796	0.0169866	0.0169883
0.197796	0.0169883	0.0169897
0.197796	0.0169897	0.016991
0.197796	0.016991	0.0169921
0.197796	0.0169921	0.0169931
0.197996	0.0169931	0.016994
0.197996	0.016994	0.0169947
0.197996	0.0169947	0.0169954
0.197996	0.0169954	0.016996
0.197996	0.016996	0.0169965
0.197996	0.0169965	0.0169969
0.197996	0.0169969	0.0169973
0.198092	0.0169973	0.0171226
0.198092	0.0171226	0.0172323
0.198092	0.0172323	0.0173283
0.198092	0.0173283	0.0174122
0.198192	0.0174122	0.0174857
0.198192	0.0174857	0.01755
0.198192	0.01755	0.0176062
0.198292	0.0176062	0.0176555
0.198292	0.0176555	0.0175735
0.198292	0.0175735	0.0175018
0.198292	0.0175018	0.0174391
0.198592	0.0174391	0.0173842
0.198592	0.0173842	0.0173362
0.198592	0.0173362	0.0172942
0.198592	0.0172942	0.0172574
0.198592	0.0172574	0.0172252
0.198592	0.0172252	0.0171971
0.198692	0.0171971	0.0171724
0.198692	0.0171724	0.0171509
0.198692	0.0171509	0.017132
0.198692	0.017132	0.0171155
0.198887	0.0171155	0.0171011
0.198888	0.0171011	0.0170884
0.198888	0.0170884	0.0170774
0.198888	0.0170774	0.0170677
0.198888	0.0170677	0.0170592
0.198888	0.0170592	0.0170518
0.198888	0.0170518	0.0170454
0.199196	0.0170454	0.0171647
0.199196	0.0171647	0.0172691
0.199196	0.0172691	0.0173605
0.199196	0.0173605	0.0174404
0.199196	0.0174404	0.0175104
0.199196	0.0175104	0.0175716
0.199196	0.0175716	0.0176251
0.199196	0.0176251	0.017672
0.199196	0.017672	0.017713
0.199196	0.017713	0.0177489
0.199197	0.0177489	0.0177802
0.199292	0.0177802	0.0178077
0.199292	0.0178077	0.0178318
0.199292	0.0178318	0.0178528
0.199496	0.0178528	0.0178712
0.199496	0.0178712	0.0178873
0.199496	0.0178873	0.0179014
0.199496	0.0179014	0.0179137
0.199692	0.0179137	0.0179245
0.199692	0.0179245	0.0179339
0.199692	0.0179339	0.0179422
0.199692	0.0179422	0.0179494
0.199692	0.0179494	0.0179557
0.199692	0.0179557	0.0179613
0.199692	0.0179613	0.0179661
0.199796	0.0179661	0.0179703
0.199796	0.0179703	0.0179741
0.199796	0.0179741	0.0179773
0.200096	0.0179773	0.0181051
0.200096	0.0181051	0.018217
0.200096	0.018217	0.0183149
0.200096	0.0183149	0.0184005
0.200096	0.0184005	0.0184754
0.200096	0.0184754	0.018541
0.200096	0.018541	0.0185984
0.200096	0.0185984	0.0186486
0.200096	0.0186486	0.0186925
0.200096	0.0186925	0.0187309
0.200097	0.0187309	0.0187646
0.200296	0.0187646	0.018794
0.200296	0.018794	0.0188198
0.200296	0.0188198	0.0188423
0.200296	0.0188423	0.018862
0.200296	0.018862	0.0188792
0.200296	0.0188792	0.0188943
0.200296	0.0188943	0.0189075
0.200583	0.0189075	0.0189191
0.200583	0.0189191	0.0189292
0.200583	0.0189292	0.0189381
0.200584	0.0189381	0.0189458
0.200584	0.0189458	0.0189526
0.200584	0.0189526	0.0189585
0.200584	0.0189585	0.0189637
0.200584	0.0189637	0.0189682
0.200584	0.0189682	0.0189722
0.200584	0.0189722	0.0189757
0.200584	0.0189757	0.0189787
0.200692	0.0189787	0.0189814
0.200692	0.0189814	0.0189837
0.200692	0.0189837	0.0189857
0.200692	0.0189857	0.0189875
0.200692	0.0189875	0.0189891
0.200887	0.0189891	0.0189904
0.200888	0.0189904	0.0189916
0.200888	0.0189916	0.0189927
0.200888	0.0189927	0.0189936
0.200888	0.0189936	0.0189944
0.200888	0.0189944	0.0189951
0.201187	0.0189951	0.0191207
0.201188	0.0191207	0.0191056
0.201188	0.0191056	0.0190924
0.201188	0.0190924	0.0190809
0.201188	0.0190809	0.0190708
0.201188	0.0190708	0.0190619
0.201188	0.0190619	0.0190542
0.201188	0.0190542	0.0190474
0.201188	0.0190474	0.0190415
0.201188	0.0190415	0.0190363
0.201188	0.0190363	0.0190318
0.201188	0.0190318	0.0190278
0.201275	0.0190278	0.0190243
0.201275	0.0190243	0.0190213
0.201275	0.0190213	0.0190186
0.201487	0.0190186	0.0190163
0.201488	0.0190163	0.0190142
0.201488	0.0190142	0.0190125
0.201488	0.0190125	0.0190109
0.201587	0.0190109	0.0190095
0.201588	0.0190095	0.0190084
0.201588	0.0190084	0.0190073
0.201787	0.0190073	0.0190064
0.201788	0.0190064	0.0190056
0.201788	0.0190056	0.0190049
0.201788	0.0190049	0.0190043
0.201788	0.0190043	0.0190037
0.201788	0.0190037	0.0190033
0.201788	0.0190033	0.0190029
0.201788	0.0190029	0.0190025
0.201788	0.0190025	0.0190022
0.201788	0.0190022	0.0190019
0.201896	0.0190019	0.0190017
0.201896	0.0190017	0.0190015
0.201896	0.0190015	0.0190013
0.201896	0.0190013	0.0190011
0.201896	0.0190011	0.019001
0.202087	0.019001	0.0191259
0.202088	0.0191259	0.0192351
0.202088	0.0192351	0.0193307
0.202088	0.0193307	0.0194144
0.202088	0.0194144	0.0194876
0.202088	0.0194876	0.0195516
0.202088	0.0195516	0.0196077
0.202088	0.0196077	0.0196567
0.202088	0.0196567	0.0196996
0.202187	0.0196996	0.0197372
0.202188	0.0197372	0.01977
0.202188	0.01977	0.0197988
0.202188	0.0197988	0.0198239
0.202188	0.0198239	0.0198459
0.202387	0.0198459	0.0198652
0.202388	0.0198652	0.019882
0.202388	0.019882	0.0198968
0.202388	0.0198968	0.0199097
0.202388	0.0199097	0.019921
0.202388	0.019921	0.0199309
0.202683	0.0199309	0.0199395
0.202683	0.0199395	0.0199471
0.202683	0.0199471	0.0199537
0.202684	0.0199537	0.0199595
0.202684	0.0199595	0.0199645
0.202684	0.0199645	0.019969
0.202684	0.019969	0.0199728
0.202684	0.0199728	0.0199762
0.202684	0.0199762	0.0199792
0.202684	0.0199792	0.0199818
0.202684	0.0199818	0.0199841
0.202684	0.0199841	0.0199861
0.202684	0.0199861	0.0199878
0.202896	0.0199878	0.0199893
0.202896	0.0199893	0.0199907
0.202896	0.0199907	0.0199918
0.202896	0.0199918	0.0199929
0.202896	0.0199929	0.0199937
0.202896	0.0199937	0.0199945
0.202896	0.0199945	0.0199952
0.202896	0.0199952	0.0199958
0.202896	0.0199958	0.0199963
0.202987	0.0199963	0.0199968
0.202988	0.0199968	0.0199972
0.202988	0.0199972	0.0199975
0.203187	0.0199975	0.0201228
0.203188	0.0201228	0.0202325
0.203188	0.0202325	0.0203284
0.203188	0.0203284	0.0204124
0.203188	0.0204124	0.0204858
0.203188	0.0204858	0.0205501
0.203188	0.0205501	0.0206063
0.203283	0.0206063	0.0206555
0.203283	0.0206555	0.0206986
0.203283	0.0206986	0.0207363
0.203487	0.0207363	0.0207692
0.203488	0.0207692	0.0207981
0.203488	0.0207981	0.0208233
0.203488	0.0208233	0.0208454
0.203583	0.0208454	0.0208647
0.203583	0.0208647	0.0208816
0.203583	0.0208816	0.0208964
0.203787	0.0208964	0.0209094
0.203788	0.0209094	0.0209207
0.203788	0.0209207	0.0209306
0.203788	0.0209306	0.0209393
0.203788	0.0209393	0.0209469
0.203788	0.0209469	0.0209535
0.203883	0.0209535	0.0209593
0.203883	0.0209593	0.0209644
0.203883	0.0209644	0.0208439
0.204096	0.0208439	0.0208634
0.204096	0.0208634	0.0208805
0.204096	0.0208805	0.0208954
0.204096	0.0208954	0.0209085
0.204096	0.0209085	0.0209199
0.204096	0.0209199	0.0209299
0.204096	0.0209299	0.0209387
0.204096	0.0209387	0.0209463
0.204396	0.0209463	0.0209531
0.204396	0.0209531	0.0209589
0.204396	0.0209589	0.0209641
0.204396	0.0209641	0.0209685
0.204396	0.0209685	0.0209725
0.204396	0.0209725	0.0209759
0.204396	0.0209759	0.0209789
0.204683	0.0209789	0.0209816
0.204683	0.0209816	0.0209839
0.204683	0.0209839	0.0209859
0.204684	0.0209859	0.0209876
0.204684	0.0209876	0.0209892
0.204684	0.0209892	0.0209905
0.204684	0.0209905	0.0209917
0.204684	0.0209917	0.0209928
0.204684	0.0209928	0.0209937
0.204684	0.0209937	0.0209945
0.204787	0.0209945	0.0209951
0.204788	0.0209951	0.0209958
0.204788	0.0209958	0.0209963
0.204788	0.0209963	0.0209967
0.204971	0.0209967	0.0209972
0.204971	0.0209972	0.0209975
0.204971	0.0209975	0.0209978
0.204971	0.0209978	0.0209981
0.204971	0.0209981	0.0209983
0.204971	0.0209983	0.0209985
0.204971	0.0209985	0.0209987
0.205092	0.0209987	0.0211239
0.205092	0.0211239	0.0212334
0.205092	0.0212334	0.0213292
0.205292	0.0213292	0.0214131
0.205292	0.0214131	0.0214864
0.205292	0.0214864	0.0215506
0.205292	0.0215506	0.0216068
0.205292	0.0216068	0.0216559
0.205292	0.0216559	0.021699
0.205583	0.021699	0.0217366
0.205583	0.0217366	0.0217695
0.205583	0.0217695	0.0217983
0.205584	0.0217983	0.0218235
0.205584	0.0218235	0.0218456
0.205584	0.0218456	0.0218649
0.205584	0.0218649	0.0218818
0.205584	0.0218818	0.0218966
0.205584	0.0218966	0.0219095
0.205584	0.0219095	0.0217958
0.205584	0.0217958	0.0216963
0.205683	0.0216963	0.0216093
0.205683	0.0216093	0.0215331
0.205683	0.0215331	0.0214665
0.205887	0.0214665	0.0214082
0.205888	0.0214082	0.0213571
0.205888	0.0213571	0.0213125
0.205888	0.0213125	0.0212734
0.205888	0.0212734	0.0212393
0.205888	0.0212393	0.0212094
0.205888	0.0212094	0.0211832
0.205983	0.0211832	0.0211603
0.205983	0.0211603	0.0211402
0.205983	0.0211402	0.0211227
0.206187	0.0211227	0.0212324
0.206188	0.0212324	0.0213283
0.206188	0.0213283	0.0214123
0.206188	0.0214123	0.0214858
0.206188	0.0214858	0.02155
0.206188	0.02155	0.0216063
0.206188	0.0216063	0.0216555
0.206492	0.0216555	0.0216986
0.206492	0.0216986	0.0217362
0.206492	0.0217362	0.0217692
0.206492	0.0217692	0.0217981
0.206492	0.0217981	0.0218233
0.206492	0.0218233	0.0218454
0.206492	0.0218454	0.0217397
0.206587	0.0217397	0.0216472
0.206588	0.0216472	0.0215663
0.206588	0.0215663	0.0214955
0.206588	0.0214955	0.0214336
0.206796	0.0214336	0.0213794
0.206796	0.0213794	0.021332
0.206796	0.021332	0.0212905
0.206796	0.0212905	0.0212542
0.206796	0.0212542	0.0212224
0.206796	0.0212224	0.0211946
0.206796	0.0211946	0.0211703
0.206796	0.0211703	0.021149
0.206796	0.021149	0.0211304
0.206796	0.0211304	0.0211141
0.206887	0.0211141	0.0210998
0.206888	0.0210998	0.0210873
0.206888	0.0210873	0.0210764
0.206888	0.0210764	0.0210669
0.206888	0.0210669	0.0210585
0.207096	0.0210585	0.0211762
0.207096	0.0211762	0.0212792
0.207096	0.0212792	0.0213693
0.207096	0.0213693	0.0214481
0.207096	0.0214481	0.0215171
0.207096	0.0215171	0.0215775
0.207096	0.0215775	0.0216303
0.207096	0.0216303	0.0216765
0.207096	0.0216765	0.0217169
0.207187	0.0217169	0.0217523
0.207188	0.0217523	0.0217833
0.207188	0.0217833	0.0218104
0.207188	0.0218104	0.0218341
0.207188	0.0218341	0.0218548
0.207696	0.0218548	0.021873
0.207696	0.021873	0.0218888
0.207696	0.0218888	0.0219027
0.207696	0.0219027	0.0219149
0.207696	0.0219149	0.0219255
0.207696	0.0219255	0.0219348
0.207696	0.0219348	0.021943
0.207696	0.021943	0.0219501
0.207696	0.0219501	0.0219563
0.207696	0.0219563	0.0219618
0.207697	0.0219618	0.0219666
0.207697	0.0219666	0.0219708
0.207697	0.0219708	0.0219744
0.207697	0.0219744	0.0219776
0.207697	0.0219776	0.0218554
0.207697	0.0218554	0.0217485
0.207697	0.0217485	0.0216549
0.207697	0.0216549	0.0215731
0.207697	0.0215731	0.0215014
0.207697	0.0215014	0.0214387
0.207697	0.0214387	0.0213839
0.207892	0.0213839	0.0213359
0.207892	0.0213359	0.0212939
0.207892	0.0212939	0.0212572
0.207892	0.0212572	0.021225
0.207892	0.021225	0.0211969
0.207892	0.0211969	0.0211723
0.207892	0.0211723	0.0211508
0.207996	0.0211508	0.0211319
0.207996	0.0211319	0.0211154
0.207996	0.0211154	0.021101
0.208187	0.021101	0.0212134
0.208188	0.0212134	0.0213117
0.208188	0.0213117	0.0213977
0.208188	0.0213977	0.021473
0.208188	0.021473	0.0215389
0.208188	0.0215389	0.0215965
0.208188	0.0215965	0.021647
0.208287	0.021647	0.0216911
0.208288	0.0216911	0.0217297
0.208288	0.0217297	0.0217635
0.208288	0.0217635	0.0217931
0.208583	0.0217931	0.0218189
0.208583	0.0218189	0.0218416
0.208583	0.0218416	0.0218614
0.208584	0.0218614	0.0218787
0.208584	0.0218787	0.0217689
0.208584	0.0217689	0.0216727
0.208983	0.0216727	0.0215887
0.208983	0.0215887	0.0215151
0.208983	0.0215151	0.0214507
0.208984	0.0214507	0.0213943
0.208984	0.0213943	0.0213451
0.208984	0.0213451	0.0213019
0.208984	0.0213019	0.0212642
0.208984	0.0212642	0.0212312
0.208984	0.0212312	0.0212023
0.208984	0.0212023	0.021177
0.209283	0.021177	0.0212799
0.209283	0.0212799	0.0213699
0.209283	0.0213699	0.0214486
0.209483	0.0214486	0.0215176
0.209483	0.0215176	0.0215779
0.209483	0.0215779	0.0216306
0.209484	0.0216306	0.0216768
0.209484	0.0216768	0.0217172
0.209484	0.0217172	0.0217525
0.209484	0.0217525	0.0217835
0.209484	0.0217835	0.0218105
0.209484	0.0218105	0.0218342
0.209583	0.0218342	0.0218549
0.209583	0.0218549	0.0218731
0.209583	0.0218731	0.0218889
0.209584	0.0218889	0.0219028
0.209783	0.0219028	0.021915
0.209783	0.021915	0.0219256
0.209783	0.0219256	0.0219349
0.210079	0.0219349	0.022068
0.210079	0.022068	0.0221845
0.210079	0.0221845	0.0222865
0.210079	0.0222865	0.0223757
0.210079	0.0223757	0.0224537
0.21008	0.0224537	0.022522
0.21008	0.022522	0.0225817
0.21008	0.0225817	0.022634
0.21008	0.022634	0.0226798
0.21008	0.0226798	0.0227198
0.21008	0.0227198	0.0227548
0.21008	0.0227548	0.0227855
0.210187	0.0227855	0.0228123
0.210188	0.0228123	0.0228357
0.210188	0.0228357	0.0228563
0.210383	0.0228563	0.0228742
0.210383	0.0228742	0.02289
0.210383	0.02289	0.0229037
0.210384	0.0229037	0.0229158
0.210384	0.0229158	0.0229263
0.210384	0.0229263	0.0229355
0.210384	0.0229355	0.0229436
0.210384	0.0229436	0.0229506
0.210492	0.0229506	0.0229568
0.210492	0.0229568	0.0229622
0.210492	0.0229622	0.0229669
0.210492	0.0229669	0.022971
0.210692	0.022971	0.0229747
0.210692	0.0229747	0.0229778
0.210692	0.0229778	0.0229806
0.210692	0.0229806	0.022983
0.210692	0.022983	0.0229851
0.210792	0.0229851	0.022987
0.210792	0.022987	0.0229886
0.210792	0.0229886	0.02299
0.210792	0.02299	0.0229913
0.210792	0.0229913	0.0229924
0.210792	0.0229924	0.0229933
0.210792	0.0229933	0.0229942
0.210792	0.0229942	0.0229949
0.210792	0.0229949	0.0229955
0.210792	0.0229955	0.0229961
0.210792	0.0229961	0.0229966
0.210792	0.0229966	0.022997
0.210793	0.022997	0.0229974
0.210793	0.0229974	0.0229977
0.210793	0.0229977	0.022998
0.210793	0.022998	0.0229982
0.210793	0.0229982	0.0229985
0.210793	0.0229985	0.0229987
0.210793	0.0229987	0.0229988
0.210896	0.0229988	0.022999
0.210896	0.022999	0.0229991
0.210896	0.0229991	0.0229992
0.210987	0.0229992	0.0229993
0.210988	0.0229993	0.0229994
0.210988	0.0229994	0.0229995
0.210988	0.0229995	0.0229995
0.211087	0.0229995	0.0231246
0.211088	0.0231246	0.023234
0.211088	0.023234	0.0233298
0.211088	0.0233298	0.0234135
0.211787	0.0234135	0.0234869
0.211788	0.0234869	0.023551
0.211788	0.023551	0.0236071
0.211788	0.0236071	0.0236562
0.211788	0.0236562	0.0236992
0.211788	0.0236992	0.0237368
0.211788	0.0237368	0.0237697
0.211788	0.0237697	0.0237985
0.211788	0.0237985	0.0238237
0.211788	0.0238237	0.0238457
0.211788	0.0238457	0.023865
0.211788	0.023865	0.0238819
0.211788	0.0238819	0.0237716
0.211788	0.0237716	0.0236752
0.211788	0.0236752	0.0235908
0.211789	0.0235908	0.0235169
0.211789	0.0235169	0.0234523
0.211789	0.0234523	0.0233958
0.211789	0.0233958	0.0233463
0.211789	0.0233463	0.023303
0.211789	0.023303	0.0232651
0.211789	0.0232651	0.023232
0.211789	0.023232	0.023203
0.211996	0.023203	0.0231776
0.211996	0.0231776	0.0231554
0.211996	0.0231554	0.023136
0.211996	0.023136	0.023119
0.211996	0.023119	0.0231041
0.211996	0.0231041	0.0230911
0.211996	0.0230911	0.0230797
0.211996	0.0230797	0.0230697
0.211996	0.0230697	0.023061
0.211996	0.023061	0.0230534
0.211997	0.0230534	0.0230467
0.211997	0.0230467	0.0230409
0.212096	0.0230409	0.0231608
0.212096	0.0231608	0.0232657
0.212096	0.0232657	0.0233575
0.212096	0.0233575	0.0234378
0.212096	0.0234378	0.0235081
0.212187	0.0235081	0.0235696
0.212188	0.0235696	0.0236234
0.212188	0.0236234	0.0236704
0.212188	0.0236704	0.0237116
0.212188	0.0237116	0.0237477
0.212188	0.0237477	0.0237792
0.212188	0.0237792	0.0238068
0.212287	0.0238068	0.023831
0.212288	0.023831	0.0238521
0.212288	0.0238521	0.0238706
0.212288	0.0238706	0.0238868
0.212592	0.0238868	0.0239009
0.212592	0.0239009	0.0239133
0.212592	0.0239133	0.0239241
0.212592	0.0239241	0.0239336
0.212592	0.0239336	0.0239419
0.212592	0.0239419	0.0239492
0.212592	0.0239492	0.0239555
0.212592	0.0239555	0.0239611
0.212592	0.0239611	0.023966
0.212592	0.023966	0.0239702
0.212692	0.0239702	0.0239739
0.212692	0.0239739	0.0239772
0.212692	0.0239772	0.02398
